22.500694 2008 395.046288 8.479720 982.146193 46.771975 0.135288 0.001474 -64.430091 1.579369 -9.479104 1.118354 41.503196 0.657338 90.140910 nan 3.871787 0.000097 719.177928 0.054140
29.500694 2008 389.168843 15.133107 1052.595414 200.537238 0.127572 0.002243 -67.211831 1.593137 -10.726774 1.280508 37.928275 0.967879 82.914744 nan 3.871792 0.000097 719.175216 0.054248
36.500694 2008 558.206488 13.318138 1536.128527 63.062985 0.136214 0.002073 -65.432091 1.572481 -9.710373 1.183358 41.551928 0.794235 85.074007 nan 3.871799 0.000098 719.171012 0.054397
43.500694 2008 692.965148 15.078962 1836.821796 57.900671 0.138996 0.002998 -63.657086 1.590074 -8.542360 1.341479 41.363908 1.092884 83.243875 nan 3.871799 0.000098 719.171013 0.054627
50.500694 2008 568.312567 11.664697 1286.973845 49.587173 0.141132 0.002691 -61.987038 1.658842 -7.240837 1.306663 42.052601 0.954484 81.286967 nan 3.871802 0.000098 719.169267 0.054833
57.500694 2008 710.334435 21.259455 2020.559177 234.156623 0.121647 0.009716 -58.092278 1.401928 -8.363514 2.511519 40.207723 3.621111 70.827619 nan 3.871804 0.000099 719.168276 0.055003
64.500694 2008 865.245994 20.165097 2306.075980 79.453724 0.144444 0.009263 -55.510405 1.685555 -4.408439 2.132503 42.018254 2.579451 72.547543 nan 3.871806 0.000099 719.167134 0.055204
71.500694 2008 1136.192333 24.916472 2930.523833 159.003538 0.143416 0.012795 -52.096273 3.084892 -1.504406 2.928339 45.912367 2.771786 72.183491 nan 3.871808 0.000100 719.166390 0.055447
78.500694 2008 810.833128 18.767336 2002.041476 111.350609 0.145940 0.009312 -49.279990 2.891660 1.375155 2.019589 44.383921 1.147518 71.379189 nan 3.871806 0.000100 719.167716 0.055604
92.500694 2008 1620.290270 37.850762 3990.769437 132.528763 0.158445 0.013132 -43.408624 3.727557 6.569217 2.433916 50.543870 1.140274 72.286970 nan 3.871802 0.000101 719.169612 0.056016
99.500694 2008 1017.836987 20.497840 2145.305521 58.254776 0.159838 0.013808 -42.743236 3.862223 8.051850 2.467671 52.024276 1.073119 73.683756 nan 3.871809 0.000101 719.166158 0.056312
106.500694 2008 652.529236 13.252813 1331.138375 59.177834 0.164005 0.016183 -43.374787 4.430585 11.047817 2.876862 56.303059 1.323140 71.014990 nan 3.871798 0.000101 719.172116 0.056512
113.500694 2008 727.040545 22.853317 2834.030654 240.840379 0.118155 0.015330 -38.562259 3.591926 12.848574 2.454164 60.597312 1.316401 70.608445 nan 3.871801 0.000102 719.170431 0.056713
120.500694 2008 860.044216 19.387718 2387.979481 84.898369 0.164614 0.016477 -38.425332 4.455774 13.663716 2.863541 64.432175 1.271308 74.899339 nan 3.871797 0.000102 719.172654 0.056961
134.500694 2008 246.494271 5.278940 580.072076 14.827901 0.110684 0.002320 -32.698603 0.807666 11.031513 1.219657 65.392427 1.631648 74.144793 nan 3.871799 0.000103 719.172052 0.057271
141.500694 2008 286.038197 6.849128 689.212139 45.823019 0.146970 0.018642 -43.594768 5.288690 13.243039 3.623753 68.016646 1.958816 68.254306 nan 3.871811 0.000103 719.165165 0.057285
148.500694 2008 210.463244 4.721374 558.395989 27.894585 0.151222 0.018660 -46.819696 5.930689 13.747784 3.748874 69.041025 1.567059 78.921418 nan 3.871811 0.000103 719.165388 0.057364
155.500694 2008 164.561311 3.832175 454.164710 26.676662 0.092667 0.037757 -67.682719 5.453867 4.467865 5.388651 65.955428 5.323434 73.376035 nan 3.871825 0.000103 719.157444 0.057387
162.500694 2008 140.125515 3.269059 432.864581 25.170463 0.145444 0.014821 -58.574519 6.008223 5.893767 4.900880 68.956400 3.793537 81.526492 nan 3.871821 0.000103 719.159557 0.057250
169.500694 2008 622.328601 13.958500 1552.671552 58.375500 0.214028 0.024687 -75.342306 9.975953 11.031862 7.327721 52.748647 4.679489 59.424651 nan 3.871835 0.000102 719.151990 0.057069
176.500694 2008 300.391686 6.473894 775.472861 30.469988 0.165821 0.019235 -60.161049 6.882779 1.567249 5.348947 54.340194 3.815116 71.698808 nan 3.871837 0.000102 719.150666 0.056987
190.500694 2008 144.677302 7.863645 1275.945875 252.309649 -4.952675 0.536881 -46.014724 3.076192 -2.784139 3.534400 42.791146 3.992609 79.644174 nan 3.871852 0.000102 719.142383 0.056641
197.500694 2008 399.358879 9.010936 1113.582146 39.534546 0.198809 0.029221 -61.273679 0.972122 -22.428095 4.449166 40.819243 7.926211 60.611800 nan 3.871869 0.000101 719.132683 0.056329
204.500694 2008 344.300424 8.634839 916.232760 54.566951 0.178283 0.023312 -63.451700 1.410221 -19.220600 4.067683 40.020065 6.725145 68.219011 nan 3.871870 0.000101 719.131901 0.056148
211.184028 2008 155.689119 3.470630 415.797328 18.262069 0.146086 0.015149 -62.605502 1.625594 -14.113083 2.765019 37.235674 3.904444 74.319481 nan 3.871834 0.000106 719.151855 0.058958
218.500694 2008 77.852420 1.795251 184.081667 5.566813 -0.671261 0.206167 -52.469945 1.722262 -15.774166 2.184094 23.054055 2.645926 42.185307 nan 3.871876 0.000100 719.128337 0.055556
225.500694 2008 430.952931 11.353577 1067.559872 69.902226 0.192064 0.021777 -60.976154 1.522473 -16.258525 3.715590 38.608633 5.908708 67.238963 nan 3.871884 0.000099 719.123746 0.055106
232.500694 2008 344.977911 10.540455 971.192039 73.778248 0.164010 0.016684 -58.036520 1.503524 -12.211977 2.945979 40.909878 4.388434 69.153301 nan 3.871882 0.000098 719.124814 0.054730
239.500694 2008 134.692865 3.049457 348.337200 13.684911 0.114316 0.002247 -53.092409 1.431973 -7.540122 1.348896 36.079085 1.265819 64.879378 nan 3.871885 0.000098 719.122969 0.054356
246.500694 2008 441.778475 16.445606 2177.209510 160.781412 0.112714 0.011239 -50.487067 3.690427 -3.364416 2.893793 42.049898 2.097160 55.333813 nan 3.871882 0.000097 719.124636 0.053840
253.500694 2008 332.414062 6.608423 781.567266 29.748215 0.148504 0.009202 -49.870975 3.086405 -1.841013 2.176429 45.359188 1.266453 72.474066 nan 3.871887 0.000096 719.122053 0.053302
260.500694 2008 304.393713 9.003771 872.005146 61.414044 0.134671 0.004404 -46.641104 1.565531 -1.096144 1.529600 47.307939 1.493670 71.593535 nan 3.871883 0.000095 719.123757 0.052861
274.500694 2008 254.106601 10.330568 1439.327245 102.718139 1.872133 0.234586 -40.303458 5.008094 17.689801 3.254126 54.398850 1.500159 29.972509 nan 3.871878 0.000093 719.126422 0.051998
281.500694 2008 452.804726 15.109735 1378.104377 123.351401 0.119445 0.013769 -39.883690 1.099533 3.922856 1.848728 52.749652 2.597922 72.782762 nan 3.871879 0.000093 719.125564 0.051561
288.500694 2008 557.447930 15.087596 1395.807837 101.143889 0.139403 0.002273 -40.528077 1.091806 6.755480 1.273856 54.639482 1.455906 79.969548 nan 3.871814 0.000092 719.161688 0.051209
294.903472 2008 178.317112 4.285146 432.998956 29.773111 0.125379 0.003587 -36.924584 1.335960 8.497243 1.532898 57.474387 1.729836 75.217978 nan 3.871666 0.000101 719.244463 0.056135
302.500694 2008 198.248330 5.432121 763.958341 51.088437 -0.134295 0.085227 -49.173533 3.481092 4.067811 4.129996 63.114074 4.778900 59.369463 nan 3.871707 0.000091 719.221674 0.050499
309.500694 2008 143.203224 4.218116 427.377328 37.819132 0.008128 0.059605 -44.542668 3.103754 5.514634 3.807117 59.409510 4.510480 69.306302 nan 3.871710 0.000090 719.219933 0.050187
316.500694 2008 451.144899 260.388807 728.306219 30.922984 0.044907 0.006562 -67.746580 5.133100 6.473269 5.183870 65.942403 5.234640 31.185833 nan 3.871715 0.000090 719.216751 0.049920
337.500694 2008 78.493030 4.270331 236.223674 37.187383 1.668056 0.134230 -50.991884 2.649005 -3.253044 2.689949 63.109361 2.730893 65.257960 nan 3.871729 0.000088 719.209074 0.049157
365.500694 2008 57.127791 2.638751 242.339204 23.531215 -187.516331 23.997869 -67.506240 3.608338 -0.876362 3.912484 41.907188 4.216629 33.457259 nan 3.871754 0.000088 719.195036 0.048826
34.500694 2009 130.286195 5.445075 554.718386 67.555324 1.916030 0.218407 -61.633847 2.662261 -9.017667 2.944892 35.455233 3.227522 61.054714 nan 3.871789 0.000089 719.175548 0.049571
41.500694 2009 72.778112 4.682276 228.652232 38.812093 -4.277387 0.232004 -58.385050 1.671966 -24.257473 1.708937 32.195578 1.745908 17.927599 nan 3.871782 0.000089 719.179235 0.049723
48.500694 2009 211.801621 6.227063 663.535828 49.745245 0.054040 0.007583 -59.786743 4.349791 -8.480045 4.365434 37.914562 4.381077 29.483382 nan 3.871793 0.000089 719.173459 0.049872
55.500694 2009 92.474068 2.873242 289.714208 23.164205 -0.446368 0.107243 -55.313141 3.574159 -4.553556 3.694235 38.092160 3.814311 19.182438 nan 3.871785 0.000090 719.177763 0.050137
62.500694 2009 71.995099 2.260315 284.323867 12.130236 -0.111986 0.046351 -51.171802 4.429034 0.965418 4.420813 38.941417 4.412592 8.640143 nan 3.871795 0.000090 719.172341 0.050405
69.500694 2009 122.576206 4.366605 448.754026 37.292771 0.220181 0.235640 -49.014273 3.887566 -1.787071 4.100680 43.825255 4.313793 34.234305 nan 3.871788 0.000091 719.175999 0.050536
76.500694 2009 139.067300 4.356130 517.045555 34.302427 -0.036607 0.022372 -45.994355 3.587342 -0.266936 3.572704 43.568311 3.558065 22.985708 nan 3.871794 0.000091 719.172731 0.050668
83.500694 2009 100.927611 3.007634 406.977869 14.881935 0.014570 0.011082 -43.395506 4.461635 -1.031738 4.416290 49.307582 4.370945 12.525609 nan 3.871787 0.000091 719.176668 0.050962
97.500694 2009 69.846459 3.855186 628.757328 63.701075 0.446222 0.192383 -44.944738 6.481986 5.769289 6.285029 56.500330 6.088072 28.297846 nan 3.871784 0.000092 719.178964 0.051479
104.500694 2009 87.667203 3.257481 357.815023 25.252940 -0.195231 0.065481 -52.915421 4.330078 3.251213 4.178989 56.728748 4.027900 19.120245 nan 3.871789 0.000093 719.175775 0.051625
125.500694 2009 115.423659 5.839916 830.609762 89.882195 1.282333 0.259485 -47.044384 5.980636 7.206904 5.626284 51.854503 5.271932 58.549080 nan 3.871790 0.000094 719.175352 0.052163
174.500694 2009 19.587441 1.201717 194.434470 14.027391 0.763782 0.217813 -65.445833 7.903090 -8.261538 8.202534 58.406001 8.501977 51.378965 nan 3.871836 0.000093 719.149798 0.051571
195.500694 2009 71.738222 2.520848 285.197069 18.531585 1.442833 0.307753 -65.950282 4.403375 -5.216405 4.766310 55.477124 5.129244 26.743871 nan 3.871860 0.000091 719.136063 0.050812
202.500694 2009 407.739271 16.791288 1900.399950 369.856732 -0.083642 0.053068 -64.135823 5.660933 -6.970020 5.844426 59.756032 6.027920 44.804710 nan 3.871860 0.000091 719.136143 0.050532
216.500694 2009 120.877467 3.572247 387.606493 31.844617 0.773148 0.318493 -60.289462 4.394263 -7.097165 4.493241 37.711349 4.592219 33.347165 nan 3.871866 0.000089 719.132434 0.049753
230.500694 2009 110.757835 4.763108 733.502569 74.025575 2.169792 0.194289 -54.331753 2.903752 15.457659 2.860047 41.814399 2.816343 33.569048 nan 3.871867 0.000088 719.131822 0.048897
237.500694 2009 47.130543 1.742850 187.540665 10.638342 -0.670370 0.125541 -52.793409 3.842879 -15.428989 4.077118 39.382950 4.311357 8.084443 nan 3.871871 0.000087 719.129715 0.048350
293.500694 2009 99.739021 4.958534 781.722571 73.594070 0.264120 0.196751 -39.681177 7.067455 5.759489 7.401264 56.580923 7.735072 56.498582 nan 3.871874 0.000081 719.127062 0.045071
300.500694 2009 122.661118 4.334320 480.076768 46.329370 -0.698985 0.142234 -45.365809 4.521218 0.848741 4.201838 62.330374 3.882458 39.044895 nan 3.871873 0.000080 719.127533 0.044820
321.500694 2009 48.121020 1.960229 220.428242 12.972806 1.236111 0.309685 -63.584856 4.809464 -5.747799 5.143176 53.007216 5.476889 44.547379 nan 3.871895 0.000079 719.115123 0.043964
328.500694 2009 49.204383 1.954432 210.784488 12.964348 -0.820765 0.127386 -57.774250 4.748966 -1.585808 4.876356 56.319358 5.003746 54.103629 nan 3.871894 0.000079 719.115952 0.043834
19.500694 2010 96.447445 3.837869 399.367043 41.731639 2.275137 0.176547 -65.792581 1.856872 -10.662052 2.140614 33.006151 2.424356 67.947025 nan 3.871733 0.000078 719.205530 0.043661
33.509028 2010 68.161608 2.772035 301.101507 23.310605 1.273211 0.315588 -61.694367 3.708774 -27.812296 3.877701 35.259914 4.046629 10.945739 nan 3.871754 0.000079 719.193644 0.044091
47.500694 2010 177.588963 6.427618 677.092439 63.437010 1.165530 0.334591 -52.145212 3.780954 -13.508168 3.971576 34.669514 4.162198 25.116479 nan 3.871739 0.000080 719.202232 0.044494
68.500694 2010 109.883682 4.292793 416.219926 36.621207 0.775101 0.298364 -44.350717 3.921296 -6.737064 3.943421 45.949333 3.965547 16.858251 nan 3.871739 0.000081 719.202577 0.045138
75.500694 2010 69.892097 2.517058 287.010083 18.031613 -0.432828 0.092176 -45.071184 4.883699 5.104283 4.731694 45.813690 4.579689 10.875759 nan 3.871739 0.000081 719.202337 0.045409
89.500694 2010 140.638435 5.516989 537.516698 64.616841 0.344634 0.283250 -49.646139 3.913030 -0.169712 4.043474 55.961324 4.173919 47.028373 nan 3.871740 0.000082 719.202027 0.045864
96.500694 2010 4420.297785 136.296024 17026.642091 897.709268 0.149190 0.014683 -40.869597 4.523453 8.075215 3.057769 57.782130 1.592086 69.758084 nan 3.871741 0.000083 719.201670 0.046083
103.500694 2010 1917.374963 71.012260 6938.376000 933.119245 0.131090 0.002915 -44.149050 0.931181 5.806726 1.309725 60.184312 1.688270 80.552202 nan 3.871742 0.000083 719.201046 0.046280
110.500694 2010 360.440391 9.324794 1321.121831 73.810803 0.117735 0.002709 -37.905548 0.739955 6.260612 1.290528 61.604660 1.841102 75.658103 nan 3.871744 0.000083 719.199886 0.046394
117.500694 2010 180.330934 4.075073 590.845410 28.329040 0.113079 0.020348 -39.020621 4.509480 10.829407 3.421381 51.404374 2.333282 45.624101 nan 3.871753 0.000083 719.195056 0.046402
124.500694 2010 1490.883215 38.096813 4106.933333 283.891314 0.166063 0.019160 -51.698704 6.405439 12.799597 4.204996 66.626725 2.004553 70.304255 nan 3.871751 0.000083 719.195970 0.046451
131.500694 2010 981.722921 22.394928 2287.631167 67.760094 0.156829 0.016419 -51.842283 5.792941 8.281178 3.562846 60.413282 1.332750 76.475263 nan 3.871761 0.000083 719.190402 0.046441
138.500694 2010 462.228872 11.437978 1319.802368 70.322492 0.138889 0.013503 -55.008113 4.864676 4.924086 3.140024 58.497658 1.415372 76.041915 nan 3.871635 0.000082 719.260418 0.045491
145.500694 2010 345.328791 16.695944 1232.269079 276.139024 0.090329 0.010388 -52.752879 3.819559 1.563893 2.917797 53.300953 2.016035 55.604836 nan 3.871774 0.000083 719.183284 0.046177
152.500694 2010 1486.973317 33.472965 3372.778324 161.822720 0.175483 0.018758 -71.032793 4.625678 -7.596628 5.507598 59.340135 6.389517 77.776524 nan 3.871776 0.000083 719.182048 0.046075
159.500694 2010 749.726995 16.923564 1682.484467 52.418712 0.143445 0.012981 -68.079068 1.501460 -10.056737 2.929099 49.036444 4.356738 80.119955 nan 3.871787 0.000082 719.175599 0.045941
166.500694 2010 489.550443 10.335298 1021.694337 48.044498 0.173232 0.021450 -68.339552 1.687462 -16.216976 3.959986 43.000899 6.232511 66.288319 nan 3.871790 0.000082 719.174013 0.045687
173.500694 2010 265.125958 5.218786 583.951672 15.921168 0.139555 0.013005 -69.123245 2.148825 -13.327906 2.823476 40.179405 3.498127 77.106909 nan 3.871802 0.000081 719.167065 0.045392
180.500694 2010 443.451906 9.312681 1114.224260 45.021327 0.204722 0.023651 -68.288478 1.311952 -21.271888 4.038621 39.512491 6.765291 70.353777 nan 3.871801 0.000081 719.167688 0.045180
187.500694 2010 233.313321 5.039121 656.960704 29.110941 0.133654 0.001975 -67.784699 1.427957 -14.572542 1.205823 36.905892 0.983689 85.186808 nan 3.871812 0.000081 719.161529 0.044949
194.500694 2010 156.906109 3.243573 397.757441 12.858426 0.146256 0.017732 -65.587271 1.483237 -18.402880 2.458953 34.301718 3.434670 66.902864 nan 3.871805 0.000080 719.165471 0.044555
208.500694 2010 328.742554 9.856244 1233.692147 73.304578 0.101273 0.037313 -62.611579 4.849450 -11.589895 4.070702 43.234960 3.291953 65.630192 nan 3.871812 0.000079 719.161611 0.043756
215.500694 2010 1231.742791 45.320839 6652.600063 655.908767 0.152667 0.013309 -60.627132 1.288383 -14.633354 2.138269 34.825096 2.988156 70.282255 nan 3.871822 0.000078 719.155975 0.043390
222.500694 2010 780.570397 21.034206 2414.038071 220.613979 0.140171 0.009285 -56.859639 1.207210 -12.334918 1.743815 35.417661 2.280420 68.947803 nan 3.871813 0.000077 719.160773 0.042872
229.500694 2010 335.791346 7.490172 994.054743 28.969425 0.129808 0.009677 -51.028389 1.198612 -10.968581 1.744168 38.053675 2.289724 62.973046 nan 3.871822 0.000076 719.155731 0.042329
236.500694 2010 512.050262 13.066311 1509.549341 74.933433 0.105350 0.021949 -50.408925 1.905187 -6.863904 1.954948 41.355286 2.004709 63.943056 nan 3.871817 0.000075 719.158289 0.041911
243.500694 2010 434.172098 9.150068 1180.513059 49.960763 0.157889 0.013368 -48.945381 1.110585 -7.708109 2.384702 42.061250 3.658819 67.118841 nan 3.871821 0.000075 719.155862 0.041573
250.500694 2010 221.172708 4.071206 457.727484 13.345212 0.132922 0.002488 -48.048503 1.007802 -3.319172 1.285666 41.910238 1.563531 69.467102 nan 3.871815 0.000074 719.159239 0.041090
257.500694 2010 178.253018 4.624906 513.324540 46.310056 0.120165 0.006842 -43.044241 1.512468 -2.646850 2.437835 43.889817 3.363202 63.548553 nan 3.871820 0.000073 719.156239 0.040611
264.500694 2010 122.125713 4.562391 473.194028 58.628215 -1.383046 0.312885 -40.726794 2.791339 3.066082 2.569382 50.280482 2.347425 62.987094 nan 3.871816 0.000072 719.158383 0.040257
285.500694 2010 457.665881 13.339159 1397.937385 93.943180 2.552371 0.413539 -40.678368 5.052034 17.237841 3.386732 54.097109 1.721429 44.212212 nan 3.871828 0.000070 719.151684 0.039249
292.500694 2010 209.042840 9.287780 668.273990 88.137507 0.022549 0.032302 -44.154353 5.100126 9.955219 4.586652 57.521418 4.073178 43.533585 nan 3.871831 0.000070 719.150077 0.038955
299.500694 2010 572.849484 15.048932 1411.763620 93.472226 0.152222 0.010250 -50.775060 0.782014 2.449561 2.367025 61.747536 3.952036 88.610937 nan 3.871838 0.000070 719.146011 0.038754
306.500694 2010 205.323077 4.716463 483.713544 23.906827 0.100720 0.002692 -40.596741 0.886820 3.384578 1.117214 50.956206 1.347608 67.590345 nan 3.871839 0.000069 719.145188 0.038469
320.500694 2010 244.558671 5.408750 616.793567 36.156018 0.138066 0.002394 -61.120486 1.311453 -0.454792 1.299480 58.381132 1.287506 94.748000 nan 3.871852 0.000068 719.137810 0.038123
327.500694 2010 116.499733 2.407572 241.930464 11.935882 0.110905 0.007061 -59.811577 3.501819 -2.940479 3.298943 52.399438 3.096068 77.397906 nan 3.871859 0.000068 719.133920 0.038059
341.500694 2010 24.551200 1.343071 208.723274 13.887584 1.132051 0.242610 -67.582905 6.663132 9.562244 6.842274 48.687333 7.021417 11.378697 nan 3.871872 0.000068 719.126789 0.037977
348.500694 2010 147.171063 5.036325 527.104031 43.476536 -0.044187 0.025779 -69.153826 5.240014 -16.124267 5.377672 56.983422 5.515329 26.525599 nan 3.871880 0.000068 719.122689 0.038056
4.500694 2011 68.096347 3.154985 219.009900 28.960366 -3.929008 0.286190 -69.465393 2.534886 23.703929 2.905176 66.199572 3.275466 66.152095 nan 3.871890 0.000069 719.116843 0.038478
11.500694 2011 172.802422 4.510819 604.640475 19.184797 0.043056 0.003863 -69.073654 4.363936 -17.051551 4.550076 32.895797 4.736217 24.440825 nan 3.871896 0.000069 719.113773 0.038705
32.500694 2011 192.317086 12.696692 799.680796 233.888691 2.204954 0.268603 -55.408604 3.735977 10.607558 3.541361 52.161535 3.346745 13.258246 nan 3.871900 0.000071 719.111360 0.039320
39.500694 2011 394.081657 10.833336 1232.556674 66.735994 0.089583 0.014474 -53.323898 4.301691 -8.770957 4.129701 41.779202 3.957711 53.338746 nan 3.871903 0.000071 719.109951 0.039571
46.500694 2011 210.165792 5.307345 500.143708 30.733186 0.109291 0.006483 -48.617356 2.859432 -8.807698 2.750586 35.743047 2.641739 56.579221 nan 3.871897 0.000071 719.113233 0.039745
53.500694 2011 113.281127 3.847904 443.968377 23.092652 0.024680 0.008262 -46.389868 3.899813 -8.636703 3.979610 38.687759 4.059406 12.009872 nan 3.871904 0.000072 719.109210 0.039929
60.500694 2011 873.941720 28.485161 3323.175333 185.454674 -1.300556 0.239128 -43.136325 0.905935 -14.067935 2.679184 43.909766 4.452433 39.472445 nan 3.871895 0.000072 719.114532 0.040227
67.500694 2011 963.144561 28.686630 2573.417047 265.474284 0.117857 0.008856 -42.797950 1.155031 -3.123567 2.016179 48.281934 2.877327 64.286869 nan 3.871901 0.000073 719.111388 0.040540
74.500694 2011 825.259819 22.457320 2564.773857 235.189013 0.129222 0.003338 -40.519370 0.761340 -0.368320 1.136396 48.094633 1.511451 70.350888 nan 3.871896 0.000073 719.113811 0.040727
81.500694 2011 255.179567 5.210971 534.015090 30.173823 0.128739 0.004041 -43.732557 1.184759 1.288583 1.407506 51.498217 1.630253 72.549011 nan 3.871903 0.000073 719.110141 0.040886
88.500694 2011 214.883003 10.639099 689.917807 158.351368 0.062666 0.006334 -35.178540 2.128235 3.189317 2.024426 46.484968 1.920617 37.538261 nan 3.871899 0.000074 719.112243 0.041116
95.500694 2011 878.768077 22.186953 2294.061977 134.641524 0.157005 0.017098 -38.405516 5.270707 8.348684 3.405293 57.965965 1.539880 66.447837 nan 3.871907 0.000074 719.107751 0.041328
102.500694 2011 757.630292 20.343519 1721.551991 176.983951 0.116762 0.019386 -45.516096 5.758287 11.304586 3.628331 59.179526 1.498376 66.357485 nan 3.871905 0.000074 719.109065 0.041348
123.500000 2011 1339.277642 31.467120 2797.080684 139.785079 0.153889 0.012313 -59.712951 4.806811 4.243605 3.051842 58.891798 1.296874 84.682797 nan 3.871724 0.000072 719.209744 0.040392
130.500000 2011 619.038202 14.586456 1451.845161 59.730866 0.127161 0.001455 -56.278130 1.161539 -0.684009 1.108778 53.587048 1.056017 87.105163 nan 3.871722 0.000072 719.210791 0.040249
137.500000 2011 390.039876 8.001885 808.726811 36.002339 0.163043 0.019099 -61.772438 1.353169 -9.835990 4.055450 51.199598 6.757732 68.728268 nan 3.871735 0.000072 719.203412 0.040039
144.500000 2011 357.088784 22.897372 1338.284596 447.065617 0.096047 0.008636 -64.884358 2.142483 -7.286841 2.074173 36.492477 2.005863 59.389334 nan 3.871738 0.000072 719.201992 0.039886
151.500000 2011 1598.311799 39.452942 4332.571357 392.341397 0.176641 0.018773 -70.632305 1.653556 -14.881039 4.088825 49.824385 6.524094 77.321172 nan 3.871742 0.000071 719.199590 0.039785
158.500000 2011 640.064374 17.108667 1620.321929 158.695889 0.138000 0.009340 -70.758951 1.730186 -12.033031 2.265168 44.279832 2.800149 83.989681 nan 3.871745 0.000071 719.197662 0.039513
165.500000 2011 257.827814 5.357756 587.727873 32.864367 0.149884 0.012811 -67.791714 1.643669 -15.387067 2.699593 39.748734 3.755518 81.059041 nan 3.871756 0.000070 719.191817 0.039192
172.500000 2011 365.230807 13.303590 1373.547550 103.857117 0.146181 0.014950 -71.983879 1.537922 -18.398959 2.983313 37.048445 4.428705 76.820234 nan 3.871754 0.000070 719.192536 0.038900
179.500000 2011 330.972995 7.997787 936.522623 39.717368 0.150000 0.013776 -68.469448 1.539942 -17.933865 2.327809 34.296533 3.115677 77.462715 nan 3.871761 0.000069 719.188603 0.038634
186.500000 2011 417.161265 12.359680 1097.713569 80.351749 0.127457 0.002688 -64.850002 1.239734 -16.371806 1.203558 31.528895 1.167382 76.689834 nan 3.871760 0.000069 719.189099 0.038244
193.500000 2011 333.232613 7.082658 872.196436 31.099367 0.168841 0.016728 -65.665544 1.385628 -18.566516 2.550856 34.015561 3.716084 73.314740 nan 3.871765 0.000068 719.186571 0.037797
200.500000 2011 409.397931 10.669231 1300.855352 91.028311 0.153222 0.013117 -61.987645 1.219004 -17.321379 2.038872 35.371661 2.858740 71.470689 nan 3.871764 0.000067 719.186694 0.037380
207.500000 2011 315.186883 7.130597 888.238689 41.410722 0.121925 0.011196 -58.545875 1.069978 -14.870525 1.396330 33.704162 1.722682 69.960572 nan 3.871768 0.000066 719.184876 0.036967
214.500000 2011 391.071200 20.070895 1408.284740 367.211663 0.062551 0.043387 -55.677912 3.146617 -10.767652 2.300778 31.013853 1.454940 62.033923 nan 3.871768 0.000065 719.184634 0.036485
221.500000 2011 599.876539 14.427708 1376.910585 144.775586 0.140535 0.002535 -55.189735 0.973918 -10.634686 1.264139 37.366557 1.554360 70.399715 nan 3.871768 0.000065 719.184593 0.036009
228.500000 2011 325.397905 6.650756 700.453814 34.087459 0.142735 0.009389 -50.793236 0.906640 -10.303428 1.655738 33.971051 2.404837 65.370343 nan 3.871769 0.000064 719.183755 0.035589
242.500000 2011 71.714669 2.201170 150.255989 16.388170 -0.025347 0.482660 -44.657183 2.491910 -8.256702 3.595406 44.494575 4.698903 54.661561 nan 3.871770 0.000062 719.182977 0.034730
248.013889 2011 171.671505 6.119773 630.692538 30.726865 0.072854 0.010159 -45.207091 4.965790 -5.774280 5.357130 40.743309 5.748471 37.134170 nan 3.871752 0.000081 719.192914 0.045365
256.500000 2011 1733.855461 46.796900 5513.795250 313.811041 0.130983 0.003978 -43.554721 1.089152 -0.987657 1.313594 44.207428 1.538037 69.648849 nan 3.871774 0.000061 719.180697 0.033976
263.500000 2011 472.219111 17.395022 1749.285732 295.721399 0.113996 0.004611 -40.608147 1.276259 0.496878 1.485177 45.213764 1.694095 63.503982 nan 3.871776 0.000060 719.179859 0.033627
277.500000 2011 796.480134 19.978223 2028.423571 193.871959 0.134295 0.002995 -47.683867 0.823269 2.043326 1.176595 53.828011 1.529922 79.551453 nan 3.871780 0.000059 719.177531 0.032959
284.500000 2011 268.327562 6.888723 739.858303 51.819627 0.112500 0.003660 -41.741690 1.072499 2.783565 1.307583 47.836902 1.542668 69.888022 nan 3.871790 0.000059 719.171643 0.032709
291.500000 2011 75.386912 1.614736 199.409291 10.698473 -0.255741 0.083996 -38.676957 3.850768 -2.177003 3.756562 46.548548 3.662355 29.199834 nan 3.871790 0.000058 719.171567 0.032450
305.500000 2011 492.443109 16.740723 1560.165567 178.562930 0.059671 0.040021 -50.151980 2.221928 -1.965426 2.799805 50.619015 3.377683 74.612966 nan 3.871798 0.000058 719.167065 0.032044
312.500000 2011 219.787698 5.086226 570.043204 41.490910 0.116975 0.002420 -53.281647 1.253667 -1.820179 1.210780 45.871792 1.167892 79.598500 nan 3.871810 0.000057 719.160260 0.031978
326.500000 2011 54.320333 1.508105 142.020524 11.119029 0.520400 0.436808 -59.009609 4.374602 -11.898209 5.842266 40.479196 7.309930 49.944836 nan 3.871823 0.000057 719.152920 0.031785
333.500000 2011 161.621907 5.014595 559.870825 43.693764 0.055631 0.013841 -66.585688 5.218656 -9.113793 5.123331 41.654026 5.028006 49.535022 nan 3.871822 0.000057 719.153491 0.031852
340.500000 2011 135.414287 4.577408 539.610289 40.301461 -0.303389 0.093018 -68.553923 4.326950 -15.196752 4.434981 38.435828 4.543013 22.468150 nan 3.871833 0.000057 719.147514 0.031999
354.500000 2011 25.485316 1.162969 149.857107 8.355326 1.716488 0.162125 -66.994102 3.429350 12.859064 4.068475 46.603958 4.707600 24.063559 nan 3.871842 0.000058 719.142586 0.032176
10.500000 2012 72.736576 2.233874 296.583104 8.065423 0.018283 0.000748 -63.770052 4.324107 -17.169981 4.471224 29.081657 4.618341 9.210837 nan 3.871842 0.000059 719.142751 0.032864
17.500000 2012 68.420848 2.347339 253.285881 15.958805 -0.222092 0.044684 -59.404031 3.062036 -10.842616 3.129343 32.132462 3.196651 17.999356 nan 3.871853 0.000059 719.136897 0.033032
24.500000 2012 804.070848 24.730822 2907.475828 281.453667 0.079122 0.021661 -55.864378 2.793827 -13.814334 2.827546 35.793954 2.861266 56.475819 nan 3.871847 0.000060 719.139979 0.033277
31.500000 2012 343.281776 8.073752 811.996638 44.643501 0.123765 0.003205 -51.104323 0.833114 -12.709554 1.184893 33.375890 1.536672 63.060260 nan 3.871854 0.000060 719.136094 0.033579
38.500000 2012 279.763201 6.598492 783.933358 36.091110 0.131070 0.002813 -48.296537 0.677570 -10.479230 1.048302 32.934277 1.419035 65.454295 nan 3.871848 0.000061 719.139687 0.033792
45.500000 2012 731.251800 23.266374 2524.633250 294.295675 0.124897 0.003615 -45.443161 0.803009 -8.014742 1.159822 38.987835 1.516636 62.485634 nan 3.871853 0.000061 719.136711 0.033982
52.500000 2012 645.363338 16.706747 1574.950036 123.914995 0.134838 0.009831 -43.013853 0.508069 -7.086227 1.426593 37.771700 2.345117 61.623347 nan 3.871850 0.000061 719.138362 0.034254
59.500000 2012 748.914942 25.573881 2256.127031 370.448534 0.130235 0.002834 -40.300903 0.344600 -4.155572 0.856989 42.647937 1.369378 66.480362 nan 3.871854 0.000062 719.136207 0.034564
66.500000 2012 1429.619951 58.870785 6029.909452 1019.639620 0.209503 0.091696 -39.037991 3.374856 -2.879705 3.718417 46.048475 4.061978 56.582639 nan 3.871852 0.000062 719.137341 0.034771
73.500000 2012 1806.419957 61.857923 7328.752464 818.025768 0.147222 0.013865 -42.863932 0.761816 -3.901921 2.469142 51.915520 4.176467 63.577528 nan 3.871858 0.000063 719.134003 0.034945
80.500000 2012 1702.360710 44.316112 4891.333321 269.405390 0.157971 0.017133 -43.102731 0.872926 -4.560479 3.175660 50.922819 5.478394 62.671105 nan 3.871855 0.000063 719.135619 0.035117
87.500000 2012 865.766085 24.325900 2928.076143 296.567438 0.132799 0.009745 -43.884136 0.952369 0.194870 2.157279 51.168002 3.362189 70.304300 nan 3.871862 0.000063 719.131748 0.035277
101.500000 2012 695.781389 19.511963 2117.773891 233.530649 0.116171 0.015426 -48.465906 4.396931 5.829951 2.833804 54.340694 1.270676 71.560830 nan 3.871870 0.000063 719.127725 0.035316
108.283333 2012 419.476339 12.194548 1215.117594 57.725367 0.154630 0.021315 -46.831980 7.378451 6.273790 4.474503 53.084313 1.570555 68.179579 nan 3.871852 0.000078 719.137331 0.043493
116.088889 2012 2447.117697 86.293098 12116.293667 633.037798 0.141035 0.015796 -68.479420 5.688360 0.535776 5.411334 53.546043 5.134309 71.589865 nan 3.871940 0.000067 719.088336 0.037448
129.500000 2012 1025.283687 26.967919 3080.318444 160.047501 0.135333 0.013705 -62.368092 1.608895 -7.007684 2.956649 45.319166 4.304403 72.511829 nan 3.871889 0.000063 719.117134 0.034962
136.500000 2012 664.906546 15.266850 1429.619196 61.028784 0.143778 0.012866 -63.104783 1.533460 -9.641054 2.859028 42.935282 4.184596 78.294348 nan 3.871896 0.000062 719.113193 0.034790
143.500000 2012 624.768095 18.693084 1406.295032 173.737267 0.138000 0.009519 -66.235455 1.579487 -10.977277 2.237396 41.221664 2.895305 83.879148 nan 3.871900 0.000062 719.110619 0.034584
150.500000 2012 255.839501 5.098625 561.856865 23.591644 0.125000 0.002259 -68.039864 1.580285 -12.208003 1.297854 40.454329 1.015424 83.222266 nan 3.871906 0.000062 719.107420 0.034316
157.500000 2012 934.857565 22.729115 2237.243920 80.990634 0.150231 0.018605 -68.173922 1.671104 -18.373180 3.177490 38.955328 4.683876 73.239904 nan 3.871907 0.000061 719.106439 0.034023
164.500000 2012 932.699276 26.371900 2724.647355 307.439855 0.131090 0.002249 -66.820853 1.455986 -15.683171 1.236701 35.606792 1.017417 82.610704 nan 3.871914 0.000061 719.102875 0.033726
171.500000 2012 1266.331410 37.384910 4417.947714 453.564774 0.150231 0.013579 -69.006899 1.492731 -18.463283 2.180025 32.674242 2.867319 76.313480 nan 3.871914 0.000060 719.102863 0.033364
178.355556 2012 507.534370 15.718799 1712.348692 269.864395 0.123333 0.002422 -65.737888 1.350027 -18.025369 1.370171 30.446592 1.390315 73.519261 nan 3.871922 0.000060 719.098386 0.033577
192.500000 2012 1614.091610 44.325228 5065.535852 341.344409 0.135470 0.009524 -59.903169 1.327518 -17.619076 1.754663 29.542921 2.181809 66.854779 nan 3.871922 0.000058 719.098254 0.032121
199.500000 2012 3340.885574 105.533769 15013.999536 994.263905 0.123765 0.004444 -58.232472 1.485979 -15.378771 1.612361 31.181891 1.738742 64.618974 nan 3.871918 0.000057 719.100360 0.031632
206.500000 2012 1773.412595 50.429781 7151.310379 355.401375 0.154556 0.013353 -59.485383 1.168480 -15.790955 1.974127 31.825495 2.779773 64.855242 nan 3.871925 0.000056 719.096507 0.031138
220.500000 2012 413.444652 9.255795 1075.734954 63.076345 0.126132 0.002289 -50.862216 1.007816 -10.534097 1.245933 30.440703 1.484049 61.505647 nan 3.871837 0.000054 719.145144 0.030367
227.500000 2012 311.137294 7.605012 833.818941 43.108287 0.122942 0.003161 -50.721980 1.017462 -8.101536 1.282148 34.628389 1.546834 60.293353 nan 3.871717 0.000054 719.211958 0.029889
234.500000 2012 362.780739 8.112325 932.228724 41.317714 0.130556 0.003537 -47.473953 1.249881 -5.160071 1.312989 35.896163 1.376097 63.962264 nan 3.871725 0.000053 719.207366 0.029407
241.500000 2012 244.409857 5.172729 588.188043 35.658076 0.134936 0.003295 -44.402302 0.779023 -4.338279 1.164715 38.774289 1.550407 66.948126 nan 3.871720 0.000052 719.210026 0.029010
248.500000 2012 993.094333 33.704499 4406.256000 450.989022 0.102991 0.006031 -38.131475 2.244237 -1.806400 2.311552 34.610269 2.378866 54.057175 nan 3.871729 0.000052 719.205007 0.028711
255.500000 2012 506.761837 11.705165 1264.077266 62.123416 0.124252 0.002018 -39.517765 0.575638 -0.893935 0.878871 41.960318 1.182104 66.639547 nan 3.871725 0.000051 719.207193 0.028329
262.500000 2012 407.415623 12.115176 947.148690 102.138828 0.130235 0.002148 -40.112717 0.480495 0.177855 0.871636 43.393255 1.262776 72.246655 nan 3.871736 0.000050 719.200864 0.027917
276.500000 2012 392.410170 15.997026 1912.484873 416.286942 0.326885 0.227628 -41.079640 3.219785 2.435626 2.966108 44.395799 2.712431 61.794114 nan 3.871743 0.000049 719.196917 0.027402
283.083333 2012 2336.310248 96.123930 13919.630056 1210.046419 0.121377 0.005284 -51.301310 2.042199 1.872844 1.929724 57.054968 1.817249 74.892736 nan 3.871758 0.000052 719.188476 0.028803
290.500000 2012 2463.154701 73.852635 9914.399857 732.829631 0.135802 0.001500 -53.454685 1.016419 0.936614 1.017256 54.941583 1.018093 86.318962 nan 3.871752 0.000048 719.192228 0.026885
304.500000 2012 778.055618 22.325198 2816.164433 162.508290 0.108539 0.003378 -55.483513 1.451521 -2.893849 1.333862 46.549307 1.216203 72.441131 nan 3.871762 0.000048 719.186210 0.026680
311.500000 2012 335.065885 7.380188 746.216276 45.503839 0.126338 0.003226 -59.484342 1.736392 -4.947552 1.398585 46.029679 1.060778 84.658210 nan 3.871762 0.000048 719.186540 0.026621
339.500000 2012 99.015669 2.198575 268.216668 4.970164 0.026111 0.018691 -62.868196 2.165042 -15.735981 2.246163 26.458342 2.327284 41.483039 nan 3.871782 0.000048 719.175121 0.026852
15.094444 2013 251.575076 8.393462 875.557523 63.713456 0.101556 0.014372 -54.885251 3.984612 -15.920370 4.378785 31.936327 4.772959 43.671345 nan 3.871742 0.000053 719.197923 0.029791
22.083333 2013 179.708927 4.785646 569.228823 32.077348 0.098611 0.009439 -51.029196 3.115629 -15.156303 3.629421 28.852205 4.143213 47.421945 nan 3.871737 0.000054 719.200447 0.030134
29.083333 2013 296.830375 9.246753 828.948470 65.959346 0.137802 0.011371 -50.207500 0.834023 -12.724946 1.630755 31.700055 2.427487 59.435933 nan 3.871726 0.000055 719.206776 0.030487
35.997222 2013 119.504057 3.718084 357.295396 34.949687 -0.092761 0.060733 -48.831147 4.653656 -6.309367 4.626228 37.975570 4.598800 24.626827 nan 3.871799 0.000056 719.166114 0.031118
50.500000 2013 119.036620 4.004658 453.384868 27.447201 0.000500 0.015774 -41.119521 3.559144 -3.027846 3.526065 37.418771 3.492985 16.905218 nan 3.871744 0.000053 719.196751 0.029693
57.500000 2013 387.083481 21.168231 1406.932130 366.088383 0.006192 0.015028 -39.132769 3.623369 -4.515477 3.767760 45.456537 3.912150 18.127737 nan 3.871747 0.000054 719.195469 0.029861
64.500000 2013 474.497934 11.038678 1288.809917 53.213757 0.151208 0.014191 -40.576251 0.561058 -4.921793 2.377096 46.027608 4.193133 62.601793 nan 3.871748 0.000054 719.194779 0.030015
71.500000 2013 188.700789 4.085847 437.944715 25.338053 0.113222 0.010613 -39.642049 1.167295 -1.401377 2.026673 44.071419 2.886052 55.452590 nan 3.871748 0.000054 719.194503 0.030012
78.500000 2013 1356.600881 42.800911 5965.163808 770.270501 0.168357 0.019480 -43.170334 5.464480 3.250450 4.572421 51.528925 3.680362 58.849193 nan 3.871751 0.000054 719.192766 0.029972
85.500000 2013 1119.114376 32.777736 3555.016069 371.522300 0.143667 0.013244 -44.429937 4.176842 4.534663 2.756830 56.668042 1.336818 67.759842 nan 3.871756 0.000054 719.190051 0.029963
92.500000 2013 876.362587 24.335576 2330.269036 258.314882 0.148444 0.013083 -51.249047 4.468219 3.880817 2.804786 55.805222 1.141353 72.817808 nan 3.871760 0.000054 719.187871 0.029861
99.500000 2013 278.708635 6.741465 834.650579 27.570849 0.101234 0.002522 -40.737861 0.935240 0.398552 0.959285 42.461771 0.983331 64.589853 nan 3.871763 0.000053 719.186067 0.029696
106.500000 2013 125.639676 3.250509 433.980462 15.437343 0.064918 0.002722 -35.486953 0.909717 -1.072960 0.949902 31.090103 0.990087 42.530982 nan 3.871769 0.000053 719.183115 0.029514
113.500000 2013 462.964392 16.537926 1855.373300 111.903622 0.090812 0.013112 -57.859904 2.732141 -3.987409 3.146078 46.251112 3.560015 50.773834 nan 3.871775 0.000053 719.179387 0.029287
120.500000 2013 1062.152401 35.184241 3208.960853 418.519328 0.148333 0.013267 -63.072519 1.693311 -8.592793 3.091735 46.870356 4.490159 78.302067 nan 3.871781 0.000052 719.176003 0.028957
127.500000 2013 603.054867 15.170193 1834.547607 119.346243 0.142889 0.012719 -61.494673 1.484094 -9.556493 2.681976 41.110924 3.879858 76.442208 nan 3.871786 0.000052 719.173491 0.028706
141.500000 2013 634.231525 20.959577 1667.686505 255.669033 0.123077 0.002459 -63.891597 1.421298 -12.946168 1.295231 36.602139 1.169164 79.893469 nan 3.871798 0.000051 719.166868 0.028183
148.500000 2013 1294.743812 33.088022 3722.306633 315.630626 0.171843 0.020843 -69.787065 2.084217 -19.141322 3.532294 38.299279 4.980372 71.824369 nan 3.871802 0.000050 719.164323 0.027834
155.500000 2013 1470.742589 45.615718 5251.042929 646.698366 0.160507 0.015760 -67.857091 1.563587 -17.578273 2.580365 39.128710 3.597142 74.814081 nan 3.871804 0.000049 719.162991 0.027422
162.500000 2013 1210.553136 34.314073 4295.457143 304.735588 0.128098 0.001945 -65.936889 1.217990 -17.335735 1.185382 29.118629 1.152774 76.109641 nan 3.871800 0.000049 719.165520 0.027040
169.500000 2013 523.885377 14.209909 1739.187900 78.342989 0.102469 0.003778 -61.357226 1.459848 -19.535506 1.498233 27.599862 1.536619 59.635215 nan 3.871812 0.000048 719.158843 0.026540
176.500000 2013 1176.685267 42.196537 3111.845182 532.249422 0.132265 0.010490 -61.440850 1.420257 -18.734004 1.810618 30.374648 2.200979 66.574708 nan 3.871814 0.000047 719.157637 0.026126
183.500000 2013 1572.118915 51.800138 6812.860000 685.024533 0.129835 0.004334 -59.112840 1.266617 -17.099086 1.574977 29.806140 1.883336 67.261267 nan 3.871813 0.000046 719.157733 0.025719
190.500000 2013 1634.863874 44.455363 5218.593103 374.033334 0.136645 0.008591 -59.332716 1.400587 -16.328095 1.742023 33.792720 2.083458 63.552112 nan 3.871814 0.000045 719.157195 0.025193
197.500000 2013 1671.928305 44.453957 5438.346700 356.531366 0.132613 0.004206 -56.245156 1.146261 -13.979488 1.520789 33.035355 1.895316 63.412298 nan 3.871817 0.000044 719.155784 0.024792
204.500000 2013 813.095023 18.903273 2171.556968 131.886302 0.133848 0.002602 -53.686795 0.935458 -13.027123 1.299863 29.309181 1.664269 62.273260 nan 3.871817 0.000044 719.155399 0.024375
211.500000 2013 291.289979 6.115605 743.498900 30.743836 0.128292 0.001852 -51.396367 0.881212 -10.905356 1.144417 27.563297 1.407622 59.716150 nan 3.871816 0.000043 719.156234 0.023887
218.500000 2013 572.204383 15.646338 1520.931946 90.286898 0.128086 0.004278 -47.913158 0.984592 -8.863304 1.393482 32.285686 1.802372 59.500892 nan 3.871818 0.000042 719.155041 0.023527
225.500000 2013 472.440606 13.455598 1132.624807 103.749630 0.119444 0.003329 -45.461704 0.938121 -6.959739 1.189472 32.556333 1.440824 56.473268 nan 3.871820 0.000042 719.153728 0.023172
232.500000 2013 585.214544 13.379798 1379.249043 56.064939 0.136325 0.002756 -43.389769 0.810055 -4.542938 1.066116 36.367400 1.322177 64.568757 nan 3.871820 0.000041 719.153687 0.022811
239.500000 2013 643.188137 17.334316 1627.161640 112.396640 0.124786 0.003085 -38.766990 0.729945 -2.890423 0.979799 37.664558 1.229653 61.727468 nan 3.871820 0.000040 719.153555 0.022546
246.500000 2013 386.256363 9.402541 955.791372 49.114861 0.127991 0.001601 -37.799703 0.388023 -1.328337 0.766658 38.376477 1.145292 65.715881 nan 3.871826 0.000040 719.150517 0.022295
253.500000 2013 145.071803 2.886674 342.914880 12.845280 0.119445 0.003135 -42.979028 0.896753 -0.175710 1.107742 42.715660 1.318731 64.257044 nan 3.871828 0.000040 719.148894 0.022031
260.500000 2013 167.867385 4.722551 548.898798 48.696876 0.124252 0.020804 -45.380343 0.697988 -0.878976 1.774205 46.148864 2.850422 71.114592 nan 3.871831 0.000039 719.147271 0.021876
281.500000 2013 532.723447 14.807183 1536.024453 177.280761 0.126646 0.004163 -54.381380 1.384271 -0.549240 1.499091 53.292347 1.613912 78.066155 nan 3.871846 0.000039 719.139006 0.021459
288.500000 2013 630.501908 18.681632 1648.912371 180.357559 0.104908 0.012948 -52.634632 1.122808 -5.977617 2.804224 45.143106 4.485640 73.520197 nan 3.871849 0.000038 719.137352 0.021375
295.500000 2013 232.608270 4.796490 539.877980 20.668340 0.115844 0.001966 -51.497600 1.239385 -3.178292 1.005164 42.127346 0.770942 75.229031 nan 3.871856 0.000038 719.133534 0.021352
302.500000 2013 242.867133 7.130524 599.438628 46.424466 0.086008 0.019761 -53.762995 1.465935 -5.098992 1.262041 37.593532 1.058146 68.710674 nan 3.871861 0.000039 719.130966 0.021458
309.500000 2013 242.691305 12.024725 711.340130 118.017743 0.012681 0.016579 -61.278139 4.697337 -7.609829 4.945943 48.656020 5.194548 38.061150 nan 3.871866 0.000039 719.127869 0.021571
316.500000 2013 649.392488 19.009879 2040.417252 246.382457 0.124145 0.003007 -63.859623 1.674450 -9.524846 1.375233 39.637187 1.076016 81.058661 nan 3.871690 0.000041 719.225919 0.022591
330.502778 2013 107.089049 2.925645 282.028543 26.578954 0.096688 0.027085 -67.320688 3.527345 -13.815515 3.630993 60.518432 3.734642 76.200265 nan 3.871684 0.000041 719.229670 0.022950
337.500000 2013 111.713789 3.641397 404.818013 26.927473 0.009533 0.017713 -67.892192 5.449727 -10.505676 5.188311 53.694451 4.926895 27.536099 nan 3.871689 0.000042 719.226617 0.023168
344.500000 2013 286.122928 9.048831 841.059119 64.670751 0.092761 0.012673 -66.630287 3.842625 -17.019291 4.067708 50.098884 4.292791 51.753485 nan 3.871690 0.000042 719.225923 0.023370
351.500000 2013 181.191529 7.421860 594.682482 73.469935 -0.655366 0.148039 -63.678119 3.919126 -15.650300 3.872811 24.296413 3.826496 20.559458 nan 3.871692 0.000042 719.224977 0.023580
358.500000 2013 57.084561 2.182191 252.845943 15.141472 -0.600053 0.134667 -59.672849 3.361133 -22.252650 3.407695 24.541877 3.454257 12.721403 nan 3.871697 0.000043 719.222317 0.023814
0.500000 2014 195.604682 7.900085 1050.076786 86.781683 166.838782 36.015451 -52.454632 1.921375 -18.152044 2.391776 35.577144 2.862176 48.793929 nan 3.871697 0.000043 719.222250 0.024099
7.500000 2014 128.589926 3.363683 438.822700 20.017652 0.045713 0.005503 -54.183775 3.384022 -17.416910 3.639322 25.617289 3.894623 20.984284 nan 3.871697 0.000044 719.222667 0.024264
34.566667 2014 43.688325 2.264100 197.282707 14.980209 -0.936550 0.150804 -43.499067 4.671825 -11.617705 4.667508 33.227471 4.663191 3.499483 nan 3.871625 0.000053 719.262519 0.029438
42.500000 2014 474.000680 11.152563 1157.061626 51.407515 0.191806 0.023328 -44.057432 0.745840 -13.469741 2.887791 31.818119 5.029742 49.221713 nan 3.871699 0.000045 719.221116 0.025230
49.500000 2014 769.001669 27.813637 4148.192556 457.472338 0.121875 0.011678 -39.082212 1.192922 -5.231598 2.235357 37.071503 3.277793 52.468637 nan 3.871702 0.000046 719.219694 0.025394
56.500000 2014 721.025477 21.107539 2630.291296 206.668868 0.114222 0.003929 -38.339582 1.154016 -1.827859 1.242976 39.893513 1.331935 57.966647 nan 3.871704 0.000046 719.218628 0.025476
63.500000 2014 243.330863 5.808722 529.362602 33.957137 0.148000 0.013611 -41.420117 3.854271 0.957231 3.396999 45.159644 2.939728 61.310301 nan 3.871705 0.000046 719.218299 0.025503
77.502778 2014 54.890438 2.415534 210.103992 24.425788 1.591964 0.161186 -41.686173 2.316759 -7.970802 2.267685 43.125386 2.218612 48.862799 nan 3.871714 0.000046 719.213016 0.025496
84.500000 2014 79.899358 2.617022 290.658119 16.018219 -0.023932 0.018842 -42.810319 4.363984 3.307908 4.295013 43.530955 4.226042 14.762702 nan 3.871717 0.000046 719.211535 0.025363
91.500000 2014 67.197970 2.610155 227.091065 15.497137 -0.362889 0.087805 -45.109817 4.941327 -2.303078 4.943117 43.628047 4.944907 8.958779 nan 3.871719 0.000045 719.210009 0.025182
98.500000 2014 203.221567 14.160351 700.538641 204.564918 -0.069136 0.038354 -48.817543 4.484850 -1.401731 4.524154 41.434192 4.563458 28.692427 nan 3.871724 0.000045 719.207239 0.024992
105.500000 2014 472.141219 14.525406 1071.568342 144.817575 0.126602 0.009163 -56.556884 1.389392 -4.112068 2.109493 45.289836 2.829595 72.124000 nan 3.871731 0.000045 719.203473 0.024813
112.500000 2014 413.034636 11.600472 953.941840 79.878458 0.128498 0.001516 -60.105160 1.370068 -4.879764 1.000107 42.437097 0.630145 82.148401 nan 3.871736 0.000044 719.200729 0.024522
119.500000 2014 449.056818 15.496276 1177.567600 123.593055 0.098667 0.035071 -60.677700 1.993093 -9.504948 2.972556 39.903972 3.952019 72.694977 nan 3.871739 0.000043 719.198800 0.024222
140.500000 2014 136.862517 6.014087 423.182566 75.267388 -2.391060 0.382828 -58.765183 3.465923 -10.038957 2.751549 32.997416 2.037175 38.893237 nan 3.871754 0.000042 719.190674 0.023248
168.500000 2014 158.706661 6.079343 624.430654 63.433305 -0.610628 0.223759 -61.628197 2.879209 -23.754019 3.192546 39.458220 3.505882 34.705480 nan 3.871765 0.000039 719.184395 0.021656
175.500000 2014 58.846867 1.913925 212.739588 13.876067 -0.944293 0.172093 -55.718908 3.547058 -24.201671 3.286687 24.224579 3.026316 19.726260 nan 3.871765 0.000038 719.184429 0.021168
189.502778 2014 31.971691 1.506588 179.472064 12.432124 -2.131161 0.180746 -53.155904 2.658995 12.436092 3.315637 49.306635 3.972280 25.584304 nan 3.871769 0.000036 719.182000 0.020327
203.500000 2014 7.996855 0.566835 82.051083 6.167781 0.368727 0.013517 -45.101515 0.219734 -27.775084 0.597822 34.410215 0.975909 15.853115 nan 3.871770 0.000035 719.181248 0.019451
210.500000 2014 39.499432 2.123507 185.902206 21.954372 -2.068954 0.190137 -45.573530 2.748921 -4.356845 2.513551 24.233980 2.278180 32.259434 nan 3.871772 0.000034 719.179930 0.019138
217.500000 2014 189.917692 5.563855 763.161182 33.097310 0.055749 0.006562 -43.197691 3.297640 -8.159174 3.450888 32.665020 3.604137 23.937060 nan 3.871774 0.000034 719.178686 0.018801
224.500000 2014 117.163171 3.739606 445.531342 27.531155 0.026089 0.006633 -39.734569 3.296023 -4.694964 3.367763 33.085820 3.439502 14.247907 nan 3.871775 0.000033 719.178255 0.018431
231.500000 2014 142.875903 5.236318 704.123492 43.394322 -0.951273 0.180949 -38.123084 3.245721 6.263727 3.087050 35.848636 2.928379 20.628910 nan 3.871777 0.000032 719.177293 0.018102
245.502778 2014 727.463914 18.252431 1674.672398 77.719996 0.127457 0.001489 -36.147313 0.422777 -0.482822 0.639673 38.933829 0.856568 65.217211 nan 3.871785 0.000032 719.172838 0.017688
252.500000 2014 416.235750 12.809532 1191.524542 172.376617 0.121091 0.002628 -41.919671 0.784069 -0.218485 0.947409 40.609500 1.110749 64.577714 nan 3.871786 0.000031 719.171966 0.017454
259.500000 2014 437.380512 14.579931 1949.852721 190.869053 -0.555555 0.201848 -35.919202 4.918744 8.287169 2.905776 39.157188 0.892808 44.749064 nan 3.871790 0.000031 719.170119 0.017269
266.500000 2014 649.626751 19.010299 1860.235303 149.275328 0.112644 0.006368 -43.429879 2.644778 0.524520 2.630344 45.140261 2.615910 65.213670 nan 3.871795 0.000031 719.167092 0.017209
273.500000 2014 676.836350 16.309014 1744.452145 50.346753 0.122942 0.001419 -44.833473 1.036560 0.001423 0.848037 44.834121 0.659514 73.647562 nan 3.871800 0.000031 719.164354 0.017127
280.500000 2014 414.555522 10.488214 981.972888 54.351128 0.117593 0.001691 -48.301322 1.141184 -1.197394 0.926828 44.568343 0.712471 72.544970 nan 3.871803 0.000031 719.162420 0.017082
287.500000 2014 557.265807 17.692847 1279.145191 164.618211 0.124486 0.001910 -59.161565 1.528381 -2.636387 1.121319 45.338192 0.714256 78.099785 nan 3.871808 0.000031 719.160038 0.017044
301.502778 2014 619.606403 15.274638 1452.001373 56.289494 0.119444 0.001784 -57.473055 1.602341 -7.403821 1.124047 37.049213 0.645754 76.317960 nan 3.871819 0.000031 719.153725 0.017280
308.500000 2014 696.006003 22.324797 2165.836738 314.930301 0.116453 0.002341 -59.719295 1.785352 -9.829389 1.423686 36.767966 1.062019 74.384531 nan 3.871822 0.000031 719.151822 0.017385
315.500000 2014 570.048121 19.021366 1713.575643 246.795535 0.119017 0.002690 -65.647062 1.958780 -12.005792 1.475256 33.864912 0.991731 75.178450 nan 3.871824 0.000031 719.150824 0.017459
322.500000 2014 738.034479 18.071056 1716.335775 66.225355 0.125427 0.002512 -65.283727 1.530571 -13.923271 1.379714 37.048502 1.228857 77.598327 nan 3.871828 0.000032 719.148641 0.017714
329.500000 2014 306.392116 7.769503 831.156778 48.277971 0.117284 0.002191 -65.236522 1.455182 -16.397065 1.263747 27.162144 1.072312 70.760884 nan 3.871833 0.000032 719.145735 0.017900
336.500000 2014 313.335222 8.196312 828.562751 59.375076 0.119650 0.003595 -63.278426 1.326766 -16.784444 1.392617 33.039184 1.458467 69.195894 nan 3.871835 0.000032 719.144613 0.018088
343.500000 2014 1096.777223 26.364902 2552.091211 116.737938 0.129012 0.003029 -61.245861 1.024933 -17.155711 1.236188 35.401210 1.447444 70.361756 nan 3.871836 0.000033 719.144299 0.018190
350.500000 2014 581.627585 14.115927 1275.678046 77.016870 0.121811 0.002448 -57.081092 0.805850 -17.602855 1.103567 27.109596 1.401284 63.690022 nan 3.871838 0.000033 719.143148 0.018449
357.500000 2014 657.163558 19.383904 2022.907107 197.412533 0.113889 0.003809 -52.763018 0.895987 -17.710314 1.353670 25.553086 1.811353 57.161117 nan 3.871843 0.000034 719.140562 0.018836
364.500000 2014 1018.623039 32.600277 2817.260226 381.327812 -13.392078 13.518254 -52.354640 0.941743 -15.354465 1.274292 31.248219 1.606842 59.718274 nan 3.871842 0.000034 719.141030 0.018925
6.500000 2015 1118.581057 40.125795 4605.447500 706.308563 0.116358 0.004249 -47.822654 0.897165 -13.954112 1.281452 32.610862 1.665739 53.083420 nan 3.871843 0.000035 719.140468 0.019267
13.500000 2015 259.167954 6.205623 547.148202 40.260760 0.132586 0.009528 -48.193734 0.894853 -13.059878 1.352297 28.311403 1.809742 53.589854 nan 3.871845 0.000035 719.139589 0.019506
20.500000 2015 138.825494 3.703466 412.116664 40.404338 -0.248932 0.111684 -44.134611 4.165882 -3.688797 3.446670 35.027141 2.727459 43.704060 nan 3.871845 0.000035 719.139226 0.019632
27.500000 2015 299.980301 7.624703 832.223137 42.213324 0.102263 0.013879 -40.343713 0.705066 -8.424541 1.517687 32.545908 2.330308 51.783946 nan 3.871845 0.000035 719.139484 0.019759
34.500000 2015 792.171501 19.030711 1905.574602 103.347821 0.147685 0.014048 -40.053504 0.665043 -8.267245 1.915195 38.532697 3.165348 52.743287 nan 3.871845 0.000036 719.139474 0.019931
41.500000 2015 283.382141 7.684167 659.131215 53.902956 0.122333 0.009696 -36.815533 0.702156 -4.646808 1.383352 32.794776 2.064547 51.214417 nan 3.871846 0.000036 719.138702 0.020118
48.500000 2015 434.833174 14.748839 1591.379665 208.983345 0.082819 0.020517 -35.250867 1.100089 -2.238647 1.318759 36.272192 1.537429 50.326451 nan 3.871851 0.000036 719.136252 0.020221
55.500000 2015 516.822761 16.320154 1363.093719 178.470871 0.135667 0.013508 -37.812416 2.710528 -0.296307 2.711845 39.005809 2.713161 53.465578 nan 3.871849 0.000036 719.137085 0.020162
60.866667 2015 1186.841941 46.409196 4675.038143 356.971921 0.138034 0.018297 -41.890608 4.943662 3.134490 3.476059 42.887519 2.008457 57.355297 nan 3.871882 0.000050 719.118610 0.027624
69.500000 2015 558.376264 13.398789 1217.633342 72.821483 0.151968 0.016283 -40.842743 4.562543 5.313645 2.688953 41.827300 0.815364 58.804457 nan 3.871666 0.000038 719.239183 0.021094
76.500000 2015 2256.831794 86.841134 13849.712105 801.698893 0.129060 0.016592 -53.388198 3.115823 -0.551734 3.469676 49.076322 3.823530 60.037552 nan 3.871671 0.000038 719.236659 0.021045
83.500000 2015 2381.658458 68.668689 9024.952214 648.090737 0.165097 0.018549 -47.666761 5.743592 6.935478 3.227827 44.019339 0.712061 60.760016 nan 3.871675 0.000038 719.234443 0.021007
90.500000 2015 791.763088 20.494647 2834.271429 114.021871 0.121902 0.009456 -46.014763 2.905642 0.690877 1.708778 41.484620 0.511915 65.759429 nan 3.871686 0.000037 719.227966 0.020704
97.500000 2015 595.411518 18.112167 2147.495250 245.482037 0.130983 0.009754 -53.175798 3.458672 -0.287568 2.209962 43.323570 0.961252 71.649774 nan 3.871682 0.000037 719.230377 0.020714
104.500000 2015 1516.661303 51.531748 6307.783333 747.900346 0.126778 0.009825 -59.289203 1.782971 -5.372451 2.186351 49.421126 2.589731 70.378734 nan 3.871686 0.000037 719.227881 0.020568
111.500000 2015 1451.861948 39.017424 4949.695250 334.540627 0.134722 0.011882 -59.266949 1.650546 -9.054438 2.862393 43.241647 4.074241 76.141563 nan 3.871692 0.000037 719.225022 0.020405
118.500000 2015 536.998990 14.124861 1822.933393 84.824360 0.111432 0.002989 -57.656998 1.558997 -9.542701 1.384302 38.901966 1.209608 69.758932 nan 3.871696 0.000036 719.222737 0.020129
125.500000 2015 458.142323 12.987202 1417.075828 134.494653 0.121795 0.002623 -58.395258 1.521853 -11.623672 1.334909 34.318755 1.147964 74.817640 nan 3.871699 0.000036 719.221071 0.019852
132.500000 2015 1076.920841 33.599564 4436.333333 375.118752 0.124778 0.010784 -62.017895 1.870518 -14.419723 2.079330 33.116372 2.288142 68.204797 nan 3.871702 0.000035 719.218878 0.019579
146.500000 2015 152.654765 3.517001 462.659529 15.179646 0.096914 0.003708 -57.696310 1.392954 -18.749797 1.653595 24.023172 1.914235 55.791585 nan 3.871709 0.000034 719.215291 0.018909
153.500000 2015 97.200051 1.953549 232.091229 10.103475 0.062449 0.007026 -58.272083 2.278988 -20.661598 2.510534 24.396678 2.742080 35.039409 nan 3.871712 0.000033 719.213712 0.018318
160.500000 2015 832.815170 22.845681 2520.383406 148.336726 0.085363 0.032620 -60.192696 1.802074 -18.951598 2.459545 36.782670 3.117016 57.537203 nan 3.871713 0.000033 719.213029 0.018190
167.500000 2015 785.294393 20.278761 1665.232674 102.651337 0.130967 0.002942 -59.547273 1.134386 -16.504632 1.318252 26.970845 1.502119 63.616381 nan 3.871716 0.000032 719.211298 0.017731
173.936111 2015 1882.889780 70.457007 10693.293353 692.830504 0.121981 0.011665 -58.256909 1.706163 -16.005252 1.967198 30.080203 2.228233 58.533245 nan 3.871674 0.000034 719.234686 0.018856
181.500000 2015 1152.067842 29.037989 4057.128571 164.779038 0.132407 0.002224 -54.929559 1.042291 -14.269619 1.285242 26.272445 1.528192 58.986544 nan 3.871718 0.000030 719.210009 0.016874
188.500000 2015 736.639739 22.383841 2169.515635 302.724761 0.122119 0.003189 -49.858056 1.169034 -12.785417 1.264952 23.084193 1.360870 53.421223 nan 3.871720 0.000030 719.208657 0.016490
195.500000 2015 1075.114468 29.878946 3089.619667 379.016286 0.134774 0.002755 -48.086192 0.949030 -10.639304 1.129897 25.707644 1.310764 56.559653 nan 3.871722 0.000029 719.207629 0.016060
202.500000 2015 815.741613 29.139343 2426.158607 470.264707 0.120726 0.002961 -44.271900 0.906097 -9.119703 1.074010 27.358142 1.241922 51.213000 nan 3.871723 0.000028 719.206905 0.015571
209.500000 2015 480.225725 10.414379 1118.599383 47.574045 0.130128 0.002659 -42.086890 0.846296 -6.704876 0.953341 29.219632 1.060385 54.890949 nan 3.871723 0.000028 719.206879 0.015417
216.500000 2015 465.371347 14.031930 1034.043056 108.443038 0.136004 0.002267 -38.249697 0.705687 -4.331057 0.864741 31.838490 1.023795 58.404603 nan 3.871726 0.000027 719.205515 0.015083
223.500000 2015 578.162737 15.825432 1637.767910 109.147378 0.127457 0.003125 -36.350135 0.807429 -2.586430 0.914078 35.064892 1.020726 57.028807 nan 3.871729 0.000026 719.203885 0.014735
230.500000 2015 2816.973619 80.462132 10132.200393 442.761361 0.122619 0.009494 -36.929710 0.630153 -1.921266 1.393111 39.492680 2.156068 58.728049 nan 3.871731 0.000026 719.202662 0.014365
237.500000 2015 1896.323657 69.745109 8518.724214 1245.300678 0.104266 0.010296 -34.980405 0.894037 -0.703030 1.384753 35.862109 1.875469 54.161155 nan 3.871732 0.000025 719.201774 0.014132
244.500000 2015 1394.865151 40.303575 5115.645897 480.394494 0.129321 0.002029 -36.464401 0.637165 0.954412 0.776812 40.328473 0.916459 65.554080 nan 3.871736 0.000025 719.199613 0.013884
250.469444 2015 2411.225661 103.167503 13111.683750 1816.192562 0.093750 0.018869 -38.887732 4.054626 3.766955 2.755362 43.480981 1.456097 58.322202 nan 3.871761 0.000029 719.185850 0.016114
258.500000 2015 1786.202752 45.545438 5778.970241 328.360027 0.132819 0.001989 -41.703978 1.088984 1.602721 0.888673 45.168803 0.688362 72.968269 nan 3.871745 0.000024 719.194926 0.013272
265.500000 2015 1272.698614 37.169716 4427.140034 478.084361 0.130967 0.002622 -48.802693 1.267580 0.674723 1.016819 44.611974 0.766059 74.896602 nan 3.871746 0.000024 719.194028 0.013234
272.500000 2015 448.416856 10.451127 1193.727900 56.099482 0.120576 0.002200 -44.751638 1.356572 -0.200649 0.963210 41.419099 0.569847 71.549392 nan 3.871751 0.000024 719.191321 0.013108
279.500000 2015 2570.675966 87.454752 10336.049481 1195.132286 0.119544 0.007824 -63.108518 2.149780 -3.650051 2.561860 49.612110 2.973939 74.052650 nan 3.871757 0.000023 719.188025 0.012950
286.500000 2015 3185.115263 86.976862 11225.067241 356.964030 0.126816 0.002259 -56.153549 1.660468 -3.748566 1.218279 45.219067 0.776089 77.610902 nan 3.871760 0.000023 719.186235 0.012907
293.500000 2015 1177.735318 34.469644 4222.219036 394.601695 0.124573 0.002100 -56.098225 1.615362 -6.335426 1.216708 40.185407 0.818054 77.105144 nan 3.871764 0.000023 719.183985 0.012876
300.500000 2015 360.014941 9.617476 1291.042800 74.586814 0.109615 0.003728 -59.438832 1.790810 -8.950464 1.617062 35.052545 1.443314 68.161143 nan 3.871769 0.000023 719.181392 0.012978
307.500000 2015 1670.521422 58.753868 8614.859056 919.706194 0.131197 0.009877 -62.771325 1.688793 -10.571022 1.999202 34.943301 2.309610 72.437386 nan 3.871773 0.000023 719.178878 0.013054
314.500000 2015 3074.012324 83.606305 10731.485929 419.404330 0.131687 0.003884 -64.372176 1.578938 -13.075878 1.425964 38.314977 1.272991 77.750186 nan 3.871776 0.000024 719.177475 0.013156
321.500000 2015 1614.342200 46.509944 6160.904750 335.002411 0.120679 0.002274 -61.920224 1.357404 -14.864231 1.272082 32.353642 1.186761 70.515074 nan 3.871779 0.000024 719.175854 0.013332
328.500000 2015 566.564901 16.977099 2520.004786 67.496865 0.097325 0.003294 -58.236192 1.419251 -17.297005 1.524115 22.774119 1.628978 56.350291 nan 3.871783 0.000024 719.173699 0.013518
335.500000 2015 473.992031 12.132471 1197.896751 69.465077 0.114609 0.004948 -57.549071 1.426773 -16.693502 1.544169 25.434929 1.661564 61.550383 nan 3.871786 0.000025 719.171993 0.013688
342.500000 2015 821.932970 18.305349 1875.170712 69.530972 0.143803 0.009515 -55.776011 0.840086 -16.296101 1.375866 29.625182 1.911645 66.530931 nan 3.871787 0.000025 719.171446 0.013810
348.008333 2015 820.990510 27.440815 2117.350739 202.293410 0.126852 0.004622 -52.774464 1.150801 -16.421205 1.688461 28.906839 2.226122 61.921279 nan 3.871792 0.000033 719.168552 0.018479
356.500000 2015 1807.961419 58.492231 8168.770593 643.280664 0.112698 0.009850 -49.429531 0.956525 -15.198449 1.442936 29.688766 1.929348 55.063340 nan 3.871788 0.000025 719.170772 0.014101
363.500000 2015 1422.082578 45.921231 5023.557179 612.116960 0.119650 0.016417 -49.281279 0.960569 -15.170928 1.848100 29.736294 2.735632 52.834839 nan 3.871793 0.000026 719.167916 0.014575
5.500000 2016 1488.875698 40.227963 4920.361893 370.356467 0.152893 0.013664 -47.120714 0.983280 -12.920654 1.659098 31.403737 2.334917 54.303863 nan 3.871793 0.000026 719.168296 0.014665
12.500000 2016 631.585057 13.946680 1672.479967 87.068733 0.133974 0.002510 -42.070599 0.830193 -9.189377 1.043676 29.181632 1.257159 55.808675 nan 3.871793 0.000027 719.167920 0.014966
19.500000 2016 845.313008 30.594258 3165.758059 475.830089 0.111556 0.004713 -39.016118 0.860847 -7.502669 1.280130 34.757585 1.699412 47.239808 nan 3.871795 0.000027 719.166802 0.015238
26.500000 2016 676.260146 16.395714 1594.542904 121.787423 0.131333 0.010648 -38.346564 1.011161 -6.288339 1.564703 33.003458 2.118245 49.962124 nan 3.871797 0.000028 719.165599 0.015461
33.500000 2016 253.253633 6.243017 647.855334 26.526300 0.125333 0.014564 -34.081827 0.878611 -6.192594 2.009380 32.828510 3.140148 43.178005 nan 3.871798 0.000028 719.165156 0.015627
40.500000 2016 480.213442 14.255341 1285.371008 154.230064 0.121296 0.014402 -35.505890 3.229240 -0.827853 3.127101 38.277987 3.024963 43.519703 nan 3.871800 0.000028 719.164238 0.015859
47.500000 2016 1621.334517 52.705985 6656.673143 703.618693 0.144111 0.012212 -40.293328 0.834051 -2.380979 2.144674 43.598566 3.455297 54.524965 nan 3.871802 0.000029 719.162843 0.015998
54.500000 2016 1480.710450 40.292875 4557.783931 268.341484 0.124177 0.001857 -38.064562 0.809337 1.114824 0.765371 39.562742 0.721405 61.862530 nan 3.871804 0.000029 719.161914 0.016048
61.500000 2016 613.906673 17.869178 2220.023000 105.211351 0.113889 0.009117 -38.677372 2.055317 2.767879 1.488534 39.388246 0.921751 54.029909 nan 3.871808 0.000029 719.159827 0.016165
68.500000 2016 1120.886667 31.600156 3975.624704 326.517173 0.118313 0.003790 -47.896953 1.397751 1.405182 1.275912 41.913572 1.154073 64.176502 nan 3.871811 0.000029 719.158335 0.016240
75.500000 2016 1154.383541 30.612087 3135.571500 198.297113 0.144000 0.012414 -50.735197 3.838526 3.194088 2.286471 42.238561 0.734416 65.497479 nan 3.871815 0.000029 719.155837 0.016258
88.733333 2016 337.881725 7.737439 741.712383 33.076941 0.130417 0.003283 -51.304895 1.742928 -1.157273 1.388613 44.016926 1.034298 76.427468 nan 3.871823 0.000033 719.151287 0.018394
96.500000 2016 827.358249 22.632676 2216.463174 194.536868 0.132556 0.009859 -52.347595 3.311511 -1.386809 2.052663 40.036976 0.793815 70.999167 nan 3.871828 0.000029 719.148538 0.016001
103.500000 2016 1078.387579 35.592699 3979.676286 462.976695 0.141898 0.013733 -54.502385 3.547927 -4.430229 3.100774 41.359635 2.653622 68.472984 nan 3.871830 0.000029 719.147541 0.015997
110.500000 2016 946.345365 26.245336 2878.128536 194.422609 0.121581 0.002732 -54.242180 1.403968 -8.308618 1.305052 38.133590 1.206136 73.026278 nan 3.871835 0.000028 719.144546 0.015792
117.500000 2016 344.121665 6.814628 640.991489 36.539712 0.134509 0.002062 -60.305219 1.446781 -10.007448 1.282218 41.572684 1.117655 79.296532 nan 3.871838 0.000028 719.143295 0.015666
124.500000 2016 1238.266929 34.694607 3678.246926 260.068373 0.124177 0.003451 -59.964632 1.392992 -12.285084 1.418854 36.683360 1.444716 72.489905 nan 3.871841 0.000028 719.141470 0.015425
131.500000 2016 3069.138122 89.304392 12050.400296 763.159309 0.124897 0.014822 -59.899844 1.245883 -15.684879 1.971233 38.308385 2.696582 68.998551 nan 3.871845 0.000027 719.139224 0.015213
138.500000 2016 1465.591310 39.681345 5395.047536 228.625542 0.125720 0.002870 -57.537516 1.337442 -15.027929 1.391305 30.492578 1.445167 68.884334 nan 3.871848 0.000027 719.137376 0.014937
145.500000 2016 660.908644 16.791350 2180.666613 97.798456 0.102593 0.012315 -57.604760 1.056772 -18.076958 1.812340 29.836181 2.567909 61.171985 nan 3.871849 0.000026 719.136618 0.014663
152.500000 2016 462.278267 9.757519 878.816338 49.308108 0.140064 0.009491 -57.631163 1.060419 -16.658268 1.613482 27.390534 2.166545 63.979114 nan 3.871851 0.000026 719.135581 0.014383
159.500000 2016 863.497359 25.968326 2397.140023 292.944676 0.126132 0.004007 -58.680742 1.208983 -15.432198 1.530979 32.600951 1.852975 60.609355 nan 3.871854 0.000025 719.133958 0.014040
166.500000 2016 547.873191 13.439261 1154.595886 75.082146 0.129938 0.002791 -56.539441 1.127442 -14.932121 1.351678 27.036041 1.575915 58.740228 nan 3.871856 0.000025 719.132716 0.013710
173.500000 2016 309.393007 6.856625 653.808500 37.682738 0.131173 0.002922 -52.178917 1.060372 -13.178505 1.282213 27.755946 1.504055 56.369905 nan 3.871857 0.000024 719.132418 0.013399
178.786111 2016 348.888992 10.753085 1006.646436 42.948716 0.139881 0.002359 -49.898040 1.468321 -11.264112 1.601517 24.837051 1.734713 58.754151 nan 3.871855 0.000032 719.133559 0.018105
187.500000 2016 345.111895 13.374612 1163.825987 203.727943 0.120620 0.006552 -45.306539 2.008633 -9.560134 2.051637 27.113718 2.094642 48.915409 nan 3.871681 0.000021 719.230368 0.011472
194.500000 2016 817.390135 18.318004 1957.550900 59.047310 0.145222 0.009869 -41.470587 0.821956 -8.126847 1.196375 25.673976 1.570795 53.339882 nan 3.871683 0.000020 719.229373 0.011168
201.500000 2016 410.940360 9.576278 1113.809437 54.278780 0.124679 0.003989 -38.319282 1.084578 -6.062384 1.130368 26.078276 1.176158 50.614581 nan 3.871683 0.000019 719.229043 0.010837
208.500000 2016 749.937110 20.506785 1887.528045 125.842451 0.121193 0.009059 -35.372336 0.689393 -4.522865 1.291974 30.023809 1.894554 51.745027 nan 3.871684 0.000019 719.228360 0.010575
215.500000 2016 1004.500108 29.554743 2647.947938 282.076050 0.130864 0.002496 -35.597803 0.659298 -1.883702 0.702960 31.523452 0.746623 55.438243 nan 3.871690 0.000018 719.225299 0.009952
222.500000 2016 1316.158415 29.717322 2823.122000 106.160641 0.136317 0.001898 -34.677335 0.491487 -0.224827 0.624457 36.646073 0.757427 59.654832 nan 3.871690 0.000018 719.225236 0.009955
229.500000 2016 637.295309 15.249892 1446.135465 80.214212 0.126646 0.002088 -34.185651 0.644830 1.012028 0.651166 36.802933 0.657503 58.668471 nan 3.871691 0.000017 719.224453 0.009654
236.500000 2016 699.657358 20.583562 1895.868747 218.277859 0.123457 0.003522 -35.567843 1.070571 2.168661 1.026174 40.783055 0.981777 60.098589 nan 3.871693 0.000017 719.223681 0.009469
243.500000 2016 1289.116193 51.879681 5479.972263 1001.590768 0.121230 0.004931 -37.461881 2.881319 3.586199 1.896559 46.462814 0.911800 61.703742 nan 3.871698 0.000016 719.220471 0.008962
257.500000 2016 1288.157061 37.504198 4644.285786 251.405511 0.118930 0.002017 -41.036801 1.219164 1.840461 0.884309 41.468083 0.549455 66.166650 nan 3.871703 0.000015 719.217606 0.008470
264.500000 2016 489.620488 12.165197 1193.052589 102.870249 0.128601 0.003470 -45.947027 1.570377 1.147477 1.182987 43.560361 0.795598 72.945778 nan 3.871701 0.000015 719.219136 0.008415
271.500000 2016 2560.267981 82.252992 9871.492143 710.980792 0.129060 0.003359 -55.463074 2.001067 -0.794484 1.378505 45.692605 0.755942 74.922892 nan 3.871712 0.000014 719.212894 0.007998
278.500000 2016 2780.356461 76.344817 9118.399893 389.148734 0.128739 0.002270 -53.670112 1.519255 -2.711624 1.181601 43.515392 0.843946 76.057196 nan 3.871715 0.000014 719.211207 0.007812
285.500000 2016 1580.480050 49.982997 6339.233179 665.205812 0.121581 0.002888 -55.839730 1.626334 -4.718173 1.336586 38.331501 1.046838 72.990317 nan 3.871717 0.000014 719.209763 0.007690
292.500000 2016 1952.123473 45.241587 5568.352393 199.660122 0.142521 0.002406 -59.748691 1.535977 -6.582372 1.164225 42.924379 0.792473 83.763587 nan 3.871721 0.000014 719.207513 0.007603
299.500000 2016 2785.067993 90.528379 10541.589040 967.037858 0.123611 0.003834 -60.013341 1.881031 -9.789718 1.490361 35.738375 1.099692 73.259325 nan 3.871726 0.000014 719.205188 0.007534
306.500000 2016 2410.037552 67.467828 8523.581143 472.223444 0.128704 0.002821 -60.368426 1.403754 -10.728133 1.325109 37.105843 1.246465 74.738224 nan 3.871729 0.000013 719.203501 0.007506
313.500000 2016 922.526654 25.589030 3184.950516 205.619948 0.116872 0.003384 -58.576210 1.560002 -12.653742 1.349207 30.139777 1.138412 66.874672 nan 3.871731 0.000014 719.202212 0.007554
320.500000 2016 550.628619 12.205547 1457.386845 44.191650 0.135700 0.002851 -58.259442 0.880437 -13.934656 1.106954 33.543309 1.333470 73.274827 nan 3.871735 0.000014 719.200220 0.007613
327.500000 2016 620.257297 19.714227 1602.203566 164.236220 0.116468 0.005224 -54.740719 2.899218 -13.144702 2.312348 37.667913 1.725478 61.294054 nan 3.871738 0.000014 719.198116 0.007687
341.500000 2016 562.071988 13.979412 1445.443426 79.737526 0.095093 0.015353 -50.649002 0.736663 -16.218517 1.392276 32.093589 2.047889 55.802585 nan 3.871744 0.000015 719.195159 0.008107
348.500000 2016 644.492377 13.843965 1599.797582 46.548063 0.142842 0.009113 -51.108940 0.923811 -14.276351 1.315093 28.760807 1.706376 58.543137 nan 3.871747 0.000015 719.193255 0.008293
355.500000 2016 900.681848 28.988122 3776.754526 395.643499 0.132523 0.010458 -48.287700 1.042137 -13.476629 1.435704 34.029958 1.829271 52.238845 nan 3.871747 0.000015 719.193529 0.008311
362.500000 2016 1222.768347 28.185438 2751.087256 116.164452 0.142556 0.016733 -45.339996 0.968158 -12.899493 1.836366 30.384482 2.704574 51.126176 nan 3.871748 0.000015 719.192904 0.008509
