335.415185 2014 303.992808 10.261185 888.132203 96.420374 0.114379 0.004918 -48.963276 1.453335 -0.070564 2.657326 59.440235 3.861317 77.437127 nan 3.871730 0.000033 719.203271 0.018200
350.500868 2014 546.698110 13.138736 1233.912195 70.783648 0.122863 0.001845 -42.343967 0.554268 8.415964 1.088922 67.462974 1.623577 85.527638 nan 3.871674 0.000027 719.234502 0.014969
357.500868 2014 663.887154 20.253084 2112.096296 201.377472 0.104424 0.009295 -44.293657 2.913110 7.555852 2.155600 57.706153 1.398090 76.581619 nan 3.871678 0.000027 719.232297 0.014847
364.500868 2014 936.210233 24.998472 2695.137966 259.798498 0.127778 0.002651 -61.932575 1.441849 2.960411 1.481008 57.763591 1.520166 89.923913 nan 3.871678 0.000027 719.232208 0.014833
6.500868 2015 1045.195315 31.731685 4197.895214 362.666917 0.119124 0.002533 -52.628722 1.424155 -0.029752 1.382484 62.234762 1.340814 83.732957 nan 3.871691 0.000026 719.224758 0.014408
13.500868 2015 257.260216 6.453285 575.953761 45.243090 0.125000 0.001840 -58.546909 1.210575 -3.360130 1.141117 49.399620 1.071658 86.928251 nan 3.871692 0.000026 719.224017 0.014236
20.500868 2015 136.148127 3.631998 431.309998 40.182640 -0.605453 0.207102 -60.694111 3.032107 -7.292517 3.249451 48.020594 3.466795 72.580342 nan 3.871694 0.000026 719.223020 0.014372
27.500868 2015 294.749699 7.496878 832.106527 44.154706 0.121193 0.001327 -58.373677 1.412956 -6.213046 1.016084 39.222017 0.619213 81.794099 nan 3.871696 0.000027 719.221959 0.014901
34.500868 2015 762.946383 18.068975 1802.374807 79.238436 0.128910 0.002274 -58.731821 1.639025 -6.654125 1.240289 43.170210 0.841554 84.563875 nan 3.871701 0.000027 719.219151 0.015159
41.111979 2015 290.098331 8.310122 721.057564 63.441428 0.117361 0.002844 -58.230144 1.686215 -7.780329 1.345999 37.487515 1.005783 75.274046 nan 3.871703 0.000028 719.217981 0.015794
48.500868 2015 396.460608 13.707126 1351.513388 175.008205 0.095885 0.005974 -51.624967 2.115521 -7.193022 2.156307 35.006114 2.197094 59.946618 nan 3.871708 0.000025 719.215141 0.013871
55.500868 2015 760.251305 27.591470 2110.452249 313.751136 0.121065 0.003398 -51.714477 1.709117 -5.782372 1.401440 37.878206 1.093763 72.350926 nan 3.871710 0.000025 719.214372 0.013944
62.500868 2015 43048.456490 660.971465 72421.144706 2317.702098 0.413889 nan -53.411100 nan -46.293937 nan -39.176774 nan 14.234326 nan 3.871712 0.000028 719.212962 0.015349
69.500868 2015 14257.213590 338.473072 38158.155135 2696.622901 -0.019792 0.048728 -50.386390 2.712261 -23.608329 7.384842 51.528344 12.057424 45.506985 nan 3.871717 0.000026 719.210476 0.014502
76.500868 2015 1344.859259 49.144158 7826.561368 507.174105 0.126505 0.010944 -48.845241 2.871048 0.721131 2.183193 40.985912 1.495339 62.817528 nan 3.871719 0.000026 719.209361 0.014220
90.500868 2015 464.999011 11.840515 1628.338143 58.664216 0.108226 0.002132 -36.871664 1.437646 4.554619 1.329739 47.303878 1.221833 60.218115 nan 3.871723 0.000024 719.207034 0.013182
104.500868 2015 973.600277 32.791918 3961.439333 509.884771 0.111523 0.003127 -34.311422 1.397689 8.622994 1.394102 51.965738 1.390516 63.150835 nan 3.871729 0.000026 719.203667 0.014242
110.525868 2015 1047.095469 31.393726 3505.168238 173.132788 0.122369 0.003402 -36.277208 1.392159 10.273372 1.417339 55.096031 1.442519 69.980299 nan 3.871716 0.000029 719.211138 0.016318
118.500868 2015 1308.299219 29.092802 3348.533364 315.926334 0.314706 0.077982 -67.428908 9.509154 16.582976 10.343604 59.031651 11.178053 20.403510 nan 3.871735 0.000025 719.200112 0.013963
125.500868 2015 303.128761 8.344716 887.545533 84.627383 0.110288 0.011320 -58.601313 2.498796 11.077001 3.362078 60.787462 4.225360 62.160296 nan 3.871739 0.000025 719.197942 0.013932
132.500868 2015 716.569978 22.487581 2619.706628 261.488771 0.110905 0.004684 -34.113851 1.848528 13.866381 1.779484 63.433063 1.710439 70.395044 nan 3.871743 0.000025 719.196085 0.013910
139.500868 2015 392.255973 10.386907 1067.329508 109.921978 0.119650 0.002112 -34.146721 0.854998 13.091811 1.179344 64.643682 1.503691 78.388887 nan 3.871744 0.000025 719.195035 0.013888
146.500868 2015 86.349484 1.985391 258.224407 8.061269 0.043004 0.003157 -27.777285 1.536932 12.868400 1.496074 44.140783 1.455216 29.320715 nan 3.871748 0.000025 719.193259 0.013889
160.500868 2015 530.597282 14.653276 1582.750561 126.680101 1.093961 0.435408 -40.686563 5.183972 16.258815 3.290693 64.893346 1.397413 69.363769 nan 3.871757 0.000024 719.188056 0.013420
167.500868 2015 479.706767 12.769816 1028.087949 79.201274 0.121902 0.001851 -45.828497 0.950903 6.565714 1.336662 68.616382 1.722422 85.878003 nan 3.871761 0.000024 719.185818 0.013326
172.911979 2015 848.517250 44.158466 5264.366570 856.576856 0.114317 0.022966 -58.957989 7.013794 3.455715 7.197890 66.792316 7.381985 60.822967 nan 3.871827 0.000032 719.148965 0.017818
188.502153 2015 457.710647 14.171407 1551.410764 224.763168 0.113580 0.002544 -58.570661 1.533429 -2.765160 1.384767 50.043561 1.236104 80.142707 nan 3.871776 0.000023 719.177109 0.012648
195.502153 2015 688.335886 19.767150 2022.528546 272.558588 0.135256 0.008870 -63.978490 1.598938 -6.357518 2.426646 51.747838 3.254355 84.512677 nan 3.871780 0.000022 719.175080 0.012536
202.502153 2015 460.737587 16.327889 1432.789318 278.903086 0.109465 0.003669 -63.047278 1.925071 -6.922328 1.618916 43.812044 1.312762 75.267087 nan 3.871786 0.000022 719.171604 0.012317
209.502153 2015 289.264704 6.204159 673.608633 28.004105 0.121914 0.002460 -65.498459 1.850218 -7.776876 1.439473 41.906013 1.028729 81.692913 nan 3.871789 0.000022 719.170282 0.012190
216.502153 2015 292.767546 9.638334 665.502233 78.530523 0.126338 0.002469 -64.750194 1.615675 -9.096254 1.149001 38.343457 0.682327 81.743972 nan 3.871792 0.000021 719.168163 0.011742
223.502153 2015 351.221035 9.991374 942.308996 72.121363 0.127885 0.008882 -60.279324 1.408195 -9.746759 1.890064 35.486570 2.371933 73.034384 nan 3.871796 0.000020 719.166219 0.011234
230.502153 2015 1676.335250 46.623667 6003.495286 255.229017 0.142940 0.013517 -58.614285 1.495990 -10.137276 2.494606 36.544078 3.493221 70.519181 nan 3.871799 0.000020 719.164525 0.011028
237.502153 2015 1126.541465 38.484926 5081.447821 490.264976 0.117111 0.010094 -54.886772 1.890565 -7.958801 2.186605 37.234769 2.482646 62.109697 nan 3.871803 0.000019 719.162461 0.010721
244.502153 2015 834.839710 23.848339 3072.019036 290.968157 0.124466 0.002765 -52.049148 1.464394 -5.471957 1.167399 38.300369 0.870403 70.875979 nan 3.871805 0.000018 719.160810 0.010197
251.502153 2015 1504.314931 51.160599 7716.016250 665.434286 0.118483 0.004336 -48.778528 1.466583 -3.242009 1.366793 43.902137 1.267003 65.870564 nan 3.871807 0.000017 719.159716 0.009706
258.502153 2015 1045.344826 26.421312 3360.552357 205.653292 0.135222 0.009424 -45.937497 2.862439 -0.459544 2.067004 44.906070 1.271569 67.043620 nan 3.871813 0.000017 719.156545 0.009220
265.502153 2015 792.989365 23.746687 2782.735714 323.275641 0.125534 0.002911 -44.669869 1.299759 0.814637 1.278941 46.982291 1.258123 68.149650 nan 3.871813 0.000016 719.156417 0.009185
272.502153 2015 259.414742 6.054751 701.466667 37.437055 0.108868 0.004036 -39.866398 1.581645 2.861844 1.596400 46.638773 1.611155 59.769923 nan 3.871816 0.000016 719.155157 0.008814
279.502153 2015 1505.277544 50.081437 5902.866692 677.036965 0.119753 0.004987 -44.830367 1.602026 4.944838 1.703365 53.646443 1.804705 65.462252 nan 3.871818 0.000015 719.153510 0.008398
286.502153 2015 1885.591817 51.030213 6585.523893 233.456678 0.113294 0.008163 -36.208705 2.638432 8.330734 1.956919 53.158806 1.275405 65.689352 nan 3.871822 0.000015 719.151539 0.008120
293.502153 2015 739.032087 22.005344 2621.464250 246.454274 0.118004 0.002500 -34.907656 1.166690 9.237960 1.289701 56.462435 1.412713 68.159942 nan 3.871832 0.000013 719.145642 0.007025
300.502153 2015 210.069190 5.602042 727.059790 45.231066 0.086625 0.004413 -28.841301 1.511410 11.212612 1.675869 51.848525 1.840328 52.296919 nan 3.871836 0.000012 719.143582 0.006813
307.502153 2015 925.051438 36.158329 4987.494632 984.052163 0.103968 0.008451 -34.455831 2.653705 12.744714 2.362353 62.153245 2.071001 66.810757 nan 3.871840 0.000012 719.141205 0.006588
314.502153 2015 1824.840518 48.919819 6298.885679 215.728126 0.136004 0.010567 -36.257035 2.667871 13.407554 2.304696 64.336226 1.941521 77.229787 nan 3.871844 0.000012 719.139418 0.006432
321.502153 2015 926.556140 26.442278 3405.909500 208.343062 0.115123 0.002260 -35.184363 0.698960 11.809567 1.179545 63.309549 1.660129 76.108875 nan 3.871847 0.000011 719.137386 0.006282
328.502153 2015 322.707314 9.587520 1418.992857 36.924750 0.086859 0.002889 -25.330949 0.979592 11.216104 1.276690 54.625039 1.573788 59.063631 nan 3.871852 0.000011 719.134535 0.006109
335.502153 2015 314.079022 10.321459 791.325410 65.327495 0.111004 0.004961 -37.608101 1.812659 9.223989 2.053182 62.868208 2.293704 76.718200 nan 3.871857 0.000011 719.132004 0.005990
342.502153 2015 491.506393 11.159468 1157.430662 39.500704 0.127350 0.002215 -54.697062 1.019091 5.966524 1.290037 59.237757 1.560983 88.846836 nan 3.871859 0.000011 719.130551 0.005945
349.502153 2015 390.903011 10.367736 967.880727 81.588693 0.122222 0.002275 -50.437577 1.213889 4.253357 1.276132 57.399522 1.338376 86.028351 nan 3.871663 0.000009 719.239857 0.005223
356.502153 2015 1099.513784 37.451626 5260.706148 605.886259 0.113889 0.003020 -46.978024 1.328134 1.107111 1.386219 50.656879 1.444304 80.167453 nan 3.871666 0.000009 719.238430 0.005194
363.502153 2015 829.693632 26.387029 2798.859464 350.570924 0.117163 0.008518 -65.835846 1.761916 -4.054785 2.386704 51.901671 3.011493 85.949428 nan 3.871673 0.000009 719.234202 0.005031
5.502153 2016 903.817219 24.662056 2952.314357 245.737975 0.127984 0.001195 -59.063490 1.302317 -5.089238 1.029462 45.753217 0.756608 89.276013 nan 3.871675 0.000009 719.233383 0.005012
12.502153 2016 374.692754 8.076361 944.793556 43.288903 0.125103 0.001501 -63.203542 1.533949 -7.364310 1.088298 42.513830 0.642647 86.227037 nan 3.871678 0.000009 719.231726 0.004906
19.502153 2016 527.275505 19.055259 2065.210277 336.825466 0.105144 0.004340 -62.022519 2.085084 -8.738649 1.735196 38.142109 1.385308 71.242072 nan 3.871682 0.000009 719.229482 0.004769
26.502153 2016 403.369850 9.677133 908.235690 74.225357 0.125321 0.011043 -62.941546 3.895406 -8.614518 2.799485 38.435981 1.703563 73.712473 nan 3.871686 0.000008 719.227238 0.004620
33.502153 2016 146.720497 3.766043 395.760784 20.086634 0.099486 0.004705 -57.006804 2.288431 -10.053556 1.793197 33.136400 1.297963 64.211327 nan 3.871688 0.000008 719.225882 0.004505
40.502153 2016 286.098343 8.166824 742.616261 53.188646 0.015850 0.032282 -58.265841 2.987295 -9.353240 2.668171 32.771446 2.349046 65.102223 nan 3.871692 0.000008 719.223866 0.004348
47.502153 2016 1012.588634 32.848079 4409.031632 433.981300 0.122942 0.002752 -58.476236 1.565436 -8.420802 1.384553 37.841352 1.203669 73.657126 nan 3.871696 0.000008 719.221879 0.004199
54.502153 2016 850.750871 23.036248 2635.323893 155.490969 0.116872 0.002049 -55.459933 1.462340 -7.360686 1.225863 34.684649 0.989387 68.416725 nan 3.871697 0.000007 719.220975 0.004123
61.502153 2016 905.626876 36.088719 2860.598250 407.242633 0.122947 0.015389 -46.085928 1.356810 -5.209529 2.472024 54.081781 3.587238 53.908906 nan 3.871702 0.000007 719.218421 0.003959
68.502153 2016 2144.805762 97.521301 7345.701069 1817.929564 0.160354 0.035007 -50.603507 6.356742 -0.210585 5.748152 52.913778 5.139562 44.664710 nan 3.871705 0.000007 719.216650 0.003853
75.502153 2016 719.066261 19.026501 1937.839990 133.063983 0.120726 0.003255 -47.444760 1.578525 -1.241669 1.385398 40.885351 1.192271 66.874036 nan 3.871709 0.000007 719.214330 0.003732
82.502153 2016 560.393935 15.547634 1539.119050 134.053931 0.114198 0.002024 -42.645878 1.270721 1.741281 1.230843 42.797614 1.190966 63.409538 nan 3.871711 0.000007 719.213510 0.003695
88.541042 2016 219.656051 5.696031 473.809606 30.926270 0.117544 0.004217 -44.086593 1.864647 3.948985 1.816221 47.396857 1.767794 65.363848 nan 3.871704 0.000008 719.217155 0.004356
96.502153 2016 5558.209144 151.146422 14144.062450 1325.935526 0.920833 0.548611 29.012871 10.176063 44.294253 7.179673 53.582854 4.183282 10.210638 nan 3.871722 0.000006 719.207333 0.003597
103.502153 2016 964.230926 29.645753 3744.167418 443.303784 0.140333 0.011377 -39.021462 2.501603 9.623658 1.986162 54.861978 1.470720 68.682998 nan 3.871722 0.000006 719.207382 0.003597
110.502153 2016 594.698985 16.544011 1748.317252 144.492568 0.115535 0.002795 -37.105013 1.196621 9.750410 1.196314 54.414331 1.196008 69.195539 nan 3.871727 0.000006 719.204603 0.003586
117.502153 2016 222.078820 4.226805 411.049710 17.410964 0.134829 0.009053 -38.857327 2.091786 10.492063 1.694531 59.468960 1.297276 75.623790 nan 3.871729 0.000007 719.203436 0.003632
124.502153 2016 801.151543 22.192880 2184.797794 207.344979 0.129444 0.009577 -35.433427 2.427457 11.185833 1.959069 62.013975 1.490682 73.964084 nan 3.871733 0.000007 719.200967 0.003648
131.502153 2016 1806.544857 50.883988 6474.623893 346.514426 0.125107 0.003890 -40.186170 1.307610 10.999369 1.571334 66.754064 1.835059 81.581536 nan 3.871737 0.000006 719.198591 0.003619
138.502153 2016 866.370752 22.998158 3105.976179 137.121294 0.128444 0.009040 -36.779343 2.580361 11.303966 2.087302 66.168288 1.594244 77.904374 nan 3.871741 0.000006 719.196576 0.003614
145.502153 2016 391.135805 9.731547 1258.688194 50.120743 0.118778 0.010119 -36.856878 2.663492 9.524238 2.210872 65.984730 1.758252 72.931977 nan 3.871744 0.000006 719.195088 0.003613
152.502153 2016 277.968543 5.786062 515.169223 28.645974 0.134000 0.009125 -45.635975 3.102617 7.698284 2.337684 67.428939 1.572751 83.980085 nan 3.871747 0.000006 719.193081 0.003552
159.502153 2016 528.659836 15.808574 1499.457157 177.859105 0.117628 0.003739 -50.546021 1.740512 3.520372 1.804417 62.847520 1.868323 82.838471 nan 3.871752 0.000006 719.190608 0.003461
166.502153 2016 339.690914 8.348778 722.508660 49.417145 0.139111 0.012512 -52.816470 4.604424 4.565444 2.925001 57.912291 1.245578 78.727454 nan 3.871755 0.000006 719.188616 0.003361
173.502153 2016 192.402544 4.317293 420.086313 29.086393 0.136889 0.013579 -58.149933 3.799327 -3.525671 4.209183 54.297870 4.619040 76.438464 nan 3.871758 0.000006 719.186948 0.003256
180.502153 2016 165.249944 3.879726 469.153081 25.467569 0.161715 0.018647 -62.929121 1.476711 -11.473184 3.948174 48.786999 6.419637 70.287681 nan 3.871762 0.000006 719.185029 0.003114
194.502674 2016 495.842599 10.908144 1169.592996 38.189917 0.189286 0.022847 -69.275377 1.245005 -17.119968 4.084052 41.105281 6.923100 63.270726 nan 3.871770 0.000005 719.180565 0.002758
201.502674 2016 236.437866 5.593422 670.326139 32.527773 0.066358 0.037864 -66.727120 1.845135 -12.643165 2.468948 38.371523 3.092762 76.731663 nan 3.871772 0.000005 719.179000 0.002577
207.908229 2016 474.553657 14.419895 1290.266624 80.170709 0.128889 0.011188 -65.447185 1.927057 -11.530593 2.137599 35.385530 2.348140 74.755728 nan 3.871783 0.000005 719.173208 0.002654
215.502674 2016 610.215380 17.516886 1702.811562 183.247155 0.151042 0.015580 -62.761269 1.518643 -14.056043 2.694899 37.761534 3.871155 70.198044 nan 3.871784 0.000004 719.172822 0.002165
222.502674 2016 770.181364 17.099978 1647.812667 59.580309 0.140556 0.009256 -59.516498 1.258023 -11.042421 1.860954 41.928786 2.463884 76.610473 nan 3.871783 0.000004 719.172839 0.002151
229.502674 2016 372.009122 8.788931 849.216700 49.400791 0.119338 0.002631 -55.891397 1.453234 -9.898265 1.282168 35.843714 1.111103 70.131807 nan 3.871786 0.000004 719.171235 0.002082
236.502674 2016 730.700345 18.082466 2060.447268 211.070673 0.450000 0.114100 -64.707293 2.658481 -17.906105 4.122100 33.387421 5.585720 66.444150 nan 3.871789 0.000004 719.169884 0.002093
243.502674 2016 1625.132828 42.123476 4601.170750 444.917484 0.493333 0.176518 -52.444733 11.339938 -16.634570 11.551114 53.992936 11.762290 22.655727 nan 3.871795 0.000004 719.166619 0.002265
257.502674 2016 829.428191 22.068028 2704.593138 158.478953 0.119445 0.026385 -46.032622 5.887802 10.120396 4.762568 58.806237 3.637333 50.585042 nan 3.871801 0.000005 719.163023 0.002720
264.502674 2016 538.585764 10.490563 1121.986898 67.589016 0.278922 0.076079 -62.319454 9.408049 5.703044 8.319813 54.289721 7.231576 43.115680 nan 3.871803 0.000005 719.161730 0.002889
271.502674 2016 4922.779418 139.237683 16419.151727 1994.022397 0.131482 0.030411 -36.435518 11.529135 13.441545 7.583718 64.325263 3.638301 52.044609 nan 3.871810 0.000006 719.158231 0.003364
306.502674 2016 1635.429982 42.121084 5452.447536 314.677330 0.139379 0.014296 -35.274667 3.448730 10.941840 2.772002 61.511931 2.095274 75.681587 nan 3.871829 0.000009 719.147748 0.005001
313.502674 2016 539.121279 14.848549 1859.813852 123.419655 0.105247 0.004023 -37.124599 1.257306 8.866085 1.613947 57.166531 1.970588 69.709788 nan 3.871832 0.000009 719.145921 0.005271
320.502674 2016 333.076220 7.357039 854.029724 26.530086 0.129701 0.001954 -41.971764 0.627365 8.477342 1.067417 62.707579 1.507469 87.059007 nan 3.871835 0.000010 719.143975 0.005516
327.502674 2016 383.284065 12.091106 1042.147722 104.217853 0.112607 0.003679 -43.110004 1.374309 7.348009 1.628488 59.578432 1.882668 77.619974 nan 3.871840 0.000010 719.141633 0.005743
334.502674 2016 399.768460 8.901752 1028.762436 24.997401 0.125855 0.001368 -45.094522 0.674262 4.290414 0.965864 57.825711 1.257467 87.690232 nan 3.871842 0.000011 719.140166 0.005867
341.502674 2016 340.460301 9.027699 913.856321 47.962967 0.112073 0.003435 -56.778730 1.461001 2.321103 1.578757 58.411230 1.696513 78.794643 nan 3.871847 0.000011 719.137385 0.006094
348.502674 2016 389.538940 8.336878 974.522021 30.408320 0.137073 0.010106 -61.820963 1.318684 -2.938888 2.285977 54.135264 3.253270 86.975739 nan 3.871852 0.000011 719.134926 0.006177
355.502674 2016 529.612484 16.476264 2063.363017 221.662966 0.116872 0.003056 -60.191642 1.659920 -4.389750 1.364180 48.696537 1.068439 82.059821 nan 3.871851 0.000011 719.135248 0.006185
362.502674 2016 742.338478 17.270991 1674.491857 70.412145 0.126543 0.001800 -62.254932 1.422521 -7.045124 1.238922 46.364994 1.055322 88.291370 nan 3.871853 0.000011 719.134034 0.006194
