52.911181 2016 1738.827567 61.623322 5407.666625 358.415074 0.127579 0.002301 -57.059703 1.813989 -2.475259 1.590223 47.350359 1.366457 80.857935 nan 3.852713 0.000006 729.905100 0.003542
61.500069 2016 577.848118 16.975735 2136.152357 110.702211 0.104487 0.002976 -55.216052 1.577139 -5.479278 1.345905 36.130897 1.114671 64.450691 nan 3.862821 0.000003 724.190471 0.001520
68.500069 2016 1045.293563 29.752139 3652.222148 273.524051 0.077129 0.022086 -51.866014 1.310309 -4.949563 2.582495 43.277785 3.854682 64.271115 nan 3.871836 0.000002 719.143480 0.001024
75.500069 2016 1163.583810 31.736640 3242.368900 259.697755 0.126029 0.002244 -52.898068 1.542467 -0.613742 1.254506 43.691688 0.966545 72.079436 nan 3.871833 0.000001 719.145242 0.000603
82.500069 2016 901.295457 25.085663 2506.501138 200.581995 0.140111 0.012711 -45.446890 3.854818 3.447043 2.160153 40.216879 0.465488 62.239994 nan 3.871832 0.000000 719.145552 0.000203
88.511181 2016 338.986459 8.108082 724.101044 35.106351 0.138734 0.013068 -43.516887 3.750146 3.906174 2.202498 41.567013 0.654850 64.434358 nan 3.871832 0.000000 719.145587 0.000241
96.500069 2016 873.718729 23.601513 2231.887128 195.562580 0.126337 0.002308 -42.000680 1.322986 3.669994 0.969927 42.752852 0.616868 65.654344 nan 3.871829 0.000002 719.147374 0.001303
103.500069 2016 1047.600390 34.134519 3890.717571 420.687857 0.127366 0.002626 -38.710026 1.187822 5.560079 0.990905 45.492189 0.793988 64.794077 nan 3.871829 0.000002 719.147397 0.001303
110.500069 2016 909.091239 25.169572 2802.480893 220.286664 0.122942 0.002885 -40.380018 1.586319 8.192765 1.100290 43.908238 0.614260 61.989680 nan 3.871826 0.000004 719.149016 0.002311
117.500069 2016 338.977375 6.557702 617.979600 32.474444 0.143444 0.009024 -40.694839 1.982299 10.857830 1.303968 47.395586 0.625636 65.164687 nan 3.871825 0.000005 719.149558 0.002654
124.500069 2016 1254.378115 34.854990 3793.016138 322.799455 0.127350 0.003371 -33.326585 1.577472 12.357907 1.183370 50.665765 0.789269 64.602590 nan 3.871824 0.000006 719.150428 0.003547
131.500069 2016 2918.304817 82.923889 10964.856893 473.039295 0.130876 0.011359 -41.862798 2.261766 12.490883 2.925693 54.976855 3.589620 62.197280 nan 3.871822 0.000008 719.151394 0.004277
138.500069 2016 1386.336292 37.558857 5105.580893 213.656196 0.124280 0.003151 -29.231458 1.392811 15.952779 1.187573 59.093755 0.982335 66.075586 nan 3.871820 0.000008 719.152449 0.004498
145.500069 2016 621.591641 15.741703 2099.783897 88.028883 0.122531 0.003129 -28.987590 1.661177 17.545829 1.357220 63.068102 1.053263 68.047822 nan 3.871819 0.000008 719.153360 0.004519
152.500069 2016 444.101585 9.301939 801.418982 45.647141 0.132099 0.001958 -30.331658 1.319139 17.359286 1.212965 65.278310 1.106791 76.185466 nan 3.871814 0.000010 719.155747 0.005499
159.500069 2016 885.090909 27.500973 2573.421439 347.295038 0.118651 0.008186 -30.959055 2.223060 18.856949 1.821325 68.008096 1.419591 74.401765 nan 3.871809 0.000011 719.158433 0.006278
166.500069 2016 532.300330 13.257801 1088.693619 74.162135 0.129218 0.002211 -34.880788 1.085806 17.487945 1.289177 69.033453 1.492548 80.815287 nan 3.871808 0.000012 719.159383 0.006740
173.500069 2016 300.416836 6.774509 646.613320 40.138062 0.130247 0.002150 -31.373265 0.848368 16.167440 1.246859 70.103956 1.645351 84.325070 nan 3.871808 0.000012 719.159294 0.006852
180.500069 2016 267.117372 6.448768 774.799395 39.838104 0.123413 0.009809 -36.786721 2.271753 15.339984 1.932585 70.909938 1.593417 85.738354 nan 3.871807 0.000013 719.159864 0.007326
187.500069 2016 357.886513 13.336225 1224.737603 147.163508 0.118849 0.008780 -38.999737 2.482810 14.107788 2.225040 74.981770 1.967270 83.833287 nan 3.871805 0.000014 719.160762 0.008041
194.500069 2016 780.992060 17.679007 1824.629556 55.313132 0.135597 0.002055 -46.037723 0.687378 9.637945 1.212447 69.910671 1.737516 92.506330 nan 3.871801 0.000016 719.163040 0.008959
201.500069 2016 387.236550 9.008845 1045.826691 48.053674 0.123251 0.004251 -43.213043 1.388810 7.014921 1.757480 64.460701 2.126149 84.365350 nan 3.871799 0.000017 719.164366 0.009230
208.500069 2016 757.226529 21.314121 2028.057408 136.074964 0.127244 0.002633 -45.994337 0.897116 4.774479 1.321261 59.627801 1.745406 87.321394 nan 3.871797 0.000017 719.165298 0.009437
215.500069 2016 1068.653592 35.995575 3176.953692 413.915199 0.134936 0.001785 -56.981900 1.225251 2.785552 1.315261 65.664076 1.405271 91.600676 nan 3.871795 0.000017 719.166531 0.009720
222.500069 2016 1256.930161 28.319419 2807.726395 105.029672 0.143778 0.009692 -50.458490 3.264100 2.102521 2.186100 54.271315 1.108101 86.988236 nan 3.871794 0.000017 719.166951 0.009719
229.500069 2016 596.501681 14.354696 1398.329225 77.067438 0.126496 0.002097 -52.403326 1.032910 -1.096937 1.067776 52.385101 1.102642 83.453799 nan 3.871791 0.000018 719.169039 0.009845
236.500069 2016 676.259310 20.744271 1964.599952 244.874225 0.121296 0.004036 -54.189034 1.553811 -2.775891 1.404210 46.863791 1.254610 77.979502 nan 3.871789 0.000018 719.170146 0.009886
243.500069 2016 1172.755859 45.451808 4597.720524 755.627201 0.129012 0.002666 -53.886454 1.369819 -2.437034 1.261895 52.451150 1.153970 80.423482 nan 3.871787 0.000018 719.171276 0.009896
257.500069 2016 1223.621669 35.356344 4318.340276 237.684560 0.118107 0.002035 -46.602068 1.187763 -2.002916 0.881723 36.743422 0.575684 69.293982 nan 3.871780 0.000018 719.175138 0.009868
264.500069 2016 467.974673 11.588283 1112.665182 100.144072 0.127881 0.003485 -48.343083 1.399424 -0.724953 1.167970 41.676502 0.936516 71.718151 nan 3.871791 0.000018 719.168622 0.009936
271.500069 2016 2455.856306 76.684913 9836.319550 579.416596 0.141773 0.009675 -48.239067 1.935475 -1.160360 2.361615 43.169666 2.787756 68.590053 nan 3.871776 0.000017 719.177060 0.009677
278.500069 2016 2686.404648 72.672507 8814.285714 328.392582 0.130761 0.002516 -51.521846 1.797396 2.665008 1.259113 44.148674 0.720831 68.875790 nan 3.871774 0.000017 719.178226 0.009597
285.500069 2016 1465.266564 45.812517 5907.624852 590.167993 0.121913 0.003202 -38.845453 1.466781 4.618886 1.294757 47.567715 1.122734 63.401332 nan 3.871772 0.000017 719.179664 0.009504
292.500069 2016 1851.832521 42.762803 5262.333357 224.398745 0.143483 0.002695 -44.240172 1.481191 6.424797 1.211035 50.971183 0.940879 71.853078 nan 3.871770 0.000017 719.180297 0.009390
298.475069 2016 2228.220740 85.320895 7795.613550 1159.951963 0.125154 0.005589 -42.165217 2.207557 7.403131 1.944432 53.557302 1.681307 63.684515 nan 3.871780 0.000020 719.174727 0.010997
306.500069 2016 2312.695365 64.179899 8161.181214 420.801173 0.128419 0.003098 -36.588242 1.513849 11.224058 1.297551 52.992703 1.081254 66.043661 nan 3.871768 0.000017 719.181385 0.009203
313.500069 2016 888.030399 24.413019 3119.013467 185.656300 0.116987 0.003715 -29.441597 1.304093 13.597161 1.351681 52.969084 1.399268 61.690659 nan 3.871767 0.000016 719.182200 0.009154
320.500069 2016 535.183441 11.927152 1409.842882 44.718840 0.137393 0.002779 -39.345384 1.527181 14.127434 1.304066 57.951129 1.080951 73.177544 nan 3.871767 0.000016 719.182312 0.009138
327.500069 2016 617.599708 20.357015 1729.388229 227.298854 0.122756 0.003937 -40.432652 1.812689 16.423413 1.567165 62.550868 1.321642 68.790208 nan 3.871767 0.000016 719.182350 0.009068
334.500069 2016 653.473731 14.620817 1639.278745 38.699064 0.123314 0.010382 -32.782510 1.726831 16.883870 1.383692 63.786316 1.040552 76.085970 nan 3.871765 0.000016 719.183146 0.009108
341.500069 2016 551.829787 14.093115 1462.303863 91.740485 0.129594 0.009566 -36.631194 2.258655 17.796996 1.774497 63.304114 1.290339 72.538616 nan 3.871763 0.000017 719.184303 0.009279
348.500069 2016 619.746093 13.327217 1536.591661 48.561100 0.135082 0.002307 -33.865797 0.815790 15.703929 0.997799 64.888546 1.179809 84.188128 nan 3.871763 0.000017 719.184527 0.009424
355.500069 2016 964.979404 37.058720 4057.252474 731.711478 0.142222 0.013448 -42.512920 3.210644 17.017558 2.321196 67.533229 1.431748 76.448848 nan 3.871763 0.000017 719.184455 0.009423
362.500069 2016 1170.966748 26.946169 2658.967615 91.727452 0.141346 0.008676 -39.642090 2.447527 13.100524 2.058980 70.095100 1.670432 86.036689 nan 3.871761 0.000017 719.185596 0.009596
