168.502303 2014 78.341526 3.264055 325.063221 33.045311 2.032176 0.254301 -63.250799 2.965442 -14.060348 3.232154 34.184274 3.498867 56.137196 nan 3.871865 0.000010 719.127268 0.005480
189.502303 2014 12.493345 0.706382 108.915498 5.046677 0.106223 0.002111 -60.077814 0.000000 -23.316330 0.733175 14.911504 1.466351 73.522967 nan 3.871863 0.000010 719.128495 0.005331
210.502303 2014 13.042504 0.882406 96.744281 8.497385 -3.787590 0.419059 -59.074136 1.318077 -12.334789 1.321624 47.449393 1.325171 62.904221 nan 3.871843 0.000011 719.139602 0.006201
217.502303 2014 99.297578 3.247403 428.771872 18.503697 0.004911 0.009651 -58.540148 3.411894 -13.791893 3.575014 26.016513 3.738134 14.722600 nan 3.871838 0.000012 719.142577 0.006797
231.502303 2014 74.394372 2.765307 324.796557 27.179465 1.828616 0.273593 -48.881789 2.822180 -20.487117 3.065640 31.144929 3.309100 12.467088 nan 3.871835 0.000012 719.144004 0.006803
238.502303 2014 380.995891 15.257186 1317.326459 180.920738 -0.000764 0.029474 -47.247909 3.765786 -10.881975 3.954733 35.056984 4.143679 25.274912 nan 3.871830 0.000012 719.147195 0.006942
245.502303 2014 545.239720 13.477110 1365.595615 58.856559 0.116564 0.001819 -44.123482 0.821721 -6.308312 1.062913 35.368832 1.304104 61.437792 nan 3.871825 0.000013 719.149647 0.007361
252.502303 2014 246.824047 6.468820 674.599137 58.538606 0.085905 0.019899 -40.399860 1.301583 -3.330681 1.293093 36.706511 1.284604 55.987708 nan 3.871822 0.000014 719.151282 0.007586
259.502303 2014 217.865889 7.014854 935.698274 65.788662 -0.600823 0.209535 -33.972475 2.095431 -1.490106 1.669386 38.722080 1.243340 49.277155 nan 3.871818 0.000015 719.153560 0.008324
266.502303 2014 370.878512 11.318697 1038.947540 76.792848 0.092050 0.007422 -38.123820 3.054995 -1.308420 3.295427 46.132592 3.535860 51.819640 nan 3.871812 0.000015 719.157033 0.008184
273.502303 2014 459.901743 11.430114 1175.364115 32.701064 0.104218 0.009157 -35.594691 0.437359 -0.327150 1.631607 48.742027 2.825854 63.449661 nan 3.871810 0.000014 719.158326 0.007861
280.502303 2014 299.751498 7.864862 747.751612 40.363452 0.105235 0.002277 -35.839522 0.662334 2.442288 1.088519 50.358833 1.514703 63.636180 nan 3.871806 0.000014 719.160510 0.008069
287.502303 2014 308.657942 8.953230 729.473498 72.552530 0.107479 0.001707 -37.881639 0.638416 2.690344 1.001428 49.362943 1.364441 67.131296 nan 3.871804 0.000015 719.161346 0.008589
294.502303 2014 611.792517 16.699064 1536.967484 91.673940 0.115491 0.001844 -45.114288 0.798185 3.277912 1.156436 57.468924 1.514687 74.287581 nan 3.871801 0.000016 719.163360 0.008753
301.502303 2014 435.882982 10.737517 1053.408330 30.727877 0.110791 0.001226 -41.958731 0.649574 2.090263 0.958276 51.252165 1.266978 73.356568 nan 3.871795 0.000016 719.166760 0.008837
308.502303 2014 439.598173 12.630075 1414.921393 132.031896 0.103704 0.001658 -47.479421 0.999160 0.822825 1.135674 51.865414 1.272187 70.182077 nan 3.871790 0.000016 719.169153 0.009112
315.502303 2014 325.288807 10.231999 1046.092868 133.959095 0.102263 0.001956 -48.978150 1.196781 -1.140143 1.152061 46.282973 1.107341 70.228446 nan 3.871790 0.000016 719.169653 0.009098
322.502303 2014 469.088424 12.081577 1144.440385 44.370451 0.114918 0.001439 -55.182257 1.282145 -3.853356 1.186911 48.273705 1.091676 79.477210 nan 3.871788 0.000016 719.170271 0.008796
329.502303 2014 223.306332 5.397016 614.029494 28.698939 0.108230 0.001764 -58.055632 1.422373 -6.224690 1.154210 40.736153 0.886046 75.285204 nan 3.871786 0.000016 719.171697 0.008757
336.502303 2014 192.656190 5.059402 507.997881 34.376677 0.102366 0.003966 -66.970245 1.981242 -9.299869 1.665344 39.281289 1.349447 70.957128 nan 3.871783 0.000016 719.173201 0.009151
343.502303 2014 761.061000 18.912875 1926.760067 65.909665 0.117695 0.011522 -68.805321 1.652823 -14.223528 2.360815 35.434134 3.068806 76.438669 nan 3.871781 0.000016 719.174410 0.008992
350.502303 2014 418.579095 10.236795 982.908742 47.901148 0.111317 0.001828 -70.477543 1.596347 -14.680284 1.253730 39.253613 0.911113 75.480451 nan 3.871779 0.000016 719.175527 0.008738
357.502303 2014 359.250810 10.746234 1062.121200 97.543275 0.099794 0.003060 -64.653072 1.613073 -17.064852 1.438250 25.573083 1.263426 66.646181 nan 3.871770 0.000015 719.180568 0.008454
364.502303 2014 592.674505 15.460536 1658.882828 128.675022 0.113996 0.002562 -63.954956 1.461555 -17.482176 1.339077 31.013761 1.216599 73.527434 nan 3.871765 0.000014 719.183247 0.007546
6.502303 2015 655.348797 20.689810 2658.407204 221.632575 0.103312 0.002633 -60.634402 1.533743 -18.773042 1.332303 23.626541 1.130862 64.792170 nan 3.871765 0.000014 719.183429 0.007716
13.502303 2015 176.366632 4.468594 384.508538 36.677968 0.109081 0.001971 -60.123888 1.213169 -18.168288 1.187796 24.939627 1.162422 65.801925 nan 3.871765 0.000013 719.183320 0.007164
20.502303 2015 81.444545 2.041813 205.043213 15.952409 -1.817956 0.366566 -57.072992 0.837299 -12.469134 2.490757 42.700031 4.144215 75.633532 nan 3.871764 0.000014 719.184027 0.007630
27.502303 2015 153.978317 4.045485 434.389666 23.204593 0.055060 0.031257 -55.604741 4.184614 -13.676556 3.991874 49.166025 3.799134 52.772650 nan 3.871761 0.000014 719.185369 0.007864
34.502303 2015 500.682119 12.307564 1191.668348 54.649743 0.116049 0.002811 -52.809981 1.219863 -13.912303 1.288260 28.155593 1.356657 62.423073 nan 3.871755 0.000011 719.188809 0.006134
41.502303 2015 205.486499 5.284621 479.925764 32.572812 0.101029 0.002302 -49.039812 1.253503 -12.433863 1.304697 25.517221 1.355891 54.331064 nan 3.871753 0.000010 719.189766 0.005333
48.502303 2015 262.020119 8.641347 914.137196 98.801626 0.035700 0.039150 -44.237869 1.395649 -10.468638 1.797309 26.989440 2.198969 47.690948 nan 3.871742 0.000010 719.195835 0.005597
55.502303 2015 323.790697 9.764012 852.121961 95.564001 0.104630 0.003400 -44.664642 1.380579 -7.486623 1.486831 31.396390 1.593084 55.507511 nan 3.871744 0.000010 719.194857 0.005474
62.502303 2015 677.080683 18.762155 2224.429862 171.750621 0.109568 0.002633 -43.181975 0.976117 -5.425571 1.355798 33.934197 1.735478 58.843491 nan 3.871743 0.000010 719.195729 0.005470
69.502303 2015 378.940090 9.348892 882.737230 46.017695 0.113683 0.002189 -41.504126 0.949194 -2.817834 1.140184 37.716078 1.331173 61.994153 nan 3.871739 0.000009 719.197584 0.005189
76.502303 2015 1629.482156 66.277360 10144.814222 850.290244 0.106410 0.004264 -42.208860 1.401234 -0.520184 1.558210 41.377940 1.715185 60.229079 nan 3.871735 0.000007 719.199826 0.003961
90.502303 2015 630.193232 17.389530 2473.538036 91.789262 0.106410 0.001350 -34.323959 0.608051 1.735063 0.906237 45.977230 1.204423 64.309446 nan 3.871730 0.000004 719.202428 0.002371
97.502303 2015 402.320272 11.537839 1545.108556 125.249178 0.106944 0.004274 -37.952342 1.192350 2.211826 1.493639 46.769220 1.794928 66.604197 nan 3.871721 0.000006 719.207434 0.003232
104.502303 2015 1028.372313 36.374046 4263.102357 507.463381 0.106584 0.002180 -38.810155 0.843418 2.808652 1.128502 50.025242 1.413587 68.564688 nan 3.871720 0.000006 719.208446 0.003079
111.502303 2015 1165.652085 32.196756 4201.342857 258.051285 0.121193 0.001556 -45.559352 0.646784 1.239460 0.899459 48.880332 1.152135 79.587335 nan 3.871718 0.000006 719.209436 0.003136
118.502303 2015 482.256836 13.103196 1681.619036 76.804301 0.102469 0.002620 -45.094248 0.878970 0.102669 1.034547 48.446933 1.190125 68.936877 nan 3.871715 0.000005 719.210888 0.002713
125.502303 2015 308.147391 8.304103 1007.587777 56.510437 0.095782 0.002518 -47.841686 1.193361 -1.448119 1.067923 40.875645 0.942485 65.475662 nan 3.871712 0.000005 719.212547 0.002682
132.502303 2015 735.020931 23.470971 2940.275042 291.607143 0.106070 0.003620 -53.584542 1.488952 -4.021934 1.483947 42.727823 1.478942 73.055768 nan 3.871709 0.000005 719.214228 0.002691
139.502303 2015 470.702616 13.081270 1324.866662 129.253494 0.115844 0.001663 -56.742021 1.138883 -6.351009 0.979877 41.401663 0.820871 79.885018 nan 3.871706 0.000005 719.215747 0.002660
146.502303 2015 126.352164 3.167493 413.860928 14.100923 0.071194 0.002876 -50.144402 1.261113 -9.318518 1.228478 30.256550 1.195842 49.454727 nan 3.871704 0.000004 719.217379 0.002504
153.502303 2015 71.597715 1.710668 238.975604 6.129950 0.012449 0.019925 -37.886495 1.249355 -12.869753 1.097257 7.584567 0.945159 22.257297 nan 3.871699 0.000004 719.220049 0.002189
160.502303 2015 579.095810 15.973170 1717.480552 85.740108 0.047650 0.044854 -69.605825 2.464231 -14.202988 2.381485 35.758622 2.298740 73.450903 nan 3.871698 0.000004 719.220546 0.002165
167.502303 2015 535.633934 13.822768 1155.398460 69.183443 0.118590 0.001359 -66.490968 1.537897 -16.770546 1.123272 28.536848 0.708647 78.650470 nan 3.871694 0.000004 719.222881 0.002034
181.501458 2015 976.303400 25.731736 3653.842821 131.627177 0.125320 0.001472 -69.548483 1.347172 -18.304534 1.222311 28.376429 1.097449 77.810250 nan 3.871684 0.000004 719.228214 0.002015
188.501458 2015 474.312660 13.671217 1549.574762 166.286072 0.110256 0.003034 -65.350588 1.622920 -19.290990 1.481194 23.621371 1.339469 66.504643 nan 3.871685 0.000003 719.227796 0.001913
195.501458 2015 787.013074 21.901532 2322.575285 243.605163 0.123077 0.001954 -64.489120 1.185677 -18.394415 1.264185 27.454707 1.342693 70.147886 nan 3.871682 0.000003 719.229487 0.001806
202.501458 2015 564.206537 16.885791 1701.848913 218.540391 0.110363 0.003080 -61.785692 1.301891 -17.683438 1.422071 24.556115 1.542250 61.416342 nan 3.871679 0.000004 719.231298 0.001971
209.501458 2015 299.647120 6.692397 704.767988 25.410681 0.116358 0.002565 -57.607395 1.078784 -16.213145 1.221022 25.878865 1.363260 62.265295 nan 3.871677 0.000004 719.231922 0.001990
216.501458 2015 285.843387 8.716080 675.567913 71.218511 0.118827 0.005175 -53.741763 1.984698 -13.194964 1.757215 29.521441 1.529732 61.667838 nan 3.871674 0.000003 719.233755 0.001945
223.501458 2015 378.493962 10.362577 1097.603229 60.672733 0.115432 0.003033 -50.322378 0.908903 -12.560184 1.266277 29.460121 1.623650 59.110008 nan 3.871671 0.000004 719.235698 0.002189
230.501458 2015 2201.402607 63.056038 8092.504571 278.710631 0.120782 0.002557 -46.493511 0.835217 -9.939466 1.108782 34.918821 1.382347 61.049385 nan 3.871668 0.000004 719.237305 0.002461
237.501458 2015 1259.292433 42.880313 5373.085138 521.961089 0.105247 0.003719 -42.479132 1.168288 -7.455119 1.320892 33.424363 1.473496 54.329600 nan 3.871665 0.000005 719.238644 0.002607
244.501458 2015 1079.028209 32.475454 4229.728536 391.381085 0.119444 0.002516 -43.833018 0.802073 -5.820470 1.036345 36.822194 1.270616 61.387663 nan 3.871863 0.000004 719.128627 0.002309
251.501458 2015 1774.239393 65.244822 8755.379269 891.153565 0.112551 0.003624 -38.975377 0.970890 -3.245340 1.283026 42.822208 1.595162 59.533961 nan 3.871865 0.000004 719.127482 0.002308
258.501458 2015 1330.814619 35.977002 4631.447607 293.884370 0.120833 0.002500 -41.173562 0.616253 -2.596091 1.093483 45.994804 1.570713 65.613490 nan 3.871862 0.000004 719.128864 0.002459
265.501458 2015 906.754231 27.290844 3499.709464 326.651391 0.118910 0.002441 -39.005059 0.643478 -0.499613 1.060067 47.682212 1.476655 67.149249 nan 3.871861 0.000004 719.129378 0.002455
272.304236 2015 334.551214 8.732377 998.175533 69.751245 0.105222 0.003090 -36.904587 0.847746 0.509416 1.157415 45.184426 1.467084 62.252118 nan 3.871853 0.000006 719.133866 0.003279
279.501458 2015 1808.683616 67.409399 7755.472435 1044.339383 0.120000 0.010045 -43.748161 2.931943 2.177670 2.341606 51.305115 1.751270 64.478374 nan 3.871855 0.000005 719.133264 0.002944
286.501458 2015 2655.053495 74.874424 9694.819179 304.708769 0.116773 0.001677 -45.971236 0.855752 0.800164 1.141451 51.749518 1.427151 73.409158 nan 3.871851 0.000006 719.135089 0.003272
293.501458 2015 920.298557 28.350061 3604.066714 301.274753 0.113374 0.001293 -44.349701 0.809117 0.315547 0.954047 49.633785 1.098978 73.397353 nan 3.871840 0.000006 719.141379 0.003254
300.501458 2015 304.422179 8.718186 1189.688046 69.589628 0.090021 0.003136 -44.499585 1.225230 -0.705159 1.233108 42.192075 1.240985 59.945080 nan 3.871838 0.000006 719.142541 0.003324
307.501458 2015 990.550368 36.198035 5053.837000 531.121926 0.108128 0.004138 -66.505131 1.920050 -2.952684 1.842761 51.077189 1.765473 72.691587 nan 3.871835 0.000006 719.144236 0.003334
314.501458 2015 2539.173003 70.549726 8826.795655 315.161414 0.128419 0.008801 -63.561912 1.534589 -5.793313 2.250237 48.906326 2.965885 78.456172 nan 3.871831 0.000006 719.146588 0.003385
321.501458 2015 1291.273532 39.630059 5044.818310 325.551644 0.111420 0.001208 -61.278004 1.567723 -6.952358 1.243456 48.469626 0.919188 76.389535 nan 3.871827 0.000006 719.148602 0.003380
335.501458 2015 326.170711 8.218270 832.696045 44.847719 0.108547 0.004581 -67.358672 2.249324 -12.690089 1.845658 35.400632 1.441993 73.415835 nan 3.871821 0.000006 719.151697 0.003356
342.501458 2015 531.653803 12.503101 1279.256479 48.078740 0.130556 0.008660 -67.693914 1.413421 -15.934427 1.687037 32.592972 1.960653 78.960328 nan 3.871819 0.000006 719.153060 0.003368
349.501458 2015 432.992369 11.191391 1047.615150 74.786758 0.118697 0.001922 -65.110670 1.516100 -16.829815 1.209959 27.829351 0.903819 77.366372 nan 3.871815 0.000006 719.155271 0.003383
356.501458 2015 1304.480991 43.215777 6471.051308 439.912006 0.108761 0.004185 -62.138627 1.431222 -18.899698 1.558955 28.109985 1.686687 68.653467 nan 3.871814 0.000006 719.155897 0.003381
363.501458 2015 1098.657453 35.870993 3982.614357 443.677924 0.119033 0.002808 -64.686525 1.319249 -18.762569 1.362321 30.839092 1.405394 72.462744 nan 3.871809 0.000006 719.158831 0.003532
5.501458 2016 1265.516672 36.012931 4448.209536 339.542569 0.125000 0.001846 -63.440258 1.155251 -18.570320 1.219514 26.812398 1.283777 72.291341 nan 3.871806 0.000006 719.160334 0.003611
12.501458 2016 509.935251 12.092987 1507.495261 84.021632 0.122017 0.002000 -59.782269 1.195969 -18.018232 1.270768 26.460846 1.345567 67.806045 nan 3.871802 0.000007 719.162334 0.003762
19.501458 2016 560.659462 18.693991 2031.901200 259.986803 0.103909 0.003707 -57.924736 1.271621 -18.027821 1.471470 23.197704 1.671319 56.387341 nan 3.871800 0.000007 719.163588 0.003869
26.501458 2016 526.055298 13.070688 1331.942586 91.983164 0.117284 0.003790 -56.637528 1.344558 -15.257434 1.456966 27.155716 1.569374 60.791089 nan 3.871798 0.000007 719.165002 0.004102
33.501458 2016 133.976703 3.467640 343.580002 15.785714 0.088477 0.005655 -49.672612 1.604826 -14.317895 1.985757 24.294481 2.366689 46.499892 nan 3.871794 0.000008 719.167003 0.004395
40.501458 2016 251.169154 7.215761 604.977126 44.290703 -0.068791 0.053856 -49.310127 1.538621 -16.287901 2.359211 26.066585 3.179800 44.557183 nan 3.871790 0.000008 719.169247 0.004661
47.501458 2016 1157.186888 39.200448 5433.985222 209.890295 0.115947 0.003237 -51.010383 1.169177 -8.876420 1.445618 32.554163 1.722059 58.679736 nan 3.871788 0.000009 719.170376 0.004886
54.501458 2016 1279.795595 35.521432 4124.552429 231.340921 0.116255 0.002026 -46.612417 0.830369 -6.843246 1.089595 32.324675 1.348821 59.753957 nan 3.871788 0.000009 719.170527 0.005011
61.501458 2016 544.873494 16.558288 2061.838036 105.550827 0.091026 0.001895 -39.015962 0.823450 -4.466605 1.017451 30.142798 1.211451 49.049052 nan 3.871783 0.000010 719.173279 0.005466
68.501458 2016 763.816661 22.057066 2570.661929 156.571035 0.106838 0.003218 -39.913089 1.033328 -2.252100 1.223340 36.994932 1.413352 58.427363 nan 3.871779 0.000010 719.175234 0.005732
75.501458 2016 813.147965 22.394762 2285.737833 148.401679 0.114103 0.002397 -39.308779 0.740789 -1.050549 1.012098 38.303645 1.283407 64.396524 nan 3.871777 0.000011 719.176306 0.005956
82.501458 2016 701.884094 19.599765 2008.510345 122.979051 0.111004 0.001275 -36.933085 0.443054 -0.246025 0.717908 41.116629 0.992762 65.040651 nan 3.871776 0.000011 719.176863 0.006066
88.557014 2016 252.826293 6.631000 616.265528 45.244117 0.113012 0.003484 -41.120091 0.987898 0.312375 1.350234 45.147088 1.712570 68.293606 nan 3.871780 0.000013 719.174918 0.007049
96.501458 2016 553.647162 14.502327 1476.243289 108.454043 0.114197 0.002135 -42.471037 0.662526 0.073960 0.892163 44.206066 1.121799 71.397233 nan 3.871775 0.000012 719.177850 0.006628
103.501458 2016 759.669381 26.092134 2808.106550 317.038676 0.109774 0.002646 -46.668619 1.011630 -0.206481 1.084513 46.187615 1.157395 70.660130 nan 3.871777 0.000012 719.176543 0.006640
110.501458 2016 785.305875 21.944708 2574.647643 151.624994 0.111625 0.001651 -46.661188 0.745989 -1.261226 0.748200 43.561831 0.750411 73.328357 nan 3.871761 0.000012 719.185564 0.006707
117.501458 2016 258.420950 5.528485 666.539572 37.444417 0.121091 0.001743 -52.145537 0.927347 -3.095255 0.963764 45.672869 1.000181 80.604995 nan 3.871758 0.000012 719.187405 0.006750
124.501458 2016 894.798853 25.681498 2454.240000 183.766233 0.115844 0.001821 -55.463078 1.082397 -5.241481 0.943235 41.525742 0.804073 78.094796 nan 3.871752 0.000012 719.190328 0.006757
131.501458 2016 2596.097600 76.005246 10335.552143 450.699104 0.118930 0.003259 -60.611171 1.741145 -6.882326 1.389779 42.697546 1.038413 80.481866 nan 3.871750 0.000012 719.191839 0.006722
138.501458 2016 1201.643031 34.855580 4814.914179 223.931643 0.113996 0.001441 -59.310806 1.356431 -10.262959 0.859937 32.749836 0.363442 77.516010 nan 3.871746 0.000012 719.193879 0.006664
145.501458 2016 527.323456 14.146883 1964.376143 78.156897 0.109509 0.002859 -61.152093 1.537709 -13.133346 1.342317 30.665335 1.146925 73.925330 nan 3.871742 0.000012 719.196183 0.006549
152.501458 2016 315.543918 6.629479 623.680135 27.552440 0.121154 0.001090 -63.517749 1.450735 -15.146858 1.060820 32.641027 0.670905 80.370910 nan 3.871738 0.000011 719.198345 0.006395
159.501458 2016 617.802700 17.988376 1683.558037 174.348631 0.112607 0.004356 -68.075732 1.813025 -17.825454 1.792483 30.917144 1.771941 73.267490 nan 3.871735 0.000011 719.199746 0.006238
166.501458 2016 362.307791 8.641744 813.984098 46.066108 0.117201 0.001478 -69.222542 1.471302 -18.822924 1.225320 24.541633 0.979338 74.077911 nan 3.871732 0.000011 719.201669 0.006032
173.501458 2016 207.963699 4.270322 463.185189 16.203509 0.100748 0.020772 -67.843275 1.298282 -19.888946 1.294932 24.942428 1.291582 72.650554 nan 3.871728 0.000010 719.203788 0.005828
180.501458 2016 179.201024 4.186023 485.327571 23.110449 0.122970 0.001859 -66.824621 1.195037 -19.534680 1.265088 25.145232 1.335138 71.194879 nan 3.871725 0.000010 719.205506 0.005578
187.501458 2016 184.126257 6.672300 527.283829 81.155074 0.087820 0.022937 -63.070805 2.702966 -18.268935 2.087221 25.800264 1.471477 60.331726 nan 3.871723 0.000010 719.206726 0.005335
194.501458 2016 547.508361 12.683416 1328.407729 44.980590 0.125206 0.001815 -59.484336 0.873866 -17.994704 1.074948 24.798538 1.276029 65.974206 nan 3.871720 0.000009 719.208297 0.005049
201.501458 2016 304.572276 8.475842 974.982908 68.682246 0.111214 0.004939 -55.491755 1.306162 -17.671989 1.676162 25.014488 2.046162 57.347214 nan 3.871717 0.000009 719.210104 0.004766
208.501458 2016 494.314914 13.797122 1419.599992 69.264815 0.115947 0.005018 -51.216265 1.476537 -14.714003 1.593460 26.301791 1.710383 57.217617 nan 3.871714 0.000008 719.211862 0.004510
215.501458 2016 673.969269 19.787589 1625.960319 152.190660 0.121605 0.003372 -50.534269 0.855325 -12.942073 1.203759 30.946808 1.552193 59.169724 nan 3.871709 0.000007 719.214133 0.004075
222.501458 2016 949.476718 21.980664 2164.369047 62.494646 0.126337 0.002130 -47.922862 0.663737 -10.772864 1.030816 32.743787 1.397895 60.866441 nan 3.871709 0.000007 719.214192 0.004069
229.501458 2016 520.664834 13.122868 1305.000018 66.633517 0.115946 0.002443 -47.050494 0.812920 -9.189467 1.078100 32.103865 1.343279 56.682858 nan 3.871705 0.000007 719.216417 0.003803
243.501458 2016 817.980537 32.464456 2783.805436 558.871181 0.106790 0.010156 -41.183666 0.613895 -5.892844 1.443233 44.082330 2.272571 57.547199 nan 3.871701 0.000006 719.219067 0.003441
257.501458 2016 1140.628276 34.606772 4193.838071 224.674278 0.108013 0.001999 -38.553373 0.565564 -1.928157 0.846653 39.846178 1.127742 59.326460 nan 3.871693 0.000006 719.223479 0.003140
264.501458 2016 369.063453 10.714104 936.590177 113.450174 0.115171 0.004077 -41.319203 1.174541 -0.636387 1.380989 47.263091 1.587437 65.333258 nan 3.871700 0.000006 719.219508 0.003268
271.501458 2016 1814.149470 64.411327 8129.403263 696.037075 0.125667 0.009326 -44.365062 2.847116 1.006818 2.073235 47.180868 1.299353 65.805797 nan 3.871687 0.000005 719.226398 0.003056
278.501458 2016 2326.543929 64.402583 7742.266679 286.300006 0.121296 0.001148 -44.368170 0.695946 -0.377010 0.815836 50.233602 0.935726 73.811512 nan 3.871683 0.000006 719.228601 0.003105
285.501458 2016 1244.262854 39.029396 5220.628607 439.287102 0.114198 0.002322 -48.311238 1.165795 -0.764866 1.191013 46.383773 1.216230 72.011280 nan 3.871679 0.000006 719.231296 0.003195
292.501458 2016 1614.410441 37.960232 4602.013828 122.612607 0.134156 0.001496 -57.369503 1.236351 -1.682240 1.153610 52.223050 1.070869 85.790480 nan 3.871675 0.000006 719.233202 0.003318
299.501458 2016 2119.447455 69.363192 7475.657036 740.787807 0.112140 0.002786 -58.368353 1.651910 -3.728196 1.364012 45.819864 1.076113 73.856515 nan 3.871673 0.000006 719.234518 0.003463
306.501458 2016 2017.501820 58.121378 7306.850379 361.820910 0.120885 0.001579 -60.209606 1.396638 -5.371628 1.085914 44.002740 0.775189 80.313150 nan 3.871668 0.000007 719.236989 0.003716
313.501458 2016 719.150710 22.069875 2575.497680 242.132815 0.105247 0.003222 -61.430436 1.791023 -8.499719 1.440952 35.550713 1.090882 70.807307 nan 3.871846 0.000008 719.138259 0.004539
320.501458 2016 422.169368 9.336085 1121.995245 26.481511 0.127030 0.001434 -65.744595 1.446073 -10.116418 1.084918 39.019921 0.723762 84.400588 nan 3.871842 0.000009 719.140219 0.004868
327.501458 2016 429.090643 13.000368 1145.985565 98.528807 0.111831 0.002938 -66.135147 1.691744 -13.547539 1.382617 34.526484 1.073491 74.366954 nan 3.871839 0.000009 719.141921 0.005200
334.501458 2016 565.460538 12.901145 1454.723809 30.622938 0.125320 0.001207 -65.088034 1.233339 -15.592485 1.038356 31.261076 0.843374 81.358584 nan 3.871835 0.000010 719.143972 0.005523
341.501458 2016 396.270760 10.057564 1085.734888 49.528939 0.111432 0.003178 -62.166763 1.449011 -17.455186 1.412728 29.614980 1.376444 71.190268 nan 3.871830 0.000011 719.147153 0.006212
348.501458 2016 517.780775 11.279858 1282.328523 27.044202 0.128205 0.001577 -64.953770 1.135877 -18.575494 1.138239 29.362908 1.140602 78.417502 nan 3.871825 0.000012 719.149876 0.006671
355.501458 2016 584.577413 17.326301 1613.302144 152.087439 0.112448 0.003069 -65.179265 1.172221 -20.029444 1.314046 27.295003 1.455870 66.926875 nan 3.871825 0.000012 719.149595 0.006675
362.501458 2016 985.925363 23.535975 2365.817200 69.651823 0.123663 0.002830 -62.553002 1.340768 -19.397302 1.311164 25.495373 1.281559 69.555202 nan 3.871822 0.000013 719.151621 0.007132
