231.500660 2014 151.649031 5.346980 706.507080 47.344220 -1.210310 0.178713 -68.715015 3.272543 -7.546972 3.765285 40.090719 4.258027 49.066162 nan 3.858098 0.000110 726.862201 0.062026
238.500660 2014 630.091873 25.423699 3559.924380 415.092719 0.047650 0.011237 -56.231522 4.194756 -5.318254 4.775854 56.117199 5.356953 35.961794 nan 3.862492 0.000011 724.375458 0.006071
245.500660 2014 745.710575 18.423095 1735.428244 77.096185 0.136539 0.008999 -62.546162 2.001884 -12.530370 2.696083 52.469012 3.390282 73.718403 nan 3.868654 0.000087 720.924811 0.048558
259.500660 2014 467.650835 15.919885 2075.013330 207.117838 -0.198457 0.116336 -43.229782 3.889315 -1.732754 4.421517 42.095478 4.953718 51.191680 nan 3.871711 0.000011 719.213540 0.006409
266.500660 2014 677.965374 19.536284 1789.353597 141.870355 0.144555 0.012327 -49.160744 2.873717 0.846204 2.925186 48.548839 2.976656 65.592828 nan 3.871712 0.000011 719.212575 0.006129
273.500660 2014 666.452136 15.529982 1639.876285 38.908322 0.139889 0.012746 -42.518802 3.636417 4.272043 2.133706 42.882558 0.630994 60.798780 nan 3.871713 0.000011 719.211941 0.006065
280.500660 2014 410.176291 10.525402 963.369836 58.206917 0.119136 0.002040 -39.522281 1.146932 2.668117 0.861694 38.678333 0.576456 62.250643 nan 3.871715 0.000011 719.211167 0.006109
287.500660 2014 527.121536 16.003300 1212.779262 141.074698 0.151852 0.016104 -38.313183 3.608095 7.899568 2.072377 40.606815 0.536660 55.205521 nan 3.871719 0.000011 719.209104 0.005874
294.500660 2014 946.665525 25.090586 2263.588370 131.754391 0.128312 0.002185 -35.552904 1.196615 5.966389 0.850499 42.380095 0.504382 61.658561 nan 3.871721 0.000007 719.207767 0.003970
301.500660 2014 619.646559 14.847409 1517.345374 60.767598 0.123825 0.002202 -32.417950 1.334819 8.101798 0.883197 41.696896 0.431574 58.119192 nan 3.871726 0.000009 719.204924 0.004996
308.500660 2014 695.670904 21.996706 2269.702432 314.785476 0.118483 0.003050 -28.145645 1.348667 10.073907 1.084576 42.967976 0.820485 55.417695 nan 3.871730 0.000008 719.202798 0.004686
315.500660 2014 585.708437 19.503987 1790.926693 271.166900 0.128222 0.009967 -26.891898 1.775641 13.158334 1.301070 46.670202 0.826499 54.483420 nan 3.871729 0.000007 719.203067 0.004057
322.500660 2014 752.829590 18.215389 1822.468014 68.882261 0.137556 0.009726 -27.585341 1.860892 14.859921 1.366767 50.851849 0.872642 59.086742 nan 3.871733 0.000007 719.201242 0.003991
329.500660 2014 307.443044 7.651550 828.170313 54.420831 0.121154 0.002407 -22.379266 1.483785 16.405296 1.210325 53.939392 0.936865 58.267919 nan 3.871736 0.000007 719.199238 0.003858
336.500660 2014 323.524049 8.754320 890.307518 72.102337 0.128098 0.010520 -28.351399 1.869474 18.805708 1.513627 60.127074 1.157781 59.497040 nan 3.871738 0.000005 719.197969 0.003047
343.500660 2014 1137.293898 27.492435 2750.606030 142.161217 0.102240 0.013702 -36.674922 3.330634 21.036271 2.186092 62.953908 1.041550 61.152825 nan 3.871741 0.000006 719.196482 0.003213
350.500660 2014 587.588627 14.063303 1289.598509 69.780643 0.123971 0.002917 -27.048033 1.544755 19.471387 1.375550 65.450771 1.206345 68.453806 nan 3.871745 0.000006 719.194495 0.003522
357.500660 2014 665.374439 19.725905 2152.019793 202.681265 0.114300 0.003814 -26.169633 1.871745 19.833774 1.653226 68.355294 1.434707 66.805543 nan 3.871752 0.000007 719.190571 0.003625
364.500660 2014 978.719369 25.261824 2812.317733 223.761992 -13.389712 13.518131 -31.980489 1.396480 18.055129 1.524397 69.954300 1.652315 76.661489 nan 3.871751 0.000008 719.190930 0.004306
6.500660 2015 1087.957230 32.224215 4203.047536 303.926166 0.119033 0.002588 -31.489117 1.238352 17.587813 1.457805 69.177354 1.677257 74.973442 nan 3.871757 0.000008 719.187522 0.004438
13.500660 2015 257.985373 6.347711 566.259545 46.987715 0.125617 0.002226 -33.700562 0.888497 15.318896 1.252012 67.756732 1.615528 80.957281 nan 3.871760 0.000006 719.185727 0.003535
20.500660 2015 139.326311 3.691411 445.649995 38.910827 -0.249074 0.111745 -49.379469 3.440096 2.322678 5.035038 62.879740 6.629980 58.947727 nan 3.871762 0.000006 719.184663 0.003525
27.500660 2015 298.369626 7.541108 882.867384 41.597702 0.117735 0.003116 -34.695104 0.647471 9.099517 1.420155 58.946725 2.192839 77.908976 nan 3.871766 0.000008 719.182591 0.004476
34.500660 2015 805.519075 20.614960 1970.957715 132.825902 0.120062 0.009625 -45.267835 2.433071 8.570035 2.177046 63.529618 1.921020 82.846205 nan 3.871770 0.000008 719.180425 0.004726
41.500660 2015 281.589192 7.889137 678.554541 57.035387 0.115919 0.003241 -43.105584 1.006225 4.996752 1.327315 58.702805 1.648405 76.239686 nan 3.871772 0.000008 719.179366 0.004510
48.500660 2015 435.714254 15.188372 1603.986624 215.536406 0.083440 0.019893 -40.808782 1.544020 3.113419 1.669063 48.338602 1.794106 66.101193 nan 3.871777 0.000010 719.176575 0.005363
55.500660 2015 522.324706 16.284726 1363.432482 181.782059 0.121581 0.002639 -45.357722 1.015252 1.805265 1.224079 50.261073 1.432906 77.135499 nan 3.871780 0.000011 719.174718 0.006323
61.397882 2015 1305.825800 47.517423 5144.083947 691.631801 0.126852 0.002760 -46.765503 1.231956 1.399280 1.293329 48.512063 1.354702 78.545381 nan 3.871773 0.000014 719.178882 0.007861
69.500660 2015 555.526149 13.463903 1152.051047 66.094998 0.128292 0.002076 -45.041416 1.111143 0.336104 1.052950 46.027181 0.994757 76.450920 nan 3.871785 0.000011 719.171857 0.005899
76.500660 2015 2134.050307 80.816357 12610.637842 751.233808 0.107759 0.010690 -45.721217 3.644256 3.259380 2.450208 51.293653 1.256160 66.227469 nan 3.871791 0.000011 719.168676 0.006097
83.500660 2015 2441.349384 70.267497 8940.901379 658.910472 0.140491 0.008565 -43.758572 1.223434 0.214301 2.005398 44.503016 2.787362 69.487356 nan 3.871791 0.000011 719.168517 0.006156
90.500660 2015 799.834430 20.046340 2670.427621 107.374865 0.118416 0.001625 -37.580992 1.038437 2.539805 0.717230 39.309905 0.396024 63.418951 nan 3.871795 0.000012 719.166537 0.006806
97.500660 2015 593.569582 17.832538 1999.779990 228.787656 0.123663 0.003475 -38.420355 1.496426 3.597013 1.195003 41.842702 0.893581 63.669433 nan 3.871798 0.000012 719.165034 0.006619
104.500660 2015 1554.690898 51.967860 6271.170222 729.822702 0.119753 0.002699 -37.713622 1.415949 5.109000 1.111693 45.625140 0.807436 60.168435 nan 3.871801 0.000011 719.163375 0.006246
111.500660 2015 1458.583878 38.163420 4835.723786 328.864090 0.135597 0.002395 -38.910850 1.562723 7.188391 1.156175 45.949167 0.749626 65.260942 nan 3.871803 0.000012 719.162166 0.006416
118.500660 2015 523.529253 13.446707 1727.600000 80.320644 0.114815 0.003085 -34.242456 1.522274 10.032072 1.133494 45.696471 0.744714 55.866533 nan 3.871806 0.000012 719.160654 0.006882
125.500660 2015 459.292194 13.068034 1402.574731 138.754087 0.122543 0.002670 -32.843557 1.480339 11.942359 1.139460 47.381686 0.798582 58.836694 nan 3.871809 0.000012 719.158442 0.006793
132.500660 2015 1136.757412 35.076453 4240.053360 410.564877 0.119445 0.004042 -29.992602 1.897524 14.319850 1.533787 51.472858 1.170049 58.164713 nan 3.871812 0.000012 719.157156 0.006769
139.500660 2015 652.671909 17.283477 1826.315431 187.476875 0.121428 0.008069 -33.873341 2.133315 16.339269 1.552528 54.885999 0.971741 61.920915 nan 3.871813 0.000012 719.156239 0.006718
146.500660 2015 147.748409 3.358221 442.061896 14.677772 0.097017 0.004264 -27.029431 2.008236 19.246367 1.645735 56.409721 1.283234 51.348755 nan 3.871658 0.000012 719.242711 0.006937
152.964549 2015 99.494057 2.093240 210.412939 10.516393 0.073864 0.008886 -25.581553 3.036152 19.037902 2.683580 58.934517 2.331008 40.676390 nan 3.871674 0.000014 719.234060 0.007572
160.500660 2015 862.628781 24.008271 2526.102000 181.024055 0.099679 0.027518 -40.570530 3.917260 18.335777 3.943878 63.913188 3.970497 59.251398 nan 3.871664 0.000013 719.239361 0.007027
167.500660 2015 795.405493 21.193744 1648.070747 129.855007 0.140278 0.009267 -31.295970 1.934666 19.244467 1.434639 65.967613 0.934611 73.931116 nan 3.871667 0.000013 719.237864 0.006982
173.828438 2015 1830.226746 72.069179 10688.116063 699.693592 0.136640 0.013434 -35.876283 3.370552 19.985267 2.341357 65.966694 1.312163 71.029719 nan 3.871674 0.000014 719.234150 0.007593
188.500949 2015 771.638036 23.220500 2328.406506 298.679362 0.142667 0.012381 -32.434809 2.751923 17.431415 2.102482 66.522753 1.453041 75.884868 nan 3.871678 0.000012 719.231946 0.006811
195.500949 2015 1117.111275 31.107813 3100.404290 417.474854 0.163768 0.016968 -39.906357 4.451974 17.270164 2.905978 69.049262 1.359981 79.206135 nan 3.871681 0.000012 719.229999 0.006757
202.500949 2015 800.877387 27.960202 2476.575333 479.914037 0.122222 0.003493 -37.839254 1.178261 12.379533 1.504621 69.238313 1.830980 81.267347 nan 3.871687 0.000012 719.226863 0.006611
209.500949 2015 496.746870 10.742774 1122.284816 49.514562 0.146759 0.013746 -39.854685 3.985459 11.676527 2.942815 70.035025 1.900171 79.049334 nan 3.871689 0.000012 719.225713 0.006534
216.500949 2015 567.567210 26.658028 1299.236670 173.001740 0.184127 0.021450 -45.476417 6.907476 14.781128 4.123546 65.839435 1.339615 68.116122 nan 3.871692 0.000012 719.223663 0.006461
223.500949 2015 593.930930 16.594953 1621.042796 129.826645 0.157367 0.016277 -53.259225 5.601856 9.728770 3.625865 65.665157 1.649873 73.503201 nan 3.871696 0.000011 719.221644 0.006328
230.500949 2015 2754.605020 76.593707 9913.429179 422.546855 0.174874 0.021039 -51.180130 6.822396 11.283700 3.979073 57.774729 1.135749 62.780842 nan 3.871700 0.000011 719.219666 0.006226
237.500949 2015 1926.428647 66.182321 8346.743107 842.989712 0.133556 0.013924 -52.860009 4.428217 3.445559 3.255428 62.141487 2.082639 67.398413 nan 3.871703 0.000011 719.217536 0.006201
244.500949 2015 1396.821886 40.115773 5020.919552 485.981461 0.167512 0.018468 -54.212344 6.470352 7.227283 3.916209 54.684279 1.362065 65.253118 nan 3.871707 0.000011 719.215367 0.006024
251.500949 2015 2562.527651 84.918253 12324.767880 1058.026574 0.148611 0.016315 -58.257480 5.420937 4.014411 3.371741 47.815384 1.322545 62.304880 nan 3.871710 0.000010 719.213886 0.005806
258.500949 2015 1754.211647 43.921845 5420.055276 352.878087 0.161343 0.015931 -55.739899 5.235928 5.134413 3.092777 48.389121 0.949627 67.414516 nan 3.871716 0.000010 719.210538 0.005728
265.500949 2015 1257.515434 37.139822 4505.957357 535.443814 0.156945 0.016473 -48.738798 4.881872 5.548551 2.867577 45.753461 0.853282 63.196042 nan 3.871717 0.000010 719.210096 0.005692
272.348171 2015 428.057711 10.029402 1158.431279 56.881809 0.139815 0.013567 -45.241349 3.638998 5.047792 2.111373 40.564180 0.583748 60.437837 nan 3.871708 0.000010 719.214932 0.005608
279.500949 2015 2544.792245 82.990179 9720.059852 1069.497804 0.125000 0.023564 -43.207559 4.453560 7.714746 2.689225 40.417352 0.924890 52.500462 nan 3.871722 0.000010 719.207002 0.005522
286.500949 2015 3159.381530 85.975547 11098.457464 438.312502 0.137778 0.009049 -42.289109 2.367845 5.934826 1.404370 41.291320 0.440895 62.948258 nan 3.871726 0.000010 719.205012 0.005466
293.500949 2015 1269.328121 41.656352 4527.352536 501.284782 0.146759 0.014008 -35.643503 2.893739 9.194801 1.703922 42.347273 0.514105 59.174670 nan 3.871735 0.000010 719.200082 0.005628
300.500949 2015 355.853297 9.222295 1230.957096 73.789454 0.111538 0.003894 -31.175232 1.658633 9.281866 1.325364 44.865610 0.992096 54.935060 nan 3.871738 0.000010 719.198389 0.005772
307.500949 2015 1624.003927 56.501526 7945.466889 952.889411 0.128419 0.005171 -40.099873 1.893670 11.106394 1.434159 49.418578 0.974649 61.191678 nan 3.871741 0.000011 719.196405 0.005943
314.500949 2015 3108.444642 82.360335 10373.504250 397.829879 0.164976 0.017317 -36.956417 2.984985 14.380911 2.012581 53.245726 1.040177 62.067688 nan 3.871744 0.000011 719.195115 0.006176
321.500949 2015 1609.309272 45.128446 5931.076179 320.281619 0.126132 0.002775 -27.638220 1.542729 15.140216 1.251029 56.395706 0.959328 63.508651 nan 3.871747 0.000012 719.193523 0.006485
328.500949 2015 560.447815 16.376902 2433.009464 63.665654 0.101603 0.003320 -21.426636 1.716651 18.723185 1.450893 56.694419 1.185135 53.867384 nan 3.871751 0.000012 719.191175 0.006792
335.500949 2015 505.338202 12.524450 1282.236348 66.309253 0.119650 0.005579 -31.805464 2.047063 18.219352 1.876708 64.118737 1.706352 64.978352 nan 3.871755 0.000013 719.188783 0.007092
342.500949 2015 840.932701 18.410951 1900.283595 56.224142 0.142414 0.009831 -30.475005 1.989100 18.737379 1.722332 69.066838 1.455563 74.066095 nan 3.871757 0.000013 719.187486 0.007320
349.500949 2015 662.756307 17.890517 1612.281504 148.915520 0.130658 0.003702 -32.262847 1.334795 18.198695 1.529367 69.416066 1.723938 76.739955 nan 3.871761 0.000014 719.185646 0.007692
356.500949 2015 1771.545651 56.064171 8122.108519 647.067679 0.118930 0.004524 -31.756556 1.956530 19.400662 1.910378 69.775922 1.864226 73.762205 nan 3.871764 0.000014 719.184083 0.007889
363.500949 2015 1402.471019 44.075688 4834.866607 577.886728 0.131790 0.004029 -35.835524 1.278801 15.958464 1.551610 70.812247 1.824420 83.899590 nan 3.871772 0.000015 719.179520 0.008477
5.500949 2016 1465.134321 39.600267 4880.190464 393.016841 0.136934 0.002282 -36.726036 0.750663 14.635709 1.189239 67.428385 1.627815 89.494833 nan 3.871774 0.000016 719.178356 0.008653
12.500949 2016 615.592864 13.307472 1598.228900 78.194060 0.135700 0.002188 -39.297456 0.750004 12.451428 1.275551 68.381343 1.801097 90.448762 nan 3.871777 0.000016 719.176559 0.008956
19.500949 2016 843.315723 30.712395 3395.301296 550.329700 0.113141 0.004269 -39.340237 1.373176 9.497668 1.735119 63.925444 2.097063 76.591350 nan 3.871781 0.000017 719.174250 0.009213
26.500949 2016 664.940060 15.969992 1539.642871 118.144928 0.126923 0.004515 -47.306093 1.432550 6.572325 1.762272 63.788103 2.091994 85.587170 nan 3.871786 0.000017 719.171657 0.009440
33.500949 2016 249.717793 6.319731 632.141677 25.971516 0.094551 0.019283 -46.064382 1.397391 4.409887 1.536798 54.094958 1.676205 75.924952 nan 3.871789 0.000017 719.170228 0.009631
40.500949 2016 487.703398 13.931304 1303.573886 106.549134 0.113786 0.006161 -46.990281 2.905872 3.483450 2.896487 56.991302 2.887101 75.719609 nan 3.871791 0.000018 719.168619 0.009801
47.500949 2016 1614.923930 51.995815 7333.051611 406.586975 0.139530 0.008948 -50.412285 3.005002 1.903864 2.184751 54.164258 1.364499 81.746940 nan 3.871794 0.000018 719.166921 0.009890
54.500949 2016 1449.529742 39.289017 4451.752357 279.054396 0.125514 0.001318 -47.270861 0.963440 -0.330642 0.882733 48.029093 0.802025 79.785249 nan 3.871796 0.000018 719.166277 0.009895
61.500949 2016 599.878237 17.370645 2159.842893 108.881491 0.105864 0.002959 -44.940943 1.311867 -0.571030 1.133622 40.063757 0.955378 65.828378 nan 3.871800 0.000018 719.164097 0.009999
68.500949 2016 1114.157936 30.582111 3684.280964 254.426194 0.119341 0.003185 -43.621713 1.437494 -0.352344 1.238620 43.689802 1.039746 71.430678 nan 3.871801 0.000018 719.163114 0.009998
75.500949 2016 1205.006697 31.441797 3181.302233 207.743101 0.129321 0.002236 -47.487791 1.339082 0.273963 1.082028 46.833415 0.824975 74.011699 nan 3.871804 0.000018 719.161355 0.009967
82.500949 2016 919.345147 25.383351 2390.622267 192.256756 0.127160 0.001571 -42.877281 1.327684 1.257665 0.905421 41.853483 0.483158 70.436313 nan 3.871805 0.000018 719.160872 0.009930
88.603727 2016 348.424737 7.927325 757.217629 31.491172 0.131250 0.002835 -42.343498 1.578506 2.719730 1.163500 44.151953 0.748495 70.045492 nan 3.871768 0.000021 719.181678 0.011532
96.500949 2016 871.965724 23.536314 2264.477289 207.018896 0.125748 0.002599 -39.127872 1.569981 5.185032 1.094102 42.244217 0.618222 65.328845 nan 3.871810 0.000017 719.157989 0.009620
103.500949 2016 1114.743950 36.702338 4495.466722 481.578273 0.127778 0.003066 -39.192096 1.684292 6.513025 1.292057 47.025105 0.899822 64.789918 nan 3.871810 0.000017 719.158534 0.009603
110.500949 2016 972.514251 26.596586 2881.504821 233.149010 0.125214 0.002874 -42.596650 1.840310 8.858980 1.251400 46.790223 0.662490 62.924459 nan 3.871818 0.000017 719.153859 0.009448
117.500949 2016 354.541223 6.780486 635.719865 31.309277 0.147667 0.009487 -36.645756 2.349014 10.950464 1.546109 50.000275 0.743204 66.911879 nan 3.871819 0.000017 719.153091 0.009360
124.500949 2016 1289.027839 35.339868 3499.449516 267.364492 0.130769 0.002943 -36.003996 1.835222 12.781852 1.345275 52.771101 0.855327 65.780854 nan 3.871823 0.000016 719.151062 0.009184
131.500949 2016 3137.994166 89.604473 11572.485107 668.079713 0.132692 0.003484 -38.569580 1.907009 13.825229 1.489633 56.733552 1.072257 68.209207 nan 3.871827 0.000016 719.148704 0.009000
138.500949 2016 1439.791487 38.014647 5205.714286 203.731843 0.128601 0.003261 -33.662702 1.593516 16.252011 1.266418 58.088613 0.939320 67.459372 nan 3.871831 0.000016 719.146494 0.008823
145.500949 2016 641.613211 16.024264 2108.395710 92.674676 0.122840 0.013754 -31.440169 2.342589 18.675974 1.723632 61.116567 1.104676 65.254114 nan 3.871834 0.000016 719.144938 0.008683
152.500949 2016 459.490968 9.524267 849.017653 47.792498 0.134979 0.002415 -32.517140 1.322703 17.630852 1.176390 63.860877 1.030077 75.971936 nan 3.871838 0.000015 719.142779 0.008517
159.500949 2016 918.489318 33.149045 2615.167769 480.598380 0.136966 0.009851 -35.518342 2.166848 19.036468 1.562771 65.489222 0.958694 74.373190 nan 3.871842 0.000015 719.140159 0.008318
166.500949 2016 553.350112 13.166419 1197.697494 76.400396 0.141453 0.009282 -42.343299 2.116341 17.917773 1.529823 64.192885 0.943304 79.445899 nan 3.871847 0.000015 719.137690 0.008148
173.500949 2016 319.525384 7.067897 702.403005 44.743750 0.142556 0.009505 -34.041975 2.045071 17.588292 1.561435 67.691285 1.077799 82.855917 nan 3.871850 0.000014 719.135934 0.008037
180.500949 2016 285.404407 6.686593 823.849956 43.715463 0.154106 0.014052 -37.613350 3.531041 16.806812 2.459370 70.050811 1.387700 82.070471 nan 3.871854 0.000014 719.133775 0.007912
187.500949 2016 337.500844 12.421114 1102.370509 145.170745 0.131713 0.011580 -40.507816 3.940288 15.857300 2.868748 71.576701 1.797208 78.779562 nan 3.871859 0.000014 719.130956 0.007747
194.500949 2016 823.480902 18.072457 1943.808722 65.426678 0.188333 0.022966 -41.388845 6.913989 17.585425 4.164008 71.664694 1.414027 69.873040 nan 3.871863 0.000014 719.128630 0.007625
201.500949 2016 417.244449 9.443632 1111.000720 49.449825 0.145023 0.013894 -44.672649 4.244220 12.316404 3.115824 70.765818 1.987427 79.466397 nan 3.871866 0.000014 719.127081 0.007570
208.500949 2016 787.863497 21.094316 1951.700078 129.682309 0.167391 0.019226 -45.740986 6.300071 12.655414 4.016372 68.582919 1.732674 71.967774 nan 3.871869 0.000013 719.125180 0.007508
215.500949 2016 1037.499179 30.441093 2848.408645 321.377871 0.156482 0.021557 -52.559241 6.787534 12.209025 4.157092 63.346235 1.526649 69.672743 nan 3.871665 0.000014 719.239139 0.007670
222.500949 2016 1345.853633 29.450273 2898.161857 113.171863 0.163310 0.021271 -59.877785 6.108174 3.584771 5.623115 62.185581 5.138056 71.976109 nan 3.871665 0.000014 719.239180 0.007660
229.500949 2016 616.690822 14.241442 1385.452482 73.504575 0.146000 0.013338 -53.446932 4.886696 3.675167 3.003967 50.683267 1.121238 76.380770 nan 3.871667 0.000014 719.237933 0.007696
236.500949 2016 708.300240 20.737180 1909.815633 214.169632 0.139222 0.014114 -56.530157 4.733326 2.311283 3.237846 53.137096 1.742365 70.445864 nan 3.871668 0.000014 719.237268 0.007713
243.500949 2016 1301.921744 48.436544 6173.719263 930.097905 0.145222 0.022814 -55.147894 5.357935 -1.531148 5.149067 47.036190 4.940198 61.551056 nan 3.871673 0.000014 719.234339 0.007789
257.500949 2016 1236.251524 35.471553 4392.276143 238.270441 0.129380 0.009369 -49.150018 3.020051 0.620375 1.814921 40.529209 0.609790 67.480328 nan 3.871678 0.000015 719.231868 0.008108
264.500949 2016 486.508258 11.909561 1170.849579 108.623959 0.167551 0.020691 -48.645242 5.779624 7.310478 3.395984 44.627759 1.012344 58.794437 nan 3.871675 0.000014 719.233644 0.007985
271.500949 2016 2646.526586 87.779156 10900.040400 1022.495334 0.160145 0.016833 -48.023937 4.429038 5.317675 2.591530 43.921531 0.754022 62.179632 nan 3.871684 0.000015 719.228339 0.008548
278.500949 2016 2743.856247 73.427529 8818.961643 397.042070 0.172349 0.019423 -45.916919 4.708412 8.858673 2.639885 42.241499 0.571358 59.580312 nan 3.871686 0.000016 719.227122 0.008830
285.500949 2016 1587.843509 50.014527 6441.145815 698.813772 0.118827 0.009964 -37.329211 2.205486 6.249151 1.557163 45.181981 0.908840 63.909977 nan 3.871689 0.000016 719.225922 0.009160
292.500949 2016 1919.373525 43.021272 5285.580929 179.220292 0.209306 0.023891 -40.969910 5.287562 14.118367 2.993329 48.733082 0.699097 59.717624 nan 3.871692 0.000017 719.224004 0.009484
299.500949 2016 2704.048825 82.821104 9761.589231 865.154435 0.106151 0.019334 -34.963045 2.572093 9.962585 2.685256 50.881333 2.798418 59.319316 nan 3.871696 0.000018 719.221843 0.009804
306.500949 2016 2454.436602 66.294827 8509.885929 425.467496 0.122917 0.016762 -34.268791 2.815354 13.513080 1.879200 54.327696 0.943046 64.112840 nan 3.871699 0.000018 719.220059 0.010205
313.500949 2016 937.563125 25.528462 3253.714897 186.457359 0.120165 0.003618 -28.968166 1.314417 14.414763 1.357843 59.531739 1.401270 62.249965 nan 3.871702 0.000019 719.218359 0.010576
320.500949 2016 574.796880 12.512020 1436.086532 48.849496 0.140021 0.003086 -34.690322 1.431018 14.538214 1.248297 61.711395 1.065577 73.720962 nan 3.871707 0.000020 719.215944 0.010936
327.500949 2016 614.578996 18.858523 1591.163951 169.291721 0.124589 0.004467 -36.035689 1.752495 16.720343 1.605138 66.416875 1.457780 69.421357 nan 3.871712 0.000020 719.213109 0.011326
334.500949 2016 670.672085 14.597882 1696.319089 43.710421 0.135700 0.002462 -30.222271 1.242920 17.085154 1.264026 67.699199 1.285131 77.921260 nan 3.871715 0.000021 719.211076 0.011724
341.500949 2016 574.856408 14.573320 1533.301402 79.720433 0.124074 0.003674 -31.942832 1.522367 18.006141 1.587849 71.107468 1.653331 75.701876 nan 3.871722 0.000022 719.207439 0.012349
348.500949 2016 642.029435 13.479331 1550.108368 51.421768 0.137757 0.003153 -37.474450 0.995731 16.707134 1.286035 72.443997 1.576339 85.599998 nan 3.871728 0.000023 719.204230 0.012705
355.500949 2016 875.803807 27.109435 3368.869915 273.103845 0.119841 0.007607 -38.070072 2.491613 17.695066 2.108536 69.011311 1.725460 80.827049 nan 3.871729 0.000023 719.203616 0.012733
362.500949 2016 1198.758549 27.670549 2691.424657 117.334318 0.136111 0.002965 -38.856363 0.850703 13.774031 1.308546 69.542848 1.766389 90.643241 nan 3.871732 0.000023 719.201749 0.013036
