345.002338 2006 743.609548 21.790571 1570.377763 117.991785 0.132937 0.002176 -71.578703 2.633788 -11.815178 1.940414 44.024362 1.247040 91.012889 nan 3.871063 0.000129 719.581204 0.071753
353.501921 2006 3246.802181 88.943499 12478.514571 551.207375 0.138580 0.002125 -72.561401 1.741302 -14.119837 1.219568 40.468907 0.697834 91.980362 nan 3.871822 0.000090 719.157245 0.050022
360.501921 2006 1968.023517 48.477067 6783.580964 105.279364 0.141152 0.002049 -71.513146 1.608094 -15.244087 1.274437 41.682874 0.940780 90.571771 nan 3.871831 0.000090 719.152497 0.050292
2.501921 2007 1152.572369 30.240390 3864.114250 272.044435 0.129630 0.003295 -71.478847 1.585212 -16.281782 1.438437 36.822923 1.291661 81.198739 nan 3.871833 0.000091 719.150940 0.050526
9.501921 2007 602.615287 13.406087 1855.961750 48.132839 0.140889 0.009232 -68.920587 1.549876 -17.087160 1.733162 31.827463 1.916447 78.084059 nan 3.871841 0.000091 719.146675 0.050786
16.501921 2007 653.486142 13.983775 1474.772808 42.474721 0.135898 0.003833 -66.561793 1.325679 -15.688400 1.524903 36.169008 1.724127 77.148980 nan 3.871844 0.000092 719.145387 0.051121
23.501921 2007 510.458882 10.236106 1115.938136 36.717223 0.162198 0.017374 -63.983513 1.436336 -17.178506 2.317048 31.806763 3.197761 68.961226 nan 3.871851 0.000092 719.141386 0.051475
30.501921 2007 739.289875 17.980861 2002.808763 115.289311 0.132158 0.004979 -59.113200 1.286916 -13.752081 1.557143 33.511113 1.827371 69.628009 nan 3.871849 0.000093 719.142801 0.051781
37.501921 2007 408.109360 8.677980 983.736345 43.787663 0.142201 0.009597 -56.017769 0.967682 -11.980810 1.598026 36.355758 2.228371 67.869755 nan 3.871856 0.000093 719.139006 0.052013
44.501921 2007 485.308716 13.811751 1564.137594 79.247831 0.130556 0.011325 -50.969899 1.593090 -9.788712 2.155206 36.759193 2.717323 60.819034 nan 3.871853 0.000094 719.140684 0.052314
51.501921 2007 273.875510 6.004139 748.519648 30.458012 0.128395 0.002565 -49.403006 0.844904 -7.222281 1.099546 34.439040 1.354189 65.805765 nan 3.871848 0.000094 719.143456 0.052315
58.501921 2007 409.815618 11.373091 1416.180556 91.735830 0.131944 0.010626 -44.831702 1.244761 -5.521341 1.993195 41.413154 2.741628 61.599336 nan 3.871843 0.000094 719.145850 0.052289
65.501921 2007 478.112368 11.274236 1326.628274 58.636348 0.154630 0.012711 -43.613453 0.576324 -5.979370 2.047857 44.014902 3.519391 66.656939 nan 3.871849 0.000095 719.143078 0.052723
72.501921 2007 471.805322 10.539940 1176.637202 50.767182 0.171465 0.020237 -42.718917 0.655307 -8.142633 3.113279 42.877406 5.571252 58.765813 nan 3.871854 0.000096 719.139945 0.053472
86.501921 2007 554.474187 15.088209 1304.205697 154.158943 0.171164 0.020350 -39.067509 5.695682 4.330957 4.662315 51.219970 3.628949 59.756374 nan 3.871853 0.000097 719.141131 0.054088
93.501921 2007 1171.708605 27.262405 3014.014149 66.269947 0.155314 0.014020 -46.307284 4.815890 5.730535 3.148009 57.013633 1.480128 73.356766 nan 3.871860 0.000097 719.137179 0.054276
99.110255 2007 839.998060 25.315622 2206.018273 77.459093 0.135318 0.017965 -39.387467 5.468716 5.979684 3.656148 51.567443 1.843581 68.318964 nan 3.871715 0.000126 719.217747 0.070073
107.501921 2007 254.781926 5.857453 637.730162 40.567916 0.138889 0.014182 -49.259937 4.592934 5.993486 3.129270 60.978926 1.665606 69.987309 nan 3.871866 0.000098 719.133780 0.054702
114.501921 2007 416.750546 15.030985 1486.544459 178.576097 0.113310 0.024583 -53.650325 0.979347 -0.306948 2.393568 60.579011 3.807789 79.013200 nan 3.871863 0.000098 719.135760 0.054728
121.502083 2007 1140.642055 26.535179 2863.637056 65.774116 0.163310 0.015638 -59.177510 5.467882 2.223108 4.649151 60.321454 3.830419 78.464570 nan 3.871832 0.000098 719.152519 0.054687
128.502083 2007 464.573383 11.892043 1161.331082 97.700456 0.167270 0.017944 -60.309988 1.403670 -8.676219 4.122895 54.510687 6.842120 71.437336 nan 3.871832 0.000098 719.153020 0.054713
135.502083 2007 159.686966 3.662052 415.790739 28.151511 0.081838 0.024575 -56.730471 1.936503 -5.340332 2.558873 43.795243 3.181243 61.015873 nan 3.871845 0.000098 719.145793 0.054685
142.502083 2007 1108.691900 37.628319 4698.133176 197.179136 0.210417 0.024665 -62.498016 1.155304 -18.374478 4.828009 43.973899 8.500714 60.237398 nan 3.871844 0.000098 719.145791 0.054502
149.502083 2007 1711.138207 38.770417 3853.943968 125.172578 0.186238 0.021328 -69.654702 1.446776 -17.187913 4.205066 41.099436 6.963356 72.178210 nan 3.871857 0.000097 719.138744 0.054301
156.502083 2007 1037.246284 26.506289 3058.242821 119.140554 0.153935 0.015479 -70.482403 1.900907 -14.083390 3.036549 42.444734 4.172192 77.341000 nan 3.871862 0.000097 719.135757 0.054174
163.502083 2007 553.297153 12.264566 1521.214182 54.279788 0.156018 0.015485 -69.467448 1.698658 -15.901882 2.860984 40.358953 4.023309 77.085250 nan 3.871877 0.000097 719.127415 0.054029
170.502083 2007 353.303450 7.666857 873.342373 59.120066 0.197639 0.024057 -65.565031 1.201438 -22.133679 3.410509 34.141280 5.619581 67.812624 nan 3.871879 0.000096 719.126085 0.053754
177.502083 2007 206.336109 4.871622 467.572332 39.421373 0.112607 0.006485 -64.404836 2.207344 -17.166205 2.254737 31.654595 2.302130 70.397633 nan 3.871890 0.000096 719.120188 0.053463
184.502083 2007 202.993789 5.616032 603.273928 52.074045 0.094097 0.020864 -66.045448 3.550694 -19.667064 3.964542 32.594355 4.378389 41.040189 nan 3.871893 0.000096 719.118499 0.053231
191.502083 2007 365.949360 12.755551 1095.637800 128.723576 0.139372 0.032407 -65.430298 2.605885 -20.209553 3.481998 33.768138 4.358112 64.055488 nan 3.871902 0.000095 719.113412 0.052981
198.502083 2007 564.684826 13.486420 1472.461051 60.778239 0.174748 0.019847 -63.737103 1.385728 -19.785363 2.553732 34.155237 3.721735 67.886409 nan 3.871901 0.000094 719.114079 0.052634
205.502083 2007 277.557772 6.205345 731.853575 46.315097 0.146333 0.009290 -60.310059 1.166146 -14.961776 1.635164 32.925629 2.104182 70.545642 nan 3.871908 0.000094 719.110025 0.052229
212.502083 2007 322.701784 7.924225 1034.246376 49.059233 0.151175 0.009225 -56.122319 1.133230 -13.532032 1.678211 38.288151 2.223192 70.692095 nan 3.871905 0.000093 719.111381 0.051895
219.502083 2007 445.053915 11.010078 1066.248024 55.618239 0.140021 0.010812 -56.204733 2.347825 -12.035151 2.660517 37.009637 2.973208 63.611397 nan 3.871908 0.000093 719.109376 0.051541
226.502083 2007 303.437591 6.975584 774.230389 40.404167 0.136317 0.002253 -50.338239 0.997786 -9.401372 1.199365 34.987386 1.400944 67.345023 nan 3.871908 0.000092 719.109462 0.051137
240.502083 2007 252.984854 6.968761 809.708680 49.303799 0.122123 0.008736 -47.239043 3.112629 -4.937057 3.167303 38.743336 3.221977 60.178953 nan 3.871728 0.000088 719.209381 0.048942
247.502083 2007 749.882169 20.069761 1968.280738 163.673719 0.141667 0.003006 -48.304723 0.746477 -3.729931 1.171241 43.348618 1.596004 71.624070 nan 3.871730 0.000087 719.208370 0.048631
268.502083 2007 529.690796 18.135805 1418.987458 147.272903 0.149145 0.009243 -43.651562 2.992480 2.728049 2.326826 52.143342 1.661173 75.906660 nan 3.871732 0.000086 719.206839 0.047855
275.502083 2007 890.744152 20.273665 2310.166696 59.781962 0.139103 0.001810 -45.980016 0.645565 1.666098 0.961884 50.853988 1.278203 81.574884 nan 3.871732 0.000086 719.206640 0.047657
282.502083 2007 578.625453 13.388683 1401.677780 36.487318 0.121581 0.002318 -41.428924 0.698945 2.065596 0.968699 50.678764 1.238452 74.769591 nan 3.871739 0.000085 719.203119 0.047465
296.502083 2007 477.069860 13.729952 1203.298706 132.136238 0.134877 0.002341 -51.997643 1.064493 0.847659 1.174139 53.395446 1.283784 87.403940 nan 3.871748 0.000085 719.197941 0.047243
303.502083 2007 534.577195 12.794606 1509.177009 89.722753 0.139918 0.012506 -57.616036 3.187101 -0.954276 3.439900 55.632359 3.692699 86.029557 nan 3.871750 0.000085 719.196423 0.047126
310.502083 2007 185.314140 4.068950 507.756854 14.146082 0.111523 0.001790 -52.244137 1.132884 -2.705347 0.981835 43.853204 0.830786 75.499171 nan 3.871757 0.000084 719.192954 0.047055
317.502083 2007 155.928110 3.126776 312.001419 12.804434 0.099352 0.013461 -66.952445 2.113536 -8.784122 3.353351 53.710395 4.593166 76.259125 nan 3.871761 0.000084 719.190331 0.047083
324.502083 2007 636.930999 19.220207 2199.958321 183.868494 0.135391 0.002430 -66.402022 1.780552 -7.755801 1.452165 46.248910 1.123777 92.117682 nan 3.871774 0.000085 719.183507 0.047142
331.502083 2007 499.362115 10.729088 1119.624269 50.997886 0.134156 0.001851 -67.503782 1.665551 -10.161345 1.295647 48.773399 0.925744 90.856621 nan 3.871774 0.000085 719.183252 0.047188
338.502083 2007 279.496576 6.414033 624.137823 12.287158 0.100192 0.008721 -63.032448 1.517339 -15.145067 2.808203 48.766025 4.099067 70.506489 nan 3.871788 0.000085 719.175586 0.047293
345.502083 2007 263.971366 6.540419 761.909021 45.833498 0.075159 0.015741 -68.809722 5.919530 -12.317961 5.365439 77.297075 4.811349 64.288867 nan 3.871791 0.000085 719.173646 0.047536
352.502083 2007 606.215915 14.750076 1830.942455 65.101405 0.128544 0.010887 -75.448746 4.585062 -12.411028 3.725742 59.510869 2.866423 82.254285 nan 3.871807 0.000086 719.165039 0.047823
359.502083 2007 371.169313 7.539608 924.398935 31.836429 0.115657 0.016340 -70.704521 3.280866 -19.758690 4.610843 64.381665 5.940820 72.328984 nan 3.871805 0.000086 719.166385 0.048049
1.502083 2008 213.107836 4.780507 524.299578 22.112356 0.104915 0.001596 -65.238766 1.425374 -18.785786 1.420862 24.549086 1.416351 63.723841 nan 3.871819 0.000087 719.158702 0.048317
8.502083 2008 378.449478 8.851566 1195.619639 34.728257 0.152778 0.009530 -66.561414 1.179893 -16.841995 1.600072 32.430286 2.020251 76.904817 nan 3.871814 0.000087 719.161376 0.048696
15.502083 2008 503.294994 10.990713 1336.471713 49.006660 0.141461 0.003512 -61.859600 1.100999 -14.768719 1.267001 32.528969 1.433004 74.317622 nan 3.871823 0.000088 719.156305 0.049098
22.502083 2008 382.111541 8.132100 956.330346 45.384087 0.133974 0.002318 -58.424714 0.964364 -14.379711 1.237722 31.459705 1.511080 68.938680 nan 3.871820 0.000089 719.158294 0.049375
29.502083 2008 355.886575 11.975061 1022.249988 157.330202 0.111494 0.010722 -53.624907 1.054707 -14.184832 1.766345 32.047172 2.477983 61.608415 nan 3.871830 0.000089 719.152730 0.049622
36.502083 2008 543.407851 12.607613 1421.336966 52.864183 0.126667 0.013170 -52.660851 2.776719 -12.270729 3.363044 44.028717 3.949369 59.026844 nan 3.871830 0.000090 719.152841 0.049966
43.502083 2008 673.373313 14.117051 1683.476760 53.453221 0.135249 0.026406 -52.886352 4.999626 -11.747973 5.355363 52.649704 5.711100 43.519828 nan 3.871837 0.000090 719.148733 0.050338
50.502083 2008 552.144235 10.972699 1189.474052 44.136222 0.189141 0.021418 -44.890593 0.629225 -12.306920 2.789562 43.541789 4.949899 57.006321 nan 3.871829 0.000091 719.153586 0.050610
57.502083 2008 751.510087 28.857580 2710.814348 633.508324 0.169697 0.019957 -42.368675 0.538119 -10.550114 2.597348 36.648719 4.656577 55.312484 nan 3.871835 0.000091 719.149907 0.050863
64.502083 2008 840.907314 19.285773 2210.233320 74.468819 0.182576 0.021391 -45.257363 0.532935 -10.595665 3.020854 41.978526 5.508773 55.283050 nan 3.871826 0.000092 719.155236 0.051212
71.502083 2008 1099.541251 23.957907 2748.518826 97.683836 0.206579 0.025700 -41.419732 4.056182 -9.146443 5.590862 39.119837 7.125543 49.738137 nan 3.871831 0.000093 719.152432 0.051595
78.502083 2008 807.301368 18.570701 1996.439176 115.004250 0.138079 0.026962 -41.975170 3.059031 -7.829651 4.763307 51.045522 6.467582 53.324940 nan 3.871826 0.000093 719.155485 0.051858
91.702083 2008 1735.549030 44.691938 4177.520676 121.650106 0.194271 0.025757 -45.468333 9.127022 11.362962 5.155468 53.198485 1.183913 59.982254 nan 3.871892 0.000107 719.119041 0.059659
99.502083 2008 998.430524 19.774404 2096.065327 52.079822 0.161458 0.028880 -49.443381 8.140292 13.042101 5.973462 55.167739 3.806632 51.670679 nan 3.871837 0.000094 719.149259 0.052545
106.502083 2008 635.675399 13.009806 1316.585956 56.136357 0.182449 0.021330 -51.870095 6.449106 2.521203 5.946308 55.322893 5.443511 62.960284 nan 3.871844 0.000094 719.145573 0.052630
113.502083 2008 661.989867 19.234171 2270.128913 111.878834 0.151157 0.021498 -60.274857 1.505955 -8.500522 4.139553 59.426243 6.773151 64.749338 nan 3.871844 0.000094 719.145635 0.052635
119.518750 2008 835.776537 22.302737 2402.570923 73.980885 0.175174 0.022502 -63.913118 6.027200 -4.369416 6.485771 55.259026 6.944341 71.535270 nan 3.871810 0.000111 719.164354 0.062014
127.502083 2008 502.681020 9.300658 1026.834623 32.395056 0.199868 0.022661 -65.060611 1.207449 -15.157332 4.766505 57.033672 8.325562 65.350367 nan 3.871853 0.000094 719.140593 0.052638
141.502083 2008 264.422513 6.311569 651.386495 41.487884 0.127885 0.011011 -69.603211 2.316376 -10.768772 2.742779 41.788385 3.169183 76.165777 nan 3.871867 0.000094 719.132616 0.052373
148.502083 2008 196.634536 4.292577 483.753396 23.825623 0.161805 0.015392 -68.413034 1.443731 -15.192480 2.877238 39.714506 4.310745 79.853446 nan 3.871876 0.000094 719.127891 0.052211
155.502083 2008 149.454039 3.445821 419.516667 24.983211 0.104977 0.038874 -66.216270 2.372804 -18.306575 3.474370 34.842022 4.575937 69.406686 nan 3.871885 0.000094 719.122430 0.052098
162.502083 2008 130.308234 3.026432 375.674336 21.715228 0.097705 0.049977 -65.803438 1.167226 -21.481382 2.714298 33.485303 4.261369 73.684132 nan 3.871894 0.000093 719.117739 0.051868
169.502083 2008 575.932550 12.804060 1436.924360 50.282521 0.179419 0.018615 -66.786682 1.241306 -19.701496 2.707777 40.139921 4.174247 75.613778 nan 3.871901 0.000093 719.113393 0.051636
176.502083 2008 272.625582 5.902954 744.235800 30.810752 0.143982 0.019780 -66.598881 1.580463 -21.001696 2.425328 32.950124 3.270193 68.079694 nan 3.871904 0.000092 719.111818 0.051385
190.502083 2008 118.780750 6.603959 873.995010 267.220179 0.673667 0.031512 -42.824570 0.521973 -10.627980 1.255434 11.865416 1.988895 39.338474 nan 3.871910 0.000091 719.108179 0.050823
197.502083 2008 400.294166 9.220664 1138.099980 46.473615 0.180676 0.018035 -59.258263 1.177056 -18.454045 2.287594 32.955363 3.398132 66.369562 nan 3.871911 0.000091 719.107668 0.050504
204.502083 2008 332.828529 9.073176 946.449402 63.307211 0.139403 0.003211 -55.857916 1.002580 -13.576876 1.361114 34.964892 1.719648 68.128273 nan 3.871919 0.000090 719.103055 0.050178
211.502083 2008 151.074832 3.248562 392.893450 18.368643 0.126029 0.002929 -51.830916 0.963231 -12.935984 1.323745 35.519644 1.684258 61.253992 nan 3.871920 0.000089 719.102761 0.049836
225.502083 2008 406.803223 10.659647 1064.501226 72.503244 0.140844 0.002589 -49.384451 0.984814 -7.824863 1.237418 36.924338 1.490023 66.121592 nan 3.871920 0.000088 719.102296 0.049069
232.502083 2008 310.372030 8.646654 932.029123 80.277644 0.145085 0.009733 -47.742685 0.853013 -7.408966 1.771733 36.960000 2.690453 62.885327 nan 3.871923 0.000088 719.100868 0.048761
239.502083 2008 132.059435 2.991805 338.860825 12.662740 0.113580 0.002186 -40.878696 0.683934 -4.821337 0.985727 33.015977 1.287520 57.252159 nan 3.871916 0.000087 719.104502 0.048450
253.502083 2008 310.095915 6.198866 747.727948 27.923577 0.139815 0.002038 -44.869773 0.526767 -1.240292 0.880539 43.712238 1.234311 73.285321 nan 3.871915 0.000086 719.104623 0.047870
260.502083 2008 292.624534 8.357991 828.641976 58.433097 0.130449 0.003700 -41.695585 1.041268 0.093552 1.239714 45.541186 1.438159 71.478047 nan 3.871803 0.000084 719.167315 0.046788
274.502083 2008 237.782891 9.916290 1543.594668 103.007541 1.781418 0.225540 -44.642603 0.501356 2.061944 0.606185 50.261271 0.711015 79.850257 nan 3.871706 0.000082 719.220962 0.045546
281.502083 2008 416.986263 13.852696 1289.079775 105.333298 0.127366 0.005748 -49.001132 2.241600 0.925372 2.166552 50.573996 2.091504 78.178876 nan 3.871702 0.000081 719.223251 0.045416
288.502083 2008 569.105411 16.084496 1434.747678 119.836311 0.137757 0.001361 -52.350363 0.959317 -0.106025 0.966527 52.377017 0.973737 86.742772 nan 3.871716 0.000081 719.215390 0.045393
295.502083 2008 170.595466 3.714165 386.812215 25.522002 0.125309 0.002442 -54.190863 1.301871 -1.136519 1.154193 47.627695 1.006515 81.306230 nan 3.871710 0.000081 719.218626 0.045308
302.502083 2008 198.791924 5.569062 858.815672 52.202010 -0.318827 0.149857 -61.243216 4.829144 1.247048 3.680130 50.859432 2.531117 62.814573 nan 3.871722 0.000081 719.212115 0.045185
309.502083 2008 140.712081 4.312309 443.429000 42.561591 0.012448 0.061943 -61.876502 1.539936 -6.729785 1.196171 45.738436 0.852407 83.116958 nan 3.871722 0.000081 719.212006 0.045181
316.502083 2008 187.242297 5.340710 648.988091 31.040475 0.047222 0.005728 -64.427597 5.006317 -8.122119 5.033607 44.503656 5.060896 31.255601 nan 3.871735 0.000081 719.204746 0.045319
337.502083 2008 78.620168 4.436800 299.246713 50.209542 1.578283 0.170867 -69.334778 3.467965 -29.862062 3.706263 33.106755 3.944560 16.679644 nan 3.871754 0.000082 719.194366 0.045645
365.502083 2008 51.305051 2.421930 208.691230 21.102541 -206.360683 22.441920 -62.045474 2.970323 -35.815198 3.217388 28.095531 3.464454 5.944244 nan 3.871777 0.000084 719.181712 0.046811
41.502083 2009 71.223157 4.222457 242.968480 37.936529 -4.603423 0.272847 -41.689292 1.709762 -32.698413 1.842579 29.248861 1.975396 3.779971 nan 3.871795 0.000088 719.172086 0.048817
48.502083 2009 199.026373 5.807348 607.945434 44.788512 0.060846 0.012495 -44.067261 3.789484 -7.257503 3.855274 36.084262 3.921064 21.212544 nan 3.871791 0.000088 719.174209 0.049087
55.502083 2009 93.602505 2.884231 315.189136 26.531412 -0.638312 0.121063 -38.362376 3.638199 -5.056526 3.580618 40.387094 3.523037 9.415955 nan 3.871790 0.000089 719.174918 0.049410
62.502083 2009 71.567355 2.213013 272.080674 11.739369 -0.056250 0.031722 -38.541954 4.070126 -3.379911 4.061898 41.962694 4.053671 14.173806 nan 3.871788 0.000089 719.176223 0.049825
69.502083 2009 127.826340 4.483264 416.606502 32.529537 -0.023611 0.246179 -42.818413 3.716096 -6.511921 3.978497 45.960659 4.240898 31.431591 nan 3.871792 0.000090 719.174213 0.050113
76.502083 2009 137.120728 4.269934 502.266398 32.559715 0.017404 0.014451 -41.639325 3.792051 -2.323971 3.890609 47.719746 3.989168 17.319237 nan 3.871790 0.000090 719.175046 0.050369
83.502083 2009 96.703157 2.853436 373.783577 12.169208 0.018576 0.013857 -43.602195 4.458530 -3.679530 4.530079 51.591515 4.601627 13.656655 nan 3.871797 0.000091 719.171143 0.050624
97.502083 2009 69.150382 3.768852 668.403854 53.930732 0.692333 0.234983 -45.495491 6.078983 1.003736 5.887055 50.379156 5.695126 28.433904 nan 3.871801 0.000092 719.168914 0.050993
104.502083 2009 83.188036 3.069324 347.524486 21.886927 -0.210957 0.062296 -51.928224 4.409852 -7.305138 4.507711 41.930102 4.605571 13.391888 nan 3.871801 0.000092 719.169337 0.051064
125.502083 2009 102.056347 5.408071 823.907309 98.260736 1.127556 0.263828 -64.578148 5.517761 -8.243022 5.599068 41.197249 5.680376 38.677205 nan 3.871820 0.000092 719.158403 0.051076
174.502083 2009 16.448545 1.076743 195.506375 11.561883 0.048538 0.129428 -61.867569 7.027223 -15.584052 7.247981 26.645622 7.468738 5.834544 nan 3.871861 0.000090 719.135667 0.050111
195.502083 2009 68.365221 2.459157 295.472789 18.053261 1.359906 0.294885 -53.305344 3.408532 -10.765679 4.187027 45.571223 4.965523 31.548210 nan 3.871879 0.000089 719.125338 0.049314
201.313194 2009 328.362449 20.966343 2848.423757 635.630468 -0.212870 0.067160 -52.075729 4.693561 -13.677019 5.169952 36.744397 5.646343 25.314095 nan 3.871909 0.000108 719.108427 0.059925
209.502083 2009 137.843902 3.170996 343.299328 21.324589 -0.034588 0.059140 -50.776372 2.882580 -7.768164 2.036351 28.564141 1.190123 49.603799 nan 3.871883 0.000087 719.122728 0.048611
216.502083 2009 113.100597 3.487371 387.149535 31.770098 0.832323 0.334796 -46.591797 4.141301 -6.652792 3.945117 32.950231 3.748932 26.093110 nan 3.871883 0.000087 719.122845 0.048248
230.502083 2009 102.922901 4.437251 631.872383 65.908110 2.120808 0.194350 -42.756350 1.993575 -4.508897 2.338360 36.671545 2.683144 56.923783 nan 3.871878 0.000086 719.125578 0.047819
293.502083 2009 95.392504 5.014321 871.748765 80.549431 0.023148 0.053510 -55.204502 7.502167 -0.441996 6.211849 42.919173 4.921531 66.923046 nan 3.871902 0.000083 719.111731 0.046501
300.502083 2009 118.989213 4.332545 479.479009 46.588845 -0.650944 0.144253 -60.187356 4.474047 -16.094587 4.573228 44.719122 4.672410 24.225825 nan 3.871910 0.000083 719.107466 0.046452
321.502083 2009 42.879673 1.834093 223.452529 13.491777 -1.326599 0.203167 -72.369497 3.513829 -20.983047 4.149554 50.686693 4.785280 61.824665 nan 3.871805 0.000086 719.165995 0.047721
328.502083 2009 43.424185 1.815018 220.042185 13.477761 -1.422727 0.213241 -66.346483 4.297952 -24.164833 4.031863 41.055415 3.765773 32.618193 nan 3.871727 0.000087 719.209947 0.048340
19.502083 2010 94.795757 3.918792 383.429362 38.668317 2.399499 0.177613 -46.817633 1.261257 -4.634625 1.668415 28.009244 2.075572 52.201247 nan 3.871768 0.000091 719.187558 0.050625
33.502083 2010 84.834633 3.069790 397.911538 21.768737 1.816764 0.325085 -43.457876 3.228015 -6.950162 3.167512 32.586346 3.107009 25.813575 nan 3.871763 0.000092 719.190414 0.051253
47.502083 2010 178.390288 6.168643 644.173265 59.388513 1.834173 0.391037 -39.269819 3.793661 4.156643 3.492324 37.427199 3.190988 21.539577 nan 3.871763 0.000093 719.190543 0.051945
68.502083 2010 106.907582 4.067430 421.351170 31.028208 0.048168 0.149696 -41.013458 4.500514 -3.335855 4.504991 41.013458 4.509468 10.817865 nan 3.871759 0.000095 719.193025 0.052827
75.502083 2010 69.927246 2.443184 278.708336 18.179847 -0.839098 0.166081 -43.082620 4.124550 13.549777 4.095324 46.203485 4.066098 8.240035 nan 3.871769 0.000096 719.187768 0.053238
89.502083 2010 126.084877 5.089167 420.299691 51.957120 0.122697 0.335780 -54.770950 4.802494 0.180554 4.632996 51.547764 4.463499 41.620300 nan 3.871770 0.000096 719.187199 0.053602
96.502083 2010 4138.759061 128.782428 15588.035043 989.886277 0.150111 0.016802 -56.563107 2.654581 -6.135341 4.136415 53.705706 5.618248 65.263463 nan 3.871769 0.000096 719.187680 0.053672
103.502083 2010 1762.236889 63.994650 6215.526586 770.504501 0.137180 0.008569 -59.175438 1.677309 -4.446037 2.293743 46.526327 2.910177 77.721706 nan 3.871776 0.000097 719.183741 0.053922
108.857639 2010 397.449856 14.544801 1530.002267 91.284375 0.109722 0.003173 -54.989376 2.035420 -4.429915 1.653493 39.120751 1.271567 69.945535 nan 3.871906 0.000133 719.111160 0.073948
117.510417 2010 202.672034 5.300068 694.752482 62.408234 0.119641 0.019881 -51.069400 2.214703 -9.444029 3.554749 48.297655 4.894795 49.990663 nan 3.871808 0.000097 719.165774 0.053876
124.502083 2010 1407.549443 35.885575 3963.774690 296.479638 0.144333 0.014153 -63.104568 2.136335 -11.988212 2.934555 39.391690 3.732775 74.245126 nan 3.871795 0.000097 719.173157 0.053791
131.502083 2010 937.359532 21.748486 2241.466688 65.112866 0.146644 0.013582 -62.243462 1.408358 -14.388774 2.352036 36.642800 3.295713 75.134812 nan 3.871801 0.000097 719.169792 0.053917
145.502083 2010 340.756317 17.356361 1159.890790 231.784291 0.084829 0.004631 -62.450038 1.890990 -18.355672 1.723230 24.558206 1.555469 51.304561 nan 3.871818 0.000096 719.160349 0.053639
152.502083 2010 1427.730950 32.437151 3320.091343 153.754915 0.175505 0.019823 -65.671471 1.431044 -19.949416 2.649592 31.729528 3.868139 69.226743 nan 3.871824 0.000096 719.156959 0.053459
159.502083 2010 723.737957 16.464476 1647.662387 52.919656 0.127778 0.002637 -63.183801 1.120332 -17.882179 1.283059 28.946339 1.445786 69.877372 nan 3.871831 0.000096 719.153239 0.053522
166.502083 2010 468.262241 10.018888 990.942642 44.875380 0.131944 0.010089 -60.170269 1.227307 -19.276342 1.701290 30.510315 2.175273 63.415386 nan 3.871832 0.000096 719.152175 0.053387
173.502083 2010 258.571184 5.160818 565.108538 15.571513 0.120782 0.004319 -58.303489 1.376593 -17.993263 1.518299 30.072404 1.660004 60.298143 nan 3.871838 0.000095 719.149034 0.053069
208.502083 2010 320.151066 9.007025 1145.355828 63.198874 0.793622 0.367413 -47.035278 2.551614 -11.301134 2.999472 29.504007 3.447330 52.595051 nan 3.871855 0.000093 719.139293 0.051817
215.502083 2010 1186.419570 42.239165 5771.770111 619.785535 0.134877 0.003025 -44.450033 0.789615 -7.166800 1.067120 32.706381 1.344625 58.670406 nan 3.871851 0.000093 719.141586 0.051710
222.502083 2010 734.373911 20.055894 2339.328643 211.753814 0.129321 0.001712 -41.430178 0.621287 -5.255673 0.865847 31.720381 1.110407 58.370539 nan 3.871852 0.000092 719.141013 0.051450
229.502083 2010 319.484094 7.309857 968.802371 29.844383 0.116453 0.003404 -38.549520 0.883452 -3.613312 1.041857 32.155117 1.200262 54.851444 nan 3.871847 0.000092 719.143531 0.051084
236.502083 2010 461.933795 11.996429 1477.413486 74.496120 0.102778 0.020637 -39.419189 1.319490 -2.467083 1.674385 37.310790 2.029281 58.154848 nan 3.871854 0.000091 719.139741 0.050921
243.502083 2010 414.859841 8.879852 1141.417886 47.359786 0.138996 0.002482 -40.702280 0.638192 -0.778210 0.770639 41.241606 0.903086 69.162031 nan 3.871853 0.000091 719.140170 0.050943
250.502083 2010 210.292715 3.973110 443.500877 15.162636 0.129808 0.002177 -40.770565 0.718515 -0.242956 0.849619 41.247375 0.980724 68.450207 nan 3.871856 0.000091 719.138366 0.050764
257.502083 2010 169.519216 4.332323 523.468027 45.954219 0.120268 0.005792 -42.072220 1.255855 -0.494726 1.751144 42.023110 2.246434 66.030478 nan 3.871854 0.000091 719.139362 0.050516
264.502083 2010 118.664816 4.571347 398.249145 48.655539 -1.386590 0.313234 -44.112362 2.228299 -1.825698 2.671866 42.617520 3.115433 63.946585 nan 3.871863 0.000091 719.134648 0.050483
285.502083 2010 447.164002 13.313954 1442.797003 87.131314 1.983838 0.434609 -53.025632 2.443298 -0.548367 1.772327 41.092098 1.101356 64.843333 nan 3.871867 0.000090 719.132314 0.050225
292.502083 2010 201.471939 8.728530 633.704237 76.090194 -0.034544 0.044079 -54.033724 4.156696 -6.115623 4.133209 40.180962 4.109722 48.629855 nan 3.871877 0.000090 719.126430 0.050305
299.502083 2010 542.514186 13.897532 1350.573126 79.199614 0.136111 0.007669 -62.073359 1.581730 -8.774182 2.247638 45.388438 2.913546 85.897546 nan 3.871881 0.000091 719.124402 0.050441
306.502083 2010 196.690468 4.574620 458.323870 23.293807 0.100309 0.002645 -54.232537 1.547540 -10.640775 1.348357 31.131133 1.149174 64.204490 nan 3.871896 0.000090 719.116080 0.050383
313.502083 2010 274.581914 10.496184 1351.241257 138.698182 0.067735 0.021366 -63.494227 2.049804 -14.110643 2.479081 37.537050 2.908359 54.895854 nan 3.871899 0.000090 719.114196 0.050361
320.502083 2010 228.252616 5.079654 597.382718 35.294906 0.135363 0.002626 -66.684897 1.546026 -13.507324 1.373870 40.864986 1.201713 82.122865 nan 3.871911 0.000091 719.107606 0.050632
327.502083 2010 112.549993 2.385283 250.003496 15.996574 0.115491 0.006196 -66.727981 3.288513 -14.732148 2.597357 38.013880 1.906201 68.199661 nan 3.871913 0.000091 719.106553 0.050936
341.502083 2010 23.621639 1.236064 183.946516 11.676630 0.766994 0.237616 -61.169257 5.497989 -13.888555 6.271642 46.618652 7.045295 25.845020 nan 3.871924 0.000092 719.100521 0.051179
348.502083 2010 132.101548 4.428269 438.806776 34.627042 -0.241818 0.063178 -59.305877 4.230090 -5.439361 4.109843 38.405753 3.989595 14.481197 nan 3.871934 0.000093 719.095091 0.051609
4.502083 2011 61.977406 2.847721 192.970172 24.498411 -4.129484 0.246946 -48.464351 0.989425 -17.396221 0.881235 25.845115 0.773045 46.045080 nan 3.871944 0.000094 719.089770 0.052246
11.502083 2011 163.309585 4.135739 557.873269 16.031776 0.050591 0.008969 -49.277596 3.235773 -13.622346 3.390265 28.531765 3.544757 14.952304 nan 3.871948 0.000095 719.087614 0.052683
31.585417 2011 39.739206 1.752061 140.289997 12.585346 1.493627 0.151600 -37.595390 2.498622 -1.473204 2.550296 29.604525 2.601970 39.677458 nan 3.871553 0.000113 719.307856 0.062975
39.502083 2011 405.701706 10.282901 1150.769702 56.277413 0.153744 0.017135 -38.308050 0.731641 -7.813232 2.189104 34.942043 3.646567 50.088865 nan 3.871718 0.000098 719.216295 0.054557
46.502083 2011 201.001581 4.860270 499.551290 29.441928 0.134889 0.016957 -36.002329 1.859957 -6.508360 2.993341 37.337451 4.126725 45.025246 nan 3.871714 0.000099 719.218580 0.054939
60.502083 2011 798.101660 26.484303 3046.735885 216.692928 2.513644 0.363897 -34.646892 3.261388 3.823429 2.956903 37.667148 2.652419 43.962696 nan 3.871714 0.000099 719.218792 0.055359
81.501250 2011 244.428658 5.000557 514.009221 27.589680 0.150116 0.016553 -50.292147 5.105372 5.250169 3.187355 45.275167 1.269339 60.847242 nan 3.871721 0.000101 719.215034 0.056200
88.501250 2011 197.883378 9.578613 524.761127 113.269075 0.058642 0.015471 -37.974838 1.599682 -1.981280 2.129660 39.463261 2.659638 32.737329 nan 3.871722 0.000101 719.214531 0.056369
95.501250 2011 799.889552 20.443331 2103.524227 131.929983 0.162560 0.023988 -50.852199 3.665534 -8.339256 4.885601 41.647027 6.105668 55.716223 nan 3.871727 0.000102 719.212043 0.056708
102.501250 2011 743.156518 21.003986 1680.437592 194.067280 0.147000 0.012822 -58.712344 1.496949 -6.980105 2.740603 42.005981 3.984257 72.804000 nan 3.871736 0.000102 719.206991 0.056817
109.501250 2011 293.043595 6.717478 652.947621 32.786797 0.126603 0.008628 -56.369851 1.419006 -7.466893 1.855580 37.902224 2.292153 71.030798 nan 3.871742 0.000102 719.203203 0.056693
116.501250 2011 235.997283 10.923317 1303.520717 311.035776 0.038194 0.061067 -58.168949 4.147202 -9.853020 4.075919 37.032330 4.004637 62.138714 nan 3.871753 0.000102 719.197503 0.056736
123.501250 2011 1264.283645 29.983396 2743.666579 157.224006 0.136432 0.001975 -60.540705 1.248608 -10.973953 1.117501 40.059500 0.986394 81.865274 nan 3.871757 0.000102 719.195117 0.056952
130.501250 2011 583.302258 13.926025 1398.120452 53.198676 0.133889 0.009269 -59.845406 1.262596 -14.228518 1.648147 33.493008 2.033698 73.069551 nan 3.871765 0.000102 719.190692 0.056914
137.501250 2011 350.439080 7.203975 752.422515 32.747433 0.136444 0.010048 -61.956963 1.375160 -15.229914 1.784845 35.060129 2.194530 71.525614 nan 3.871774 0.000102 719.185831 0.056704
144.501250 2011 366.928527 27.522926 2122.918481 884.396057 0.082799 0.003943 -56.019636 1.491770 -17.755811 1.661637 31.043727 1.831504 48.474469 nan 3.871777 0.000102 719.183930 0.056707
151.501250 2011 1539.207922 38.337884 4247.023643 359.475055 0.136218 0.003002 -62.383663 1.336083 -16.297809 1.407119 34.656397 1.478155 71.543269 nan 3.871779 0.000102 719.182759 0.056838
158.501250 2011 664.354691 21.685255 1686.913297 196.732525 0.127161 0.002872 -63.494538 1.314413 -17.702842 1.415366 27.115605 1.516319 64.754447 nan 3.871790 0.000102 719.176649 0.056695
165.501250 2011 252.738035 5.331326 581.601200 30.846261 0.130761 0.002722 -56.857650 1.098556 -16.639118 1.322539 27.122329 1.546523 63.084259 nan 3.871793 0.000101 719.174782 0.056421
172.501250 2011 317.918191 9.605999 1236.186241 94.504520 0.126543 0.005468 -57.204324 2.529329 -14.663377 2.112345 30.861275 1.695360 58.222498 nan 3.871800 0.000101 719.170773 0.056387
179.501250 2011 325.151649 7.983176 947.471077 36.501240 0.114506 0.018217 -53.405596 1.056065 -14.456095 1.285332 24.575278 1.514599 57.811825 nan 3.871803 0.000101 719.169266 0.056375
186.501250 2011 412.283124 12.137048 1083.987312 77.249615 0.125000 0.002386 -50.172739 1.066576 -12.947258 1.266682 24.115805 1.466788 53.655878 nan 3.871810 0.000101 719.165633 0.056076
193.501250 2011 319.822965 6.761395 840.044411 27.682891 0.148504 0.009839 -50.376871 0.995157 -11.603969 1.568268 28.106656 2.141379 55.615804 nan 3.871803 0.000100 719.169029 0.055697
200.501250 2011 389.084424 10.076786 1267.424781 85.183965 0.135597 0.002689 -43.923193 0.818451 -8.573997 1.081277 28.120274 1.344103 55.861686 nan 3.871808 0.000100 719.166621 0.055594
207.501250 2011 300.165426 6.854053 862.562456 38.957642 0.126885 0.004312 -42.250584 0.730144 -7.857236 1.378836 28.237748 2.027527 53.193227 nan 3.871800 0.000100 719.170600 0.055511
214.501250 2011 394.267528 25.642461 1479.810788 386.816306 0.004701 0.067253 -38.706173 1.754770 -2.894187 1.395243 30.244517 1.035716 51.939560 nan 3.871807 0.000099 719.167097 0.055143
221.501250 2011 559.200751 13.191485 1241.453993 123.769034 0.138675 0.001967 -38.276795 0.594869 -3.043982 0.753095 37.283142 0.911321 60.481828 nan 3.871802 0.000098 719.169587 0.054825
228.501250 2011 313.050104 6.598186 709.293191 35.908066 0.133547 0.001652 -35.528376 0.580304 -1.099782 0.734949 37.102405 0.889594 61.094403 nan 3.871805 0.000098 719.167809 0.054847
235.501250 2011 128.821946 2.626243 257.935666 16.824229 0.069872 0.029624 -38.697350 3.838307 1.677617 3.465032 39.522678 3.091757 47.790753 nan 3.871804 0.000098 719.168606 0.054847
242.501250 2011 55.346545 1.747252 132.052643 15.077782 -1.626945 0.613554 -36.391088 5.728752 19.340975 4.992632 37.786611 4.256511 14.612859 nan 3.871803 0.000098 719.169085 0.054543
249.501250 2011 415.731680 23.986016 1341.372119 319.927208 0.066042 0.007030 -42.243937 4.016310 1.094337 4.033553 42.010971 4.050797 34.072305 nan 3.871804 0.000098 719.168424 0.054352
256.501250 2011 1752.042216 47.569796 5778.409500 313.401062 0.128189 0.002252 -42.112802 1.074625 1.815307 1.000457 47.257714 0.926289 70.267823 nan 3.871812 0.000098 719.164012 0.054463
263.501250 2011 471.905304 17.355615 1760.995239 286.742856 0.111008 0.004713 -44.170023 1.831914 0.417302 1.576687 40.388664 1.321460 63.668477 nan 3.871807 0.000098 719.166560 0.054494
270.501250 2011 1079.770756 33.886342 4812.412045 344.240213 0.121795 0.011769 -49.160152 2.315611 -2.282433 2.798152 43.073360 3.280694 62.841349 nan 3.871816 0.000097 719.161532 0.054232
277.501250 2011 784.141705 19.548256 1924.577072 185.486010 0.133025 0.002539 -53.414282 1.530735 -2.023803 1.132344 46.749148 0.733954 79.202467 nan 3.871816 0.000097 719.161697 0.054102
284.501250 2011 255.946452 6.575142 667.731241 47.090525 0.110494 0.003566 -53.457416 1.477290 -4.060946 1.358125 37.425208 1.238959 67.706874 nan 3.871827 0.000097 719.155184 0.054286
291.501250 2011 71.696906 1.540727 196.018337 11.041091 -0.367222 0.091332 -40.471041 3.240954 -2.714548 2.959107 36.307561 2.677261 27.556039 nan 3.871830 0.000098 719.153654 0.054352
298.501250 2011 370.899522 13.785993 1798.066635 275.423674 -0.413219 0.159546 -52.296066 1.514833 -5.862879 2.523806 49.175985 3.532779 70.910810 nan 3.871846 0.000097 719.144828 0.054165
305.501250 2011 458.639486 15.559223 1433.443690 168.986756 0.047115 0.044765 -60.645915 3.470323 -9.679096 2.963999 34.437186 2.457676 64.779207 nan 3.871849 0.000097 719.143163 0.054179
312.501250 2011 207.271516 4.869554 538.796590 36.474194 0.115384 0.002437 -60.797874 1.533037 -13.542064 1.394269 30.379830 1.255500 69.425241 nan 3.871857 0.000098 719.138968 0.054511
326.501250 2011 49.253707 1.367962 126.565532 11.257310 1.346296 0.258630 -60.305641 4.807608 -3.438616 4.344158 59.539995 3.880708 81.126708 nan 3.871871 0.000098 719.130908 0.054723
333.501250 2011 147.109729 4.525783 484.480330 35.491371 0.043889 0.013018 -59.511107 4.229754 -16.193956 4.470348 49.005926 4.710942 31.263934 nan 3.871879 0.000099 719.126528 0.054920
10.501250 2012 71.746396 2.147088 270.106857 9.050492 0.015723 0.006415 -43.142942 3.296348 -10.107253 3.399971 31.595763 3.503594 7.257195 nan 3.871899 0.000102 719.115745 0.056762
17.501250 2012 65.418049 2.235567 243.032696 14.617054 -0.341457 0.079552 -38.756951 2.872879 -10.402906 2.842349 25.997363 2.811818 18.028120 nan 3.871895 0.000102 719.118441 0.056870
24.501250 2012 762.449296 23.765015 2873.555481 316.304131 0.100855 0.020132 -40.609240 2.548080 -5.369370 2.612610 31.221849 2.677139 42.077655 nan 3.871897 0.000103 719.117375 0.057234
31.501250 2012 327.711678 7.695044 776.128979 43.864526 0.129444 0.009266 -34.547515 0.668401 -4.273693 1.487400 33.308804 2.306398 50.170533 nan 3.871889 0.000104 719.121613 0.057778
38.501250 2012 276.192326 6.491592 768.907865 35.378226 0.138778 0.009663 -36.984698 0.750810 -2.633316 1.663839 39.281703 2.576867 55.393601 nan 3.871891 0.000104 719.120817 0.058099
45.501250 2012 715.853432 22.908657 2240.909195 236.205978 0.129398 0.010515 -37.688354 2.672871 1.073032 1.835857 38.293530 0.998844 53.379436 nan 3.871889 0.000105 719.122015 0.058306
52.501250 2012 606.941683 15.825533 1498.882936 123.499745 0.132372 0.008914 -37.997441 2.417352 2.438262 1.656085 39.869527 0.894817 58.816359 nan 3.871890 0.000105 719.121643 0.058765
59.501250 2012 672.052909 22.227823 2100.012091 321.296582 0.153241 0.015726 -43.119010 4.368815 5.778824 2.611904 40.247792 0.854993 56.082197 nan 3.871886 0.000106 719.123716 0.059301
66.501250 2012 1269.675497 48.742860 5020.588353 716.123105 0.173611 0.057599 -44.479709 3.880795 3.012869 3.340898 41.718427 2.801000 56.916631 nan 3.871889 0.000107 719.122552 0.059545
73.501250 2012 1666.620703 52.359864 6204.550129 532.629107 0.163164 0.018236 -48.347444 4.854151 4.444943 3.875268 44.099977 2.896385 57.074707 nan 3.871889 0.000107 719.122348 0.059662
80.501250 2012 1597.766774 42.134621 4543.880414 266.882006 0.153704 0.016140 -50.127654 4.961714 4.782520 2.860726 41.361666 0.759738 62.867616 nan 3.871894 0.000108 719.119413 0.060048
87.501250 2012 798.649877 22.551086 2620.357143 181.056290 0.130128 0.009897 -50.570074 3.292002 0.308682 2.024877 41.659484 0.757753 68.182238 nan 3.871897 0.000108 719.118340 0.060406
94.501250 2012 669.518170 23.504826 2712.693285 441.390918 0.137444 0.013262 -52.225480 4.193859 -0.194173 2.553308 40.205002 0.912757 65.869005 nan 3.871911 0.000108 719.110523 0.060451
101.501250 2012 634.129077 18.322106 2025.281923 244.492236 0.123611 0.003262 -54.166245 1.489990 -5.793024 1.307637 42.636293 1.125284 73.833302 nan 3.871910 0.000108 719.110978 0.060435
108.326250 2012 379.326749 10.982770 1065.738872 52.260839 0.139410 0.015068 -54.284409 1.701393 -9.060626 2.831405 38.397669 3.961417 70.629000 nan 3.872062 0.000133 719.026299 0.074367
116.123472 2012 2231.036223 77.943230 10901.257143 555.289908 0.126087 0.003303 -65.231489 1.658863 -11.041004 1.546824 38.837118 1.434785 73.688614 nan 3.872050 0.000117 719.033239 0.065135
129.501250 2012 961.100681 26.084789 3087.718472 184.252797 0.125555 0.010777 -58.643601 1.688572 -13.878872 2.038504 41.122012 2.388436 64.468930 nan 3.871725 0.000112 719.214576 0.062415
136.501250 2012 632.840424 14.570686 1374.766011 53.736958 0.126282 0.002180 -59.449558 1.175047 -15.152314 1.386708 33.896421 1.598370 69.023016 nan 3.871736 0.000112 719.208425 0.062621
143.501250 2012 589.185909 16.951655 1272.583717 134.127775 0.127984 0.002576 -59.866356 1.154850 -15.981578 1.383749 32.836386 1.612648 66.882867 nan 3.871740 0.000113 719.206331 0.062746
164.501250 2012 908.153602 24.925801 2501.006061 246.267516 0.129218 0.002140 -54.009993 0.976827 -15.189541 1.242242 26.252796 1.507656 57.902316 nan 3.871759 0.000112 719.195561 0.062561
171.501250 2012 1235.087252 37.167849 4448.571429 459.400388 0.130967 0.003548 -51.392365 0.995196 -13.749005 1.251300 24.698745 1.507404 55.537305 nan 3.871760 0.000112 719.194821 0.062496
178.156806 2012 434.536803 11.241295 1358.603781 85.601801 0.121759 0.002545 -49.393490 1.070967 -12.817236 1.253170 22.383418 1.435373 51.609434 nan 3.871612 0.000117 719.277185 0.065345
192.501250 2012 1603.056830 44.452910 5037.787630 369.769653 0.126440 0.002719 -41.880155 0.881802 -8.239891 1.056259 24.653408 1.230716 50.740315 nan 3.871761 0.000111 719.194474 0.061917
199.501250 2012 3279.976920 104.322606 14897.007185 774.762760 0.112698 0.009503 -38.134697 0.867667 -6.966373 1.321080 27.410774 1.774493 47.784557 nan 3.871764 0.000111 719.192546 0.061754
206.501250 2012 1692.557673 48.657401 7143.256714 307.749372 0.135791 0.002092 -36.565466 0.699319 -3.782180 0.807304 30.646901 0.915288 55.006125 nan 3.871761 0.000110 719.194395 0.061369
213.501250 2012 815.877776 22.442169 3224.033357 176.246508 0.124573 0.002144 -33.962407 0.606971 -2.142082 0.755553 30.203013 0.904136 52.902476 nan 3.871763 0.000110 719.193024 0.061173
220.501250 2012 393.697146 9.082051 1096.458163 58.812678 0.121581 0.001926 -32.155539 0.562407 -0.362008 0.622280 33.413318 0.682153 53.851663 nan 3.871760 0.000110 719.194730 0.061277
234.501250 2012 367.280542 8.059687 863.046051 38.299381 0.130350 0.001617 -35.135474 0.650865 1.715590 0.613825 38.689946 0.576786 62.496979 nan 3.871760 0.000109 719.194510 0.060867
241.501250 2012 238.782892 5.102589 583.578194 34.104037 0.130967 0.003526 -38.470533 1.230108 2.298250 1.047268 40.558688 0.864428 65.581204 nan 3.871762 0.000109 719.193683 0.060772
248.501250 2012 915.756330 31.954745 4074.577792 426.526542 0.085905 0.019485 -34.515322 1.939503 2.219675 1.590689 35.830139 1.241876 55.244083 nan 3.871760 0.000109 719.194742 0.060917
255.501250 2012 492.518107 11.412556 1208.933305 59.600985 0.122222 0.001583 -39.569676 1.090887 1.786093 0.753705 39.305285 0.416523 67.195488 nan 3.871766 0.000109 719.191162 0.060810
262.501250 2012 392.369869 11.638053 930.864115 92.611535 0.128189 0.001802 -43.345361 1.362509 1.237972 0.885680 42.985866 0.408850 72.334679 nan 3.871767 0.000109 719.190702 0.060546
269.079028 2012 141.848758 3.018127 314.479842 16.831547 -0.051505 0.075648 -45.096702 3.215717 0.222862 2.687147 39.021308 2.158578 55.205469 nan 3.871775 0.000115 719.185738 0.064120
276.501250 2012 375.049506 14.837399 1645.927968 329.798508 0.775926 0.368203 -44.777022 1.625193 -1.410405 1.196072 37.209714 0.766952 65.433842 nan 3.871776 0.000109 719.185656 0.060669
283.331806 2012 2355.373479 91.071751 13082.145591 1150.049397 0.120940 0.003525 -58.975498 1.704905 -4.692046 1.432386 38.699023 1.159866 72.059238 nan 3.871872 0.000111 719.132108 0.061956
290.501250 2012 2333.914019 70.480854 9408.018714 686.994662 0.132799 0.001931 -58.547294 1.562366 -6.799383 1.211058 38.704693 0.859750 78.607217 nan 3.871792 0.000108 719.176796 0.060412
304.501250 2012 709.683413 20.377716 2632.657071 130.520321 0.104915 0.003705 -60.935290 1.652266 -11.947036 1.622846 34.322896 1.593426 62.039927 nan 3.871812 0.000109 719.165814 0.060798
311.501250 2012 315.341902 7.165098 699.233317 54.521806 0.121502 0.004276 -60.972815 1.496974 -12.920981 1.584132 35.411633 1.671289 68.780489 nan 3.871825 0.000109 719.158454 0.060861
339.501250 2012 93.738017 2.128831 262.550003 5.873938 0.030185 0.017067 -48.322163 1.567092 -16.607945 1.863342 18.419018 2.159592 30.604864 nan 3.871849 0.000111 719.145287 0.061744
15.417917 2013 264.254826 8.015236 835.007980 55.589158 1.284195 0.433413 -37.987232 2.606506 -7.953654 2.896281 23.246315 3.186056 30.835521 nan 3.871706 0.000115 719.225358 0.064049
22.262361 2013 169.676955 4.541068 550.122664 31.180986 0.091270 0.017723 -32.557066 2.880518 -2.759709 3.077186 30.908243 3.273854 37.229342 nan 3.871834 0.000119 719.153940 0.066161
29.165139 2013 304.911501 9.245157 869.183717 64.825833 0.145202 0.015055 -32.833220 0.811712 -3.301231 2.185375 32.482759 3.559039 47.709925 nan 3.871737 0.000121 719.208260 0.067618
36.067917 2013 113.829189 3.552259 371.442593 35.554353 -0.250327 0.089359 -34.639156 3.320860 -1.761349 3.424572 34.444662 3.528284 29.820366 nan 3.871682 0.000125 719.239276 0.069383
50.501250 2013 112.120935 3.783015 459.210495 27.788269 0.006122 0.014153 -37.158524 3.463751 3.487151 3.338720 40.235449 3.213690 17.217411 nan 3.871785 0.000119 719.182026 0.066426
57.501250 2013 347.611304 17.390154 1193.164279 248.984509 -0.048404 0.030967 -45.588677 3.894444 2.897390 3.833198 38.992173 3.771953 18.223952 nan 3.871787 0.000120 719.181344 0.067029
64.501250 2013 446.449051 10.682759 1203.855162 49.217873 0.155093 0.016396 -41.889979 4.360738 7.183264 2.396452 40.796703 0.432165 59.557085 nan 3.871789 0.000121 719.180274 0.067205
71.501250 2013 176.181899 3.863188 401.875823 20.631404 0.100000 0.004845 -41.915567 1.569206 1.409167 1.576738 37.331213 1.584270 56.195342 nan 3.871790 0.000121 719.179658 0.067442
78.501250 2013 1340.787212 44.229938 5683.244111 660.631463 0.146667 0.013411 -48.235709 4.091686 4.022418 2.441865 41.100667 0.792043 66.524793 nan 3.871796 0.000122 719.176817 0.067785
85.501250 2013 1024.217301 30.622896 3213.728500 369.122425 0.132778 0.009303 -50.200937 1.437774 -3.289213 2.119642 42.911017 2.801510 68.663336 nan 3.871803 0.000122 719.172609 0.068111
92.501250 2013 807.591000 22.827392 2189.845286 246.072817 0.136333 0.009692 -50.561385 1.355566 -4.806459 2.114161 40.583331 2.872756 71.079260 nan 3.871810 0.000122 719.168761 0.068178
99.501250 2013 263.645641 6.524348 805.469043 27.672253 0.098932 0.002397 -45.373451 1.422543 -6.316035 1.351485 34.832592 1.280428 58.753471 nan 3.871816 0.000122 719.165346 0.068257
106.501250 2013 120.165220 3.209965 436.934521 18.997907 0.062821 0.002606 -41.399825 1.466595 -9.245527 1.521098 26.000286 1.575602 37.845032 nan 3.871825 0.000123 719.160536 0.068472
113.501250 2013 428.453721 15.747345 1755.444333 136.090054 0.065385 0.020167 -55.848327 2.441449 -11.681289 2.420473 34.067092 2.399496 48.497675 nan 3.871836 0.000123 719.154569 0.068701
120.501250 2013 1007.885354 35.092086 3332.520171 556.800132 0.137667 0.010780 -57.907708 1.539895 -12.464337 2.036627 42.356783 2.533359 68.823384 nan 3.871845 0.000123 719.149325 0.068722
127.501250 2013 589.000604 14.883124 1767.528536 109.788544 0.123971 0.001905 -54.873022 1.108474 -13.371896 1.278543 33.183516 1.448611 66.796868 nan 3.871851 0.000123 719.146018 0.068802
141.501250 2013 626.601036 18.852635 1545.412700 190.701215 0.121502 0.003073 -57.107413 1.090824 -14.816032 1.468088 31.681547 1.845352 60.423579 nan 3.871869 0.000124 719.136480 0.069006
148.501250 2013 1282.580914 32.779807 3489.820875 267.497810 0.131481 0.004292 -54.455147 1.338469 -13.664065 1.523137 29.351754 1.707804 60.472011 nan 3.871873 0.000124 719.133864 0.068910
155.501250 2013 1463.711200 45.640146 5033.986207 621.486458 0.129527 0.003359 -55.493143 1.163308 -13.339900 1.340706 28.667455 1.518103 57.006483 nan 3.871875 0.000123 719.132800 0.068788
162.501250 2013 1144.091302 32.427378 4030.838071 285.089533 0.124897 0.002141 -51.247074 0.996847 -12.572674 1.179222 25.774180 1.361597 53.174396 nan 3.871817 0.000122 719.165063 0.068158
169.501250 2013 506.330613 13.757070 1703.521538 71.466749 0.102880 0.003482 -43.165845 0.930992 -12.039245 1.055948 18.427933 1.180904 42.892522 nan 3.871882 0.000123 719.129210 0.068767
176.501250 2013 1200.792427 50.136235 3513.023350 820.279910 0.124588 0.003679 -43.483903 1.099381 -9.315006 1.186987 25.422362 1.274594 49.262738 nan 3.871880 0.000123 719.129824 0.068508
183.501250 2013 1450.745130 46.903387 6455.690821 569.611825 0.127350 0.003860 -38.901492 1.040218 -7.069545 1.090472 25.716421 1.140725 49.171492 nan 3.871878 0.000123 719.131299 0.068402
190.501250 2013 1602.779708 48.675760 4755.844500 292.332186 0.125427 0.002305 -36.692724 0.901538 -4.850647 0.894903 25.459195 0.888267 48.830724 nan 3.871877 0.000122 719.131699 0.067990
197.501250 2013 1636.098243 44.384141 5573.438071 348.713284 0.129060 0.003140 -33.526399 0.726527 -2.526565 0.906678 31.610112 1.086830 50.684656 nan 3.871759 0.000123 719.197554 0.068722
204.501250 2013 777.725631 18.595928 2117.299937 135.147155 0.131731 0.001901 -32.615007 0.613312 -0.379706 0.617293 31.340910 0.621274 53.138220 nan 3.871665 0.000124 719.250226 0.069121
211.501250 2013 279.596054 5.995440 748.231080 28.709924 0.125206 0.001249 -30.203479 0.582184 1.114346 0.585089 32.683029 0.587995 52.830925 nan 3.871663 0.000124 719.251137 0.069001
217.679028 2013 644.449513 20.940325 1770.886000 96.777730 0.127778 0.004515 -32.950904 1.191185 2.250669 1.132285 36.364458 1.073385 55.609518 nan 3.871638 0.000142 719.264966 0.079380
225.501250 2013 463.204707 13.144782 1136.416688 104.805365 0.113095 0.006968 -41.852151 1.221794 2.011336 1.734423 38.434733 2.247052 53.496088 nan 3.871663 0.000124 719.251046 0.068859
232.501250 2013 559.948757 12.872338 1344.527070 57.016532 0.133642 0.002013 -35.539575 0.964567 3.501950 0.802883 41.051217 0.641198 64.090466 nan 3.871662 0.000124 719.251439 0.068838
239.501250 2013 601.657137 16.166357 1527.411693 99.814529 0.121811 0.002519 -36.542829 1.207174 4.128878 0.999385 40.285013 0.791596 62.138083 nan 3.871662 0.000124 719.251751 0.068843
246.501250 2013 369.034147 9.072888 923.675787 44.971805 0.126235 0.001180 -37.868418 1.237428 3.745342 0.771400 40.270347 0.305373 66.781549 nan 3.871668 0.000123 719.248338 0.068784
253.501250 2013 136.285048 2.787859 327.180705 11.716295 0.115021 0.003104 -41.819655 1.587840 2.679286 1.306710 41.436899 1.025580 63.611218 nan 3.871674 0.000123 719.245099 0.068752
260.501250 2013 157.919268 4.568320 581.707461 51.187953 0.122119 0.006808 -49.624909 3.026363 1.540710 2.919461 43.401371 2.812559 67.894923 nan 3.871676 0.000123 719.243721 0.068554
281.501250 2013 518.719342 15.512022 1476.251106 197.570542 0.121795 0.004210 -56.139204 1.727384 -4.528522 1.661675 43.793056 1.595966 70.988526 nan 3.871703 0.000123 719.228641 0.068728
288.501250 2013 591.524759 17.688310 1489.612925 162.441256 0.125206 0.002219 -55.247808 1.341474 -6.772923 1.195540 37.295531 1.049605 72.295333 nan 3.871712 0.000123 719.223711 0.068769
302.501250 2013 220.687864 6.417721 536.084449 40.328154 0.100206 0.004279 -54.178025 2.296925 -10.534160 1.979372 30.194158 1.661819 56.849400 nan 3.871729 0.000124 719.214164 0.069234
309.501250 2013 210.846741 9.933746 583.769492 94.201342 0.041734 0.010076 -54.499650 4.286686 -11.489732 4.342378 32.567688 4.398070 25.517933 nan 3.871740 0.000125 719.208159 0.069458
316.501250 2013 593.483548 17.804687 1937.584654 234.559695 0.120885 0.003253 -52.802695 0.904314 -13.653108 1.284368 29.626839 1.664421 62.618715 nan 3.871746 0.000125 719.205262 0.069667
337.501250 2013 100.316705 3.241313 342.704101 21.342045 -0.047104 0.030349 -47.901894 3.245817 -15.075622 3.479134 42.207362 3.712451 17.347935 nan 3.871760 0.000127 719.197690 0.070629
344.501250 2013 281.610129 10.369781 764.703168 58.561106 0.080729 0.012224 -47.852779 2.413612 -12.569140 2.792582 25.247773 3.171552 38.121487 nan 3.871759 0.000127 719.198083 0.070877
351.501250 2013 161.948007 6.674893 444.014674 49.416492 -0.855362 0.169879 -41.641581 2.529290 -5.137191 2.829869 37.732172 3.130448 29.767530 nan 3.871759 0.000128 719.198464 0.071278
358.501250 2013 53.548947 2.071210 230.498616 13.989974 -0.958170 0.186862 -39.629514 2.458873 -5.183066 2.860179 27.682149 3.261484 22.826208 nan 3.871759 0.000129 719.198517 0.071733
0.501250 2014 180.419040 7.423118 1000.773000 87.408637 172.914734 38.474395 -34.361907 2.483951 0.678717 2.249905 28.472210 2.015860 37.887334 nan 3.871756 0.000130 719.200305 0.072235
7.501250 2014 125.738963 3.267757 429.963391 19.502699 0.043237 0.005435 -33.232430 2.637535 -4.184291 2.765323 27.485502 2.893112 16.642391 nan 3.871752 0.000130 719.202686 0.072258
34.620694 2014 38.075735 1.996084 186.397987 15.673576 -1.936370 0.231575 -31.603471 3.207709 19.958158 3.071355 34.384883 2.935002 2.375894 nan 3.871549 0.000153 719.316222 0.085408
42.501250 2014 436.075179 10.425198 1098.164954 45.087166 0.196164 0.023632 -33.795103 5.191407 13.409902 2.996049 41.654423 0.800691 45.206205 nan 3.871738 0.000134 719.211262 0.074645
48.990139 2014 644.607262 28.021746 4196.771357 552.622724 0.100505 0.027251 -37.322586 2.494751 6.414552 1.709873 39.063179 0.924995 54.002289 nan 3.871770 0.000145 719.193676 0.081048
56.501250 2014 667.469775 19.210890 2398.695286 185.417728 0.121367 0.008777 -36.452333 2.098651 5.699337 1.366580 39.043836 0.634509 56.668481 nan 3.871739 0.000135 719.210731 0.075039
63.501250 2014 214.685353 5.127589 469.351411 29.212536 0.153588 0.013789 -43.070567 3.561182 6.630563 2.088825 43.421203 0.616469 64.119536 nan 3.871744 0.000136 719.208077 0.075696
84.501250 2014 71.568555 2.398092 285.381022 15.763153 -0.068239 0.027968 -45.721477 4.232060 4.118974 4.112227 41.972905 3.992393 10.655583 nan 3.871764 0.000138 719.197665 0.076736
91.501250 2014 56.363228 2.491884 201.366847 13.888968 -0.465535 0.089821 -45.994925 4.167671 3.606536 4.068717 41.897191 3.969764 22.640954 nan 3.871772 0.000138 719.193104 0.076907
98.501250 2014 207.848174 15.404578 779.201639 253.433495 -0.059904 0.032318 -49.841933 4.196370 -8.059872 4.311740 38.867985 4.427110 14.680826 nan 3.871780 0.000139 719.188635 0.077336
105.501250 2014 468.254932 14.807521 1134.981673 162.555160 0.117415 0.002246 -50.741625 1.313191 -7.908326 1.326548 37.779134 1.339905 66.142060 nan 3.871792 0.000139 719.182134 0.077615
112.501250 2014 391.809698 11.205439 923.031793 75.478682 0.126440 0.002109 -51.525488 1.013523 -9.944117 1.259015 39.210734 1.504506 69.293359 nan 3.871801 0.000139 719.177201 0.077713
119.501250 2014 421.769074 14.431746 1138.629762 116.247854 0.046416 0.033784 -52.954120 0.969535 -15.636461 2.390463 34.926194 3.811392 56.513165 nan 3.871808 0.000140 719.173370 0.077963
140.501250 2014 146.207959 7.612089 553.595369 97.301702 -2.036021 0.365091 -48.492649 1.849632 -23.296376 2.937326 38.159805 4.025021 24.039967 nan 3.871831 0.000140 719.160564 0.078273
168.501250 2014 153.703773 5.850418 652.018575 60.397393 2.100722 0.317547 -38.368877 1.960133 -11.308744 2.246712 26.905613 2.533292 12.552290 nan 3.871837 0.000140 719.156954 0.077981
203.501250 2014 6.990481 0.501806 76.343521 5.661811 0.242874 0.005001 -17.164025 0.571711 2.404873 0.562796 24.060674 0.553880 37.994373 nan 3.871819 0.000139 719.166822 0.077535
210.501250 2014 37.595684 2.032245 169.717854 17.290850 -2.221417 0.191579 -33.771868 2.341555 -19.491107 2.356744 32.643211 2.371934 8.218948 nan 3.871818 0.000139 719.167677 0.077428
217.501250 2014 178.728548 5.253188 691.083614 28.799305 0.053030 0.006512 -30.092283 3.345439 5.776763 3.239504 39.298385 3.133568 23.376881 nan 3.871818 0.000138 719.167704 0.077171
224.501250 2014 111.681080 3.545779 442.196094 24.865071 0.017243 0.007467 -31.290476 3.453783 5.873616 3.343747 40.165452 3.233710 13.581732 nan 3.871818 0.000138 719.167679 0.077085
231.501250 2014 131.357678 4.582877 674.003663 42.429499 -0.964815 0.176323 -33.688412 3.162181 5.835622 3.021216 42.280038 2.880250 41.851119 nan 3.871817 0.000138 719.167761 0.077065
252.501250 2014 363.403623 10.805938 994.244143 131.254725 0.115812 0.002971 -44.208180 1.541465 2.025131 1.458330 42.460240 1.375195 63.752810 nan 3.871835 0.000138 719.158105 0.076711
259.501250 2014 383.800156 12.817989 1623.103526 148.074685 -0.581304 0.206951 -48.544966 2.320413 -8.072454 3.341648 40.891113 4.362884 53.594919 nan 3.871841 0.000138 719.154376 0.076710
266.501250 2014 579.225752 17.279694 1500.350868 110.481699 0.121902 0.002796 -47.939852 1.681119 0.035750 1.279026 43.278081 0.876933 69.511647 nan 3.871852 0.000138 719.148562 0.076706
273.501250 2014 624.662694 15.442648 1572.817642 47.087523 0.118697 0.002516 -50.364165 1.578374 -2.197220 1.338493 39.896246 1.098612 68.216215 nan 3.871864 0.000138 719.141900 0.076645
280.501250 2014 381.097322 9.985853 913.768238 53.620252 0.113169 0.002744 -52.520211 1.565531 -4.160068 1.406068 37.716804 1.246604 64.817659 nan 3.871872 0.000138 719.137105 0.076692
308.501250 2014 638.261472 20.078881 2018.940231 258.422039 0.113683 0.003571 -48.892940 1.046745 -10.892645 1.255429 35.167038 1.464113 59.001212 nan 3.871702 0.000136 719.231595 0.075936
315.501250 2014 528.956079 17.589235 1788.209500 276.168391 0.117901 0.003125 -46.934391 0.790788 -11.844390 1.077443 28.844216 1.364099 58.550469 nan 3.871705 0.000137 719.230087 0.076116
322.501250 2014 714.354856 18.061129 1677.776924 78.263250 0.123663 0.002637 -47.073614 0.623348 -11.875782 0.987158 31.075092 1.350969 57.718101 nan 3.871708 0.000137 719.228326 0.076427
329.501250 2014 278.322727 6.898705 753.270436 42.046910 0.116255 0.002203 -43.665755 0.773322 -11.464591 1.003790 25.571716 1.234258 52.295306 nan 3.871712 0.000137 719.226210 0.076589
336.501250 2014 302.640563 8.230959 844.081052 66.052290 0.116453 0.004372 -43.581763 0.907956 -10.733599 1.238340 28.585245 1.568724 49.568680 nan 3.871712 0.000138 719.226415 0.076823
343.501250 2014 1075.375484 26.157516 2694.545424 140.349209 0.142708 0.013442 -40.245332 0.959496 -10.008239 1.495838 28.154175 2.032180 47.988218 nan 3.871709 0.000138 719.228377 0.077059
349.534583 2014 627.591700 17.272256 1385.152418 57.692351 0.121930 0.002548 -35.457464 0.859171 -6.689967 1.030501 25.722574 1.201831 48.163054 nan 3.871712 0.000162 719.226224 0.090486
357.501250 2014 606.954518 17.942439 1966.882886 188.129254 0.111432 0.003133 -33.603256 0.856297 -4.416232 0.979801 27.132888 1.103306 43.393039 nan 3.871707 0.000140 719.229713 0.077867
364.501250 2014 919.015815 24.168250 2711.550593 233.548456 0.141111 0.012440 -30.301261 0.775162 -4.117332 1.652367 28.073357 2.529572 43.219000 nan 3.871701 0.000140 719.233066 0.078042
6.501250 2015 1002.606813 31.301859 4135.814321 385.997076 0.130667 0.013527 -27.911261 1.970057 -0.045823 2.101602 29.608512 2.233147 39.616898 nan 3.871696 0.000141 719.235948 0.078799
13.501250 2015 255.401796 6.232854 551.465200 43.672289 0.131944 0.008691 -30.400222 1.844119 3.386464 1.291449 33.323521 0.738778 47.085397 nan 3.871694 0.000142 719.237587 0.079194
20.501250 2015 134.472729 3.471985 385.606154 33.262585 -0.248077 0.111111 -28.674123 2.014199 0.266993 2.856200 33.839503 3.698202 33.427282 nan 3.871691 0.000143 719.239180 0.079490
27.501250 2015 275.835508 7.073436 775.285588 37.492982 0.117284 0.001448 -29.560495 0.917029 5.804783 0.745616 35.737150 0.574203 51.011204 nan 3.871687 0.000143 719.241212 0.079796
34.501250 2015 757.139375 18.092653 1719.500653 93.438248 0.143445 0.012419 -33.285909 2.531191 8.546219 1.591169 40.569662 0.651147 53.340199 nan 3.871684 0.000144 719.243119 0.080472
41.501250 2015 265.360050 7.167010 577.923379 40.961059 0.112654 0.002899 -34.645112 1.196718 7.241889 0.905189 40.619064 0.613660 54.053209 nan 3.871686 0.000145 719.242719 0.080991
48.501250 2015 390.092115 13.405122 1329.110288 164.475682 0.098662 0.004844 -33.684489 1.751828 7.364400 1.451751 41.599031 1.151673 49.928400 nan 3.871690 0.000146 719.240183 0.081484
55.231806 2015 492.302199 16.308491 1321.405691 188.119834 0.116667 0.003543 -38.217051 1.579603 6.023734 1.281940 44.159434 0.984277 61.101232 nan 3.871749 0.000151 719.207232 0.084406
61.398472 2015 1106.187304 37.255053 4055.564895 334.538007 0.123366 0.003581 -40.912541 1.899067 4.691810 1.427633 44.661254 0.956198 65.558841 nan 3.871955 0.000177 719.092970 0.098688
69.501250 2015 509.820988 12.849964 1090.921496 66.292698 0.123398 0.002403 -40.577868 1.474369 3.306119 1.206843 45.447098 0.939318 67.681953 nan 3.871702 0.000148 719.234150 0.082274
76.501250 2015 2076.540162 79.877338 12629.670368 788.191657 0.105655 0.011769 -46.218061 1.902391 -1.216077 2.697410 46.795383 3.492430 63.122978 nan 3.871711 0.000148 719.229324 0.082646
83.501250 2015 2342.922774 69.720982 9144.876071 735.912442 0.128419 0.003170 -47.651111 1.415101 -1.180523 1.303424 46.473715 1.191748 71.465790 nan 3.871720 0.000149 719.224331 0.082911
90.273472 2015 778.164091 21.260399 2751.444419 128.609213 0.111444 0.001920 -44.680291 1.312940 -2.928438 1.328862 40.187979 1.344784 63.465984 nan 3.871754 0.000154 719.205310 0.085928
104.501250 2015 1420.326324 48.975269 5950.742679 724.935580 0.116049 0.003563 -48.399685 1.206214 -7.127527 1.391724 35.949243 1.577235 63.477661 nan 3.871749 0.000150 719.208583 0.083832
111.501250 2015 1428.513505 38.474894 4911.761857 330.608723 0.129733 0.002939 -49.673620 1.046698 -8.649980 1.237878 35.843564 1.429057 68.157015 nan 3.871759 0.000151 719.203111 0.084249
118.501250 2015 529.708957 13.956966 1755.321862 90.699619 0.109671 0.002989 -47.611906 0.995408 -10.591372 1.321232 33.073079 1.647057 56.878551 nan 3.871767 0.000152 719.198570 0.084559
125.501250 2015 430.778925 12.111326 1328.188552 120.518348 0.117901 0.002245 -47.118545 1.031764 -10.529228 1.231888 30.629419 1.432013 58.501496 nan 3.871773 0.000152 719.195444 0.084824
132.501250 2015 1014.999020 31.485249 3806.434640 390.925741 0.115020 0.004096 -47.279594 1.345813 -10.555556 1.467432 31.043417 1.589050 54.107509 nan 3.871779 0.000152 719.192411 0.084973
139.501250 2015 626.503838 17.036900 1692.029890 179.644653 0.124383 0.002211 -46.794869 0.774544 -10.476540 1.034481 26.420986 1.294418 55.113262 nan 3.871783 0.000153 719.189750 0.085054
146.501250 2015 145.326543 3.385196 448.319046 14.118674 0.095473 0.003593 -41.028712 0.950719 -10.256042 1.168731 20.007423 1.386743 41.713583 nan 3.871785 0.000153 719.189026 0.085097
153.501250 2015 91.799712 1.894334 233.066194 9.563139 0.061218 0.007671 -38.720873 1.708186 -9.405636 1.744719 21.008087 1.781252 25.815065 nan 3.871786 0.000153 719.188523 0.085082
160.501250 2015 786.485979 21.843295 2439.321647 163.519756 0.078098 0.030691 -36.398908 1.319978 -6.355164 1.726136 24.499654 2.132294 43.908856 nan 3.871783 0.000153 719.190155 0.085005
167.501250 2015 737.745938 19.486667 1604.767457 117.033239 0.127564 0.002168 -34.002070 0.781958 -4.010392 0.820190 26.251047 0.858423 48.125356 nan 3.871781 0.000152 719.190807 0.084872
174.501250 2015 1778.394702 61.539603 9977.707000 671.362867 0.129380 0.004172 -32.971485 0.959851 -1.475720 0.932527 29.345966 0.905203 47.929277 nan 3.871777 0.000152 719.193444 0.084775
181.501250 2015 1128.599740 28.881305 4038.828607 156.773648 0.132265 0.001262 -30.451321 0.582189 0.139777 0.593497 30.110682 0.604805 49.400632 nan 3.871772 0.000152 719.195837 0.084644
188.501250 2015 689.263944 21.165942 2164.486010 307.929357 0.121399 0.002376 -26.959357 0.687263 2.305406 0.703103 31.648997 0.718942 46.611402 nan 3.871769 0.000152 719.197607 0.084550
195.501250 2015 1078.673270 31.900969 3387.010154 465.112686 0.132304 0.001749 -29.742778 0.800095 3.975398 0.738005 35.579422 0.675915 51.778009 nan 3.871766 0.000152 719.199215 0.084422
202.501250 2015 729.415394 24.660024 2209.290532 404.227566 0.118827 0.002670 -25.891662 0.928023 5.731869 0.863397 37.597609 0.798770 49.380006 nan 3.871763 0.000151 719.201027 0.084330
209.501250 2015 449.538232 9.787185 1017.806287 40.937187 0.126749 0.002103 -27.114158 0.980543 7.273179 0.859230 40.892028 0.737916 54.550449 nan 3.871759 0.000151 719.203188 0.084317
216.501250 2015 458.519999 14.056837 1031.215659 101.590522 0.134156 0.001753 -34.378397 1.276154 7.255614 0.921205 41.889196 0.566257 60.345643 nan 3.871760 0.000151 719.202605 0.084227
223.501250 2015 549.280397 15.527456 1524.201180 124.183102 0.123662 0.002406 -34.681580 1.395618 7.955321 1.059166 45.703709 0.722713 59.264315 nan 3.871762 0.000151 719.201190 0.084101
230.501250 2015 2678.304348 75.538982 9805.390536 347.828560 0.108238 0.012890 -36.050838 2.840723 8.984919 1.840759 46.002622 0.840794 59.606958 nan 3.871765 0.000151 719.199474 0.083991
236.815139 2015 1517.056812 74.561517 6487.987864 906.813264 0.112302 0.004432 -32.373907 1.757097 7.060215 1.429123 43.378317 1.101149 58.551818 nan 3.871713 0.000167 719.228167 0.092939
244.501250 2015 1302.486921 37.899925 4925.356857 453.532793 0.124893 0.002571 -38.281156 1.543221 6.378482 1.146097 44.430059 0.748972 67.263499 nan 3.871777 0.000150 719.192725 0.083731
251.501250 2015 2425.623665 85.865977 12634.505217 1031.952159 0.109156 0.009617 -49.399588 3.045758 5.680164 2.106264 45.758867 1.166771 63.104253 nan 3.871787 0.000150 719.187365 0.083573
258.501250 2015 1636.958897 42.655564 5524.733286 326.421664 0.128633 0.003205 -49.268559 1.798536 2.246660 1.375656 46.241743 0.952777 71.623473 nan 3.871796 0.000150 719.181870 0.083411
265.501250 2015 1227.281640 37.445014 4622.914500 515.919499 0.129938 0.003136 -49.531890 1.580626 0.476119 1.348746 46.615241 1.116866 72.569852 nan 3.871804 0.000150 719.177405 0.083376
272.501250 2015 411.204802 9.803132 1140.483771 58.731825 0.115843 0.002874 -47.580255 1.426164 -1.695344 1.358765 42.325731 1.291366 65.562346 nan 3.871816 0.000150 719.171203 0.083459
279.501250 2015 2437.779005 84.324452 9317.926074 1122.742969 0.119239 0.003815 -52.387097 1.520205 -3.371513 1.381574 39.044247 1.242943 66.848294 nan 3.871828 0.000150 719.164186 0.083513
286.501250 2015 3056.047963 84.497338 10711.770552 420.677493 0.123291 0.003689 -50.418132 1.274565 -5.881805 1.348542 37.613446 1.422519 67.620776 nan 3.871836 0.000150 719.159673 0.083669
293.501250 2015 1152.554454 34.344012 4150.137966 367.918469 0.123663 0.003047 -50.340754 0.965562 -7.308221 1.163785 38.024818 1.362009 66.084074 nan 3.871845 0.000150 719.155023 0.083819
300.501250 2015 342.913835 9.304326 1238.567848 73.908462 0.104630 0.003601 -45.944463 1.090072 -9.193270 1.236126 31.866578 1.382181 55.130689 nan 3.871852 0.000151 719.150991 0.083999
307.501250 2015 1451.244613 49.011280 7342.696333 446.052632 0.120062 0.004387 -49.367325 0.988998 -9.732829 1.314058 36.086483 1.639117 59.087397 nan 3.871858 0.000151 719.147793 0.084138
314.501250 2015 2961.750250 82.936314 10572.400571 509.595186 0.127572 0.013879 -48.097687 0.805768 -10.444532 1.593948 35.103714 2.382129 57.504237 nan 3.871860 0.000151 719.146650 0.084388
321.501250 2015 1498.494861 44.181615 5813.542893 339.671619 0.128333 0.009604 -41.569789 0.610887 -10.404082 1.202022 28.743860 1.793158 52.626884 nan 3.871861 0.000152 719.146239 0.084521
328.501250 2015 545.101452 16.558526 2457.119000 74.533979 0.097115 0.003091 -39.376545 0.950930 -9.157029 1.069141 23.006193 1.187352 43.048242 nan 3.871862 0.000152 719.146079 0.084718
335.501250 2015 453.272021 11.762963 1211.307480 72.555570 0.114209 0.005155 -36.842129 1.029145 -7.057896 1.204039 29.227617 1.378934 46.611455 nan 3.871859 0.000152 719.147358 0.084883
342.501250 2015 788.092874 17.788178 1773.693653 56.311600 0.173148 0.019893 -35.628060 0.832743 -9.696555 2.245336 30.516682 3.657930 41.789098 nan 3.871854 0.000153 719.150473 0.085053
356.501250 2015 1669.814899 53.815305 7964.410115 584.905306 0.141551 0.017037 -28.965218 2.213957 -2.226936 2.556898 27.159252 2.899839 36.388871 nan 3.871842 0.000153 719.157529 0.085485
363.501250 2015 1418.971703 46.697508 4488.493333 477.887615 -16.415656 16.594903 -26.601652 4.269547 7.771862 2.639951 31.593161 1.010355 34.493143 nan 3.871840 0.000155 719.158631 0.086210
5.501250 2016 1478.889809 40.291481 4859.682759 386.637116 0.160648 0.015798 -28.855431 3.125941 6.908351 1.991368 34.513927 0.856796 44.445263 nan 3.871833 0.000155 719.162524 0.086521
12.501250 2016 616.777906 13.574953 1633.970844 80.271952 0.168720 0.018490 -29.561795 3.316036 9.728029 2.091316 37.269354 0.866597 43.951110 nan 3.871828 0.000156 719.165438 0.086890
19.501250 2016 791.125615 26.767030 2855.110438 404.228061 0.121154 0.009962 -27.645017 1.687375 8.407772 1.302996 40.750783 0.918616 46.111832 nan 3.871827 0.000157 719.166259 0.087349
26.501250 2016 635.426434 15.533572 1474.068955 113.090258 0.137889 0.013851 -29.943111 2.334710 10.493450 1.595951 42.415074 0.857192 49.508724 nan 3.871827 0.000158 719.166400 0.087951
33.501250 2016 234.029246 5.771499 594.301996 22.624568 0.110288 0.003780 -29.820304 1.501443 9.769268 1.194735 44.669532 0.888028 51.587866 nan 3.871639 0.000159 719.271701 0.088370
40.501250 2016 427.823177 12.237856 1078.153622 84.248687 0.101984 0.015890 -34.164060 2.950815 9.693319 2.533571 42.611526 2.116327 50.993492 nan 3.871642 0.000160 719.270321 0.088898
54.501250 2016 1399.446598 38.414088 4420.180964 250.361257 0.121154 0.002185 -36.267705 1.404000 7.629707 1.054967 45.897639 0.705934 63.878857 nan 3.871653 0.000160 719.264462 0.089426
61.501250 2016 589.430085 17.583039 2185.133321 114.008560 0.102244 0.002948 -36.997315 1.778470 6.204386 1.457104 45.535994 1.135738 56.506717 nan 3.871661 0.000162 719.259985 0.090109
68.501250 2016 993.864093 28.289604 3384.128571 236.363241 0.115598 0.004880 -41.240165 1.837696 3.990746 1.677717 47.503096 1.517738 63.624822 nan 3.871670 0.000162 719.255413 0.090502
75.501250 2016 1101.172703 30.557101 2958.311167 213.489781 0.122222 0.003004 -45.064197 1.647917 2.252644 1.558048 50.005691 1.468178 68.004395 nan 3.871680 0.000163 719.249685 0.090893
82.501250 2016 872.616237 24.553699 2433.378536 194.854104 0.120576 0.002103 -43.423497 1.304818 -0.630132 1.322405 46.296322 1.339993 67.492212 nan 3.871690 0.000164 719.244369 0.091161
88.534583 2016 335.543983 8.090125 739.502097 37.145036 0.125731 0.003956 -46.415774 1.391538 -2.641160 1.527333 45.014902 1.663128 69.364024 nan 3.871803 0.000192 719.181247 0.107277
96.501250 2016 840.092045 23.813605 2214.466692 225.641675 0.120679 0.002775 -45.607724 1.157905 -5.022875 1.421910 41.594312 1.685914 66.080782 nan 3.871713 0.000166 719.231950 0.092283
103.501250 2016 1041.173404 34.661815 4017.460190 415.225231 0.114187 0.008692 -47.287260 1.156171 -7.223101 1.846913 39.316024 2.537655 63.198962 nan 3.871720 0.000166 719.228391 0.092399
110.501250 2016 923.791176 25.561421 2881.177069 208.744518 0.120062 0.002569 -46.618550 0.798232 -7.506238 1.239224 38.402297 1.680215 62.261088 nan 3.871729 0.000167 719.223294 0.092829
117.501250 2016 329.771710 6.614538 615.627065 34.178746 0.130556 0.002184 -52.017760 0.770294 -8.056674 1.140131 40.998409 1.509969 64.630211 nan 3.871734 0.000167 719.220698 0.093049
124.501250 2016 1234.196792 35.811314 3664.518893 390.537451 0.124383 0.002872 -46.276323 0.786015 -8.397194 1.178162 31.764479 1.570309 59.043584 nan 3.871738 0.000167 719.218299 0.093281
131.501250 2016 2914.043725 83.498225 11165.569889 554.852284 0.128909 0.003359 -44.285667 0.879843 -7.223683 1.181543 37.195286 1.483244 57.860363 nan 3.871742 0.000168 719.216174 0.093371
138.501250 2016 1392.554081 38.360513 5255.200036 229.749670 0.124145 0.002455 -41.899423 0.842988 -7.415226 0.995883 24.628425 1.148777 53.185594 nan 3.871743 0.000168 719.215642 0.093479
145.501250 2016 643.248696 17.048471 2240.128607 86.632047 0.120940 0.002774 -38.701722 0.953393 -6.307610 0.979745 26.591342 1.006096 49.596408 nan 3.871741 0.000168 719.216889 0.093416
152.501250 2016 437.588180 9.265226 815.237974 46.335253 0.130449 0.001641 -34.325448 0.665432 -4.392828 0.748611 27.767306 0.831790 50.717153 nan 3.871739 0.000168 719.218128 0.093384
159.501250 2016 829.945431 24.650380 2271.115281 279.966178 0.099809 0.014135 -32.865276 0.743776 -4.682701 1.451236 27.429756 2.158696 44.075393 nan 3.871735 0.000167 719.219906 0.093295
166.501250 2016 526.419062 13.243695 1058.397183 65.853899 0.128205 0.001296 -28.959558 0.611541 -0.441577 0.611457 29.553284 0.611373 47.907676 nan 3.871731 0.000167 719.222107 0.093185
173.501250 2016 291.868684 6.469136 638.426651 37.294186 0.127057 0.003871 -28.695721 0.573257 0.779743 1.164685 31.998263 1.756113 46.884843 nan 3.871725 0.000167 719.225499 0.093058
180.501250 2016 263.449530 6.250761 742.871461 39.163495 0.132304 0.001499 -26.951637 0.609952 3.832376 0.613590 33.456237 0.617227 49.490763 nan 3.871720 0.000167 719.228411 0.093008
187.501250 2016 320.581547 11.355058 1072.463310 122.608259 0.123045 0.005212 -28.399874 0.929763 4.762812 1.361280 36.504736 1.792796 47.369364 nan 3.871717 0.000167 719.230183 0.092922
193.770694 2016 776.671881 19.746210 1780.386364 57.761159 0.133730 0.001881 -28.508644 0.941271 6.963757 0.963752 41.011838 0.986233 53.407304 nan 3.871641 0.000188 719.272373 0.104516
201.501250 2016 389.655161 9.367357 1087.801584 66.362440 0.123868 0.003310 -24.941134 1.180501 8.752898 1.014921 42.630654 0.849340 52.306458 nan 3.871712 0.000166 719.232796 0.092661
208.501250 2016 711.901259 19.270856 1855.904522 112.538310 0.127058 0.002492 -27.715976 1.240625 9.575623 1.048876 44.988515 0.857127 56.666664 nan 3.871712 0.000166 719.232642 0.092531
215.501250 2016 970.707003 28.743832 2942.282759 286.375033 0.130247 0.002759 -30.908307 1.552797 10.192323 1.248571 48.607745 0.944346 60.824211 nan 3.871714 0.000166 719.231509 0.092573
222.501250 2016 1205.885170 27.661756 2719.445911 126.063605 0.132716 0.002633 -33.937801 1.547443 10.058935 1.199992 54.090367 0.852541 64.711284 nan 3.871720 0.000166 719.228360 0.092286
229.501250 2016 595.752601 14.663602 1363.119983 82.729522 0.123251 0.002464 -34.720684 1.485275 9.579416 1.163979 49.358269 0.842682 63.437381 nan 3.871724 0.000166 719.226032 0.092245
236.501250 2016 655.841544 19.517231 1837.492909 229.608656 0.119017 0.004035 -40.479168 1.876816 8.702200 1.440980 49.041081 1.005145 63.627237 nan 3.871730 0.000165 719.222205 0.092045
243.501250 2016 1220.005575 52.137027 5025.273889 804.330284 0.124038 0.003761 -45.974741 1.913089 7.277649 1.552056 48.871334 1.191022 67.727237 nan 3.871742 0.000165 719.215806 0.091784
257.501250 2016 1231.341524 36.687024 4539.628607 254.099414 0.114918 0.002636 -43.759064 1.448094 3.449610 1.355452 45.977342 1.262811 65.123873 nan 3.871762 0.000164 719.204173 0.091592
264.501250 2016 463.419414 11.966796 1124.762788 116.629734 0.110153 0.012042 -47.164345 3.282453 3.068273 2.352955 46.323884 1.423457 66.622343 nan 3.871772 0.000164 719.198904 0.091658
271.501250 2016 2311.684109 76.755600 9666.572950 760.595561 0.127675 0.004831 -48.447005 1.481257 -0.097821 1.568160 55.071697 1.655064 70.828801 nan 3.871786 0.000164 719.191151 0.091646
285.501250 2016 1466.594952 45.257692 5818.576250 552.912498 0.120370 0.003568 -45.896104 1.123451 -4.633722 1.258981 39.504060 1.394510 64.710305 nan 3.871803 0.000165 719.181818 0.091858
292.501250 2016 1883.250827 43.883740 5433.104821 198.367766 0.140123 0.003115 -45.816253 0.576060 -5.385268 0.953036 44.345760 1.330011 71.459072 nan 3.871810 0.000165 719.177583 0.092007
299.501250 2016 2749.914631 91.075711 10795.302692 1249.064931 0.120782 0.013837 -47.012305 0.778044 -8.172494 1.621938 39.177483 2.465832 58.721501 nan 3.871816 0.000165 719.174514 0.092161
306.501250 2016 2321.959941 65.144903 8295.619036 432.850770 0.145370 0.013222 -45.590297 0.680843 -9.536327 1.667165 36.081637 2.653487 57.670652 nan 3.871819 0.000166 719.173116 0.092354
313.501250 2016 868.766302 24.508945 3000.997800 218.930638 0.115064 0.003411 -41.007806 0.999197 -7.130679 1.184079 32.680138 1.368960 53.450855 nan 3.871818 0.000166 719.173344 0.092476
327.501250 2016 652.651058 22.133598 1882.812509 285.826788 0.127431 0.010550 -36.264444 0.769947 -6.536334 1.378411 32.057964 1.986875 47.241966 nan 3.871816 0.000167 719.174963 0.092832
334.501250 2016 670.619938 15.033524 1687.290429 39.529208 0.140333 0.009161 -34.240269 0.698591 -4.454233 1.327936 29.481460 1.957281 49.818215 nan 3.871810 0.000167 719.178218 0.093047
341.501250 2016 546.935119 13.485849 1305.002896 80.240300 0.149653 0.016396 -30.316758 2.303608 -2.599678 2.555394 30.980784 2.807179 40.184706 nan 3.871806 0.000168 719.180878 0.093505
348.501250 2016 637.919379 13.612145 1575.921352 47.099407 0.159722 0.016442 -31.489875 2.204712 -0.693851 2.689313 28.993301 3.173913 41.718382 nan 3.871802 0.000169 719.183036 0.093925
355.501250 2016 855.940595 25.837275 3334.435235 260.413053 0.170581 0.021453 -23.329800 3.729975 8.625782 2.307172 31.953199 0.884370 34.612976 nan 3.871793 0.000169 719.188085 0.093988
362.501250 2016 1202.961521 27.810163 2684.399949 111.908967 0.168358 0.018869 -28.006339 3.294560 9.185631 2.093072 34.390964 0.891584 41.291484 nan 3.871787 0.000169 719.191710 0.094402
