50.500046 2013 122.856491 4.215418 498.955955 34.147057 0.009278 0.013287 -41.367924 3.911025 7.002187 3.768339 47.354556 3.625653 19.619199 nan 3.871745 0.000021 719.194644 0.011830
57.500046 2013 387.183414 20.479993 1277.561281 315.737743 0.004167 0.017315 -39.316341 4.194565 8.055471 4.052629 49.904721 3.910692 22.456734 nan 3.871746 0.000022 719.194218 0.012224
63.661157 2013 516.249761 13.702365 1419.446017 57.858977 0.150154 0.013140 -41.903525 3.637318 5.533861 2.450702 50.639336 1.264085 70.726398 nan 3.871791 0.000026 719.169025 0.014225
71.500046 2013 177.416346 3.797080 423.967526 20.272802 0.078571 0.018203 -41.641647 2.463093 2.915811 1.893511 46.053649 1.323929 57.395353 nan 3.871747 0.000023 719.193274 0.012947
78.500046 2013 1343.808770 40.899535 5276.666519 521.797532 0.135043 0.004009 -44.553922 1.171353 -0.303238 1.375829 49.713815 1.580305 72.024938 nan 3.871750 0.000024 719.191976 0.013219
85.500046 2013 1116.183855 35.096831 3702.999893 615.753592 0.128419 0.002969 -45.224171 1.061867 -1.884218 1.286643 47.167544 1.511419 68.646995 nan 3.871754 0.000024 719.189720 0.013433
92.500046 2013 854.857430 23.964479 2252.059511 268.726085 0.134081 0.002454 -44.879567 0.694469 -3.796779 1.100882 45.860025 1.507295 69.718793 nan 3.871755 0.000024 719.188900 0.013653
99.500046 2013 262.273742 6.270083 777.540482 25.657023 0.100926 0.002921 -40.112149 0.854493 -5.692112 1.215004 35.651585 1.575516 52.480005 nan 3.871756 0.000025 719.188778 0.013923
113.500046 2013 465.714776 17.070622 2013.758843 126.363978 0.048467 0.023125 -40.969404 1.505047 -6.802695 1.832866 34.906862 2.160684 39.401330 nan 3.871762 0.000025 719.185393 0.014115
120.500046 2013 1064.939008 35.255013 3396.079581 438.997275 0.141560 0.010466 -42.241599 0.833686 -7.236092 1.697357 33.398056 2.561029 55.296217 nan 3.871763 0.000026 719.184861 0.014213
127.500046 2013 601.473039 14.734439 1741.540345 115.086224 0.129012 0.001744 -38.409747 0.644601 -5.344039 0.839601 31.284909 1.034601 54.425806 nan 3.871762 0.000026 719.185139 0.014365
134.500046 2013 370.790239 15.347291 1166.627112 259.578274 0.107305 0.004315 -32.998265 1.143239 -3.730687 1.105677 26.358656 1.068115 43.784895 nan 3.871764 0.000026 719.184111 0.014383
141.500046 2013 688.374469 21.861540 1704.978992 231.527804 0.135470 0.008651 -34.075702 0.767529 -3.354916 1.282763 27.347153 1.797997 47.223510 nan 3.871766 0.000026 719.182860 0.014363
148.500046 2013 1295.744051 33.062016 3683.122581 335.207712 0.127469 0.010655 -32.798171 1.015352 -1.321695 1.440809 30.463314 1.866266 47.839337 nan 3.871766 0.000026 719.183110 0.014391
155.500046 2013 1517.476207 49.781143 5432.666571 734.475895 0.125099 0.008172 -30.182599 1.870466 2.361142 1.309419 32.945978 0.748372 46.127283 nan 3.871762 0.000026 719.185034 0.014397
162.500046 2013 1177.038849 32.927394 4068.171500 297.920889 0.130021 0.001494 -27.070528 0.733515 3.215161 0.690602 32.748429 0.647689 46.908028 nan 3.871765 0.000025 719.183365 0.014207
169.500046 2013 510.543259 13.541219 1673.466706 61.968138 0.107099 0.003343 -20.004310 0.767557 6.228784 0.829533 35.613722 0.891510 39.798459 nan 3.871766 0.000026 719.182809 0.014427
176.500046 2013 1203.359845 43.187377 3210.927444 535.265267 0.128098 0.003715 -25.991106 1.004810 7.358612 0.977563 39.298361 0.950316 47.900834 nan 3.871763 0.000025 719.184781 0.014087
183.500046 2013 1520.588971 49.940772 6627.452714 667.089165 0.131687 0.003918 -25.303841 1.251537 8.921742 1.099074 40.733048 0.946611 50.423546 nan 3.871764 0.000025 719.183877 0.014020
190.500046 2013 1614.052374 42.552027 4851.995710 292.807949 0.131276 0.003247 -23.573148 1.233315 10.353436 1.071789 44.674937 0.910263 52.695242 nan 3.871763 0.000026 719.184656 0.014383
197.500046 2013 1712.250195 47.013809 5443.445323 528.784635 0.135803 0.003222 -29.720671 1.597381 10.971974 1.301978 49.134070 1.006576 57.177641 nan 3.871765 0.000026 719.183662 0.014421
204.500046 2013 786.225713 18.063644 2067.474969 127.818488 0.134054 0.002583 -29.511616 1.554132 11.667836 1.280015 50.984390 1.005899 60.416887 nan 3.871763 0.000026 719.184623 0.014547
211.500046 2013 284.172160 5.929361 719.978800 29.313062 0.128909 0.002018 -27.717897 1.419495 12.340132 1.126708 50.574542 0.833922 61.151423 nan 3.871763 0.000026 719.184869 0.014746
218.500046 2013 570.080301 15.691418 1599.897847 106.266163 0.129938 0.004200 -33.041894 2.005135 11.691294 1.498641 52.650265 0.992147 63.806408 nan 3.871765 0.000027 719.183514 0.014901
225.500046 2013 471.803183 13.557746 1206.713940 128.766626 0.120679 0.003612 -35.089162 1.782435 10.778157 1.467394 53.094592 1.152353 63.017999 nan 3.871768 0.000027 719.181809 0.015075
232.500046 2013 575.016335 13.065414 1406.244476 57.203875 0.143697 0.009732 -37.902230 2.529395 10.124245 1.826971 52.714055 1.124546 69.564398 nan 3.871769 0.000028 719.181594 0.015361
239.500046 2013 644.397684 17.232624 1600.661660 110.505598 0.125309 0.003195 -40.113289 1.622997 7.458765 1.421086 49.570784 1.219175 68.701330 nan 3.871770 0.000028 719.181028 0.015636
246.500046 2013 382.969978 9.314598 949.106671 51.724563 0.129594 0.001912 -42.579694 1.525743 5.601320 1.340122 49.114128 1.154501 71.868877 nan 3.871773 0.000029 719.179341 0.015937
253.500046 2013 138.725140 2.757335 319.411205 13.307693 0.117735 0.003666 -42.885032 1.749324 3.489533 1.523254 48.877292 1.297185 66.450266 nan 3.871776 0.000029 719.177851 0.016314
267.500046 2013 170.800498 4.466012 522.667542 29.839929 0.062222 0.008372 -45.017697 4.716742 0.099426 4.616651 46.707538 4.516560 32.745715 nan 3.871781 0.000031 719.175115 0.017363
274.500046 2013 662.205294 24.166040 4039.358438 316.177803 -1.685038 0.210050 -46.775181 2.366648 0.666719 2.421205 45.848003 2.475762 47.814628 nan 3.871785 0.000032 719.172737 0.017875
281.500046 2013 538.496115 14.982665 1642.857107 202.175946 0.136218 0.009891 -46.275293 1.111521 -4.635073 1.910862 42.719786 2.710202 64.899285 nan 3.871788 0.000033 719.170921 0.018401
288.500046 2013 650.344091 19.052832 1706.266606 194.490504 0.138141 0.009058 -41.177558 0.722152 -5.247181 1.504598 35.713236 2.287045 62.892277 nan 3.871789 0.000034 719.170689 0.018992
295.500046 2013 221.199443 4.410640 506.072616 19.092414 0.117387 0.002290 -39.037954 0.552014 -5.436508 0.863566 32.985128 1.175119 56.930493 nan 3.871790 0.000035 719.170314 0.019685
302.500046 2013 246.066531 7.180834 624.231839 54.070061 0.086218 0.020105 -36.499531 0.789673 -5.959180 1.103303 30.905013 1.416933 48.721700 nan 3.871793 0.000036 719.168751 0.020278
309.500046 2013 258.388781 12.500022 748.256392 128.362197 0.043889 0.015165 -36.166888 3.605089 -5.086479 3.683096 34.163242 3.761104 19.958946 nan 3.871794 0.000037 719.168005 0.020894
316.500046 2013 674.319091 19.393274 2049.837033 240.083164 0.164773 0.020400 -34.717958 0.817487 -8.162550 2.340260 29.337541 3.863033 42.281782 nan 3.871790 0.000039 719.170021 0.021498
323.500046 2013 152.714034 4.336038 462.932200 42.135082 -0.067130 0.085398 -31.346063 0.574984 -2.493251 1.404361 29.171746 2.233738 50.494253 nan 3.871792 0.000040 719.169153 0.022251
330.500046 2013 110.247603 2.899309 307.085509 24.471218 0.045576 0.048473 -29.386174 2.032689 2.213470 1.355454 30.522005 0.678219 45.952760 nan 3.871793 0.000041 719.168866 0.022856
344.502407 2013 299.060424 9.108565 832.642607 59.835521 0.108056 0.017422 -23.341234 3.119390 7.772882 2.788670 34.119269 2.457951 26.893223 nan 3.871790 0.000044 719.170569 0.024282
351.502407 2013 192.729422 7.635224 541.078409 65.650817 -0.794507 0.164142 -31.919805 2.794774 12.628762 2.666631 36.435513 2.538487 17.955062 nan 3.871788 0.000045 719.171764 0.025013
358.502407 2013 61.962158 2.296972 283.046738 17.497082 -0.628579 0.142845 -26.875920 2.926990 6.644159 2.691419 39.008704 2.455849 14.146207 nan 3.871789 0.000046 719.171019 0.025588
0.502407 2014 209.421937 8.454990 1250.306207 88.149387 193.661309 34.671114 -28.819317 3.390955 21.557352 2.011225 45.983197 0.631496 33.006005 nan 3.871786 0.000047 719.173226 0.026030
5.905185 2014 151.815959 5.165767 488.874478 29.894485 0.045556 0.010279 -28.188172 4.379470 12.408447 4.107215 45.058925 3.834960 15.695765 nan 3.871790 0.000066 719.171087 0.036502
14.502407 2014 95.716528 2.589129 291.929747 17.548037 -0.113484 0.046658 -41.827117 4.259647 8.885115 4.280876 50.527550 4.302105 20.878069 nan 3.871787 0.000049 719.172791 0.027426
34.605185 2014 42.897108 2.152482 213.697501 18.322649 -1.778373 0.230837 -33.749512 3.153768 15.890915 3.079917 49.505063 3.006065 3.884761 nan 3.871834 0.000060 719.146743 0.033350
42.502407 2014 477.871921 11.285900 1195.961205 60.906668 0.170894 0.026129 -36.369657 4.033711 13.541239 2.918802 52.694481 1.803894 63.652947 nan 3.871794 0.000053 719.168890 0.029345
49.502407 2014 820.351203 29.782388 4771.447059 447.530322 0.100321 0.020700 -37.933303 1.970959 9.811814 1.555193 52.435141 1.139426 64.721052 nan 3.871799 0.000053 719.165991 0.029666
55.138519 2014 821.985330 29.111549 2612.721647 274.973024 0.122963 0.004256 -35.623700 1.756595 6.603086 1.741589 52.284009 1.726582 67.990423 nan 3.871937 0.000068 719.089583 0.037982
63.502407 2014 245.771427 5.858059 540.776396 33.503977 0.138996 0.002715 -42.611943 1.097883 4.152942 1.202966 54.363808 1.308048 76.353726 nan 3.871805 0.000055 719.163242 0.030413
70.502407 2014 94.561352 3.666729 309.119554 35.120337 -1.158862 0.202269 -38.981537 3.054888 -16.549079 4.165839 51.565112 5.276790 23.288181 nan 3.871740 0.000055 719.198977 0.030395
77.502407 2014 50.829967 2.388869 188.987348 20.914455 1.554644 0.142615 -39.968979 1.949858 -0.263399 1.907375 47.457418 1.864892 46.682166 nan 3.871718 0.000055 719.211605 0.030782
84.502407 2014 80.887953 2.616886 304.070829 18.282362 -0.022475 0.015340 -40.534394 4.020474 0.690031 3.998468 45.826309 3.976462 12.634596 nan 3.871721 0.000056 719.209967 0.031050
91.502407 2014 63.641698 2.719577 241.519364 24.501593 -0.274331 0.073364 -38.593744 3.971676 6.689362 3.939037 45.248873 3.906398 13.710226 nan 3.871722 0.000056 719.209347 0.031278
98.502407 2014 186.921363 12.377688 622.924818 149.170813 -0.041351 0.031711 -38.864028 3.861528 -2.581382 3.925976 38.105082 3.990424 23.558867 nan 3.871724 0.000056 719.208038 0.031404
105.502407 2014 510.795563 16.751058 1349.169523 215.042639 0.120679 0.002544 -38.644737 0.711062 -4.055408 0.960013 35.480237 1.208965 58.880127 nan 3.871728 0.000056 719.205913 0.031463
112.502407 2014 436.939246 11.967870 1056.632020 85.888294 0.131996 0.002674 -40.828039 0.691799 -3.832476 1.002005 35.716968 1.312210 60.764257 nan 3.871729 0.000057 719.205352 0.031545
119.502407 2014 472.250431 16.325817 1251.561238 131.268922 0.079885 0.028438 -36.740793 0.930639 -2.723090 0.946668 32.714288 0.962698 55.997157 nan 3.871728 0.000057 719.206025 0.031604
126.502407 2014 539.819037 22.655084 1408.422180 161.644272 0.111607 0.006272 -33.617887 1.930519 -1.929968 1.865426 30.071848 1.800332 46.859625 nan 3.871728 0.000057 719.205929 0.031636
133.502407 2014 267.697967 6.744694 784.487804 43.003480 0.124280 0.001714 -31.217723 0.703876 -0.913285 0.670664 28.179965 0.637452 50.074856 nan 3.871729 0.000057 719.205472 0.031657
140.502407 2014 163.296536 8.931839 748.142292 146.229478 -2.912931 0.412735 -31.269870 1.748240 -10.809758 2.756540 31.942587 3.764840 14.475036 nan 3.871728 0.000057 719.206210 0.031549
154.502407 2014 63.713526 2.540588 221.166662 20.445462 -1.312107 0.202701 -26.339770 2.538859 12.844186 2.413563 34.563014 2.288266 7.014724 nan 3.871723 0.000057 719.208999 0.031532
168.502407 2014 177.157698 6.601223 766.720455 72.096249 -0.749874 0.160281 -25.987044 2.814933 15.545122 2.578481 39.986552 2.342030 22.750493 nan 3.871720 0.000057 719.210400 0.031629
175.502407 2014 61.991935 1.969103 218.799234 14.356091 -1.039192 0.182147 -39.044076 2.868243 6.692546 2.526611 41.670639 2.184978 17.224885 nan 3.871716 0.000057 719.212525 0.031704
182.502407 2014 49.240904 1.904831 210.229218 14.967601 -1.845807 0.245729 -40.960604 4.447583 0.567290 3.368651 47.146030 2.289719 29.689142 nan 3.871717 0.000057 719.212502 0.031747
189.502407 2014 33.443266 1.535373 190.073885 13.528799 -1.812787 0.208285 -39.117189 3.621708 -6.287147 3.224600 49.439112 2.827492 19.425701 nan 3.871718 0.000057 719.211574 0.031843
203.502407 2014 8.176880 0.550167 83.875071 5.977750 0.219327 0.008684 -44.648033 0.949387 2.496161 0.871481 45.456793 0.793575 14.026536 nan 3.871716 0.000058 719.212592 0.032208
210.502407 2014 44.064094 2.392845 175.391768 18.173544 -1.902731 0.205111 -48.117213 3.928649 14.003743 3.163442 54.472608 2.398236 39.416065 nan 3.871720 0.000058 719.210800 0.032321
231.502407 2014 146.170631 5.072125 713.691205 41.884426 -0.976134 0.179058 -40.139264 4.020879 18.978700 3.767428 53.635973 3.513977 23.838101 nan 3.871727 0.000059 719.207117 0.033077
245.502407 2014 759.325191 18.806426 1766.281308 82.348653 0.128846 0.002709 -41.740148 1.260788 5.653233 1.274474 50.502115 1.288159 73.159269 nan 3.871739 0.000061 719.200495 0.033735
259.502407 2014 464.586334 15.503186 1991.529985 231.615370 -0.540377 0.196116 -40.248165 2.514453 -6.141427 3.635693 43.396871 4.756934 51.145390 nan 3.871742 0.000062 719.198711 0.034664
266.502407 2014 673.023376 19.552302 1831.245002 150.051079 0.135256 0.009594 -42.410460 0.964551 -1.235130 1.864706 45.930937 2.764861 67.404749 nan 3.871748 0.000063 719.195400 0.035168
273.502407 2014 687.346363 16.072087 1713.344711 50.821263 0.125720 0.002470 -40.490338 0.645101 -1.360738 0.974918 44.336631 1.304735 67.423761 nan 3.871752 0.000064 719.193129 0.035733
280.502407 2014 412.395684 10.368528 998.787923 54.635185 0.120473 0.002790 -39.145978 0.509993 -2.711565 0.885095 40.152417 1.260197 62.808506 nan 3.871753 0.000065 719.192794 0.036132
287.502407 2014 613.447255 21.639318 1644.239980 226.536484 0.126749 0.002706 -40.089182 0.500756 -2.871403 0.841736 42.118463 1.182715 62.889980 nan 3.871752 0.000066 719.193495 0.036653
294.502407 2014 989.374431 26.140467 2365.165911 160.690433 0.137889 0.009715 -38.915493 0.396398 -4.711405 1.388386 38.497785 2.380375 58.497577 nan 3.871752 0.000067 719.193590 0.037141
301.502407 2014 624.956290 15.004043 1442.668025 55.773179 0.123290 0.002124 -34.363946 0.441352 -2.704120 0.704584 34.763495 0.967816 56.023184 nan 3.871756 0.000068 719.191801 0.038063
308.502407 2014 731.341803 23.790702 2445.202441 387.212765 0.146981 0.016530 -31.461960 0.620470 -5.596420 2.096083 30.914632 3.571697 44.067272 nan 3.871750 0.000069 719.194930 0.038484
315.502407 2014 604.565621 19.900314 1894.533286 270.525890 0.122329 0.002868 -32.215377 0.714849 -0.399198 0.819441 32.180932 0.924034 50.304367 nan 3.871748 0.000070 719.196135 0.039138
322.502407 2014 785.057564 18.793864 1918.745124 106.391935 0.148611 0.014628 -32.973273 2.334339 1.624322 2.475603 32.907513 2.616867 45.208519 nan 3.871746 0.000071 719.197439 0.039698
329.502407 2014 304.272305 7.570604 835.794533 53.683578 0.121795 0.002139 -26.886369 0.886658 3.559887 0.807250 33.266252 0.727842 46.874446 nan 3.871745 0.000072 719.197910 0.040348
336.502407 2014 344.533612 8.899470 943.134038 71.372480 0.140942 0.014829 -25.791512 2.396492 8.226849 1.704473 37.263416 1.012454 41.818544 nan 3.871742 0.000074 719.199898 0.041129
343.502407 2014 1171.551989 27.556229 2848.894581 144.533325 0.125514 0.023463 -32.097698 2.629736 12.235918 1.812024 40.827899 0.994311 42.719702 nan 3.871737 0.000075 719.202559 0.041740
349.182963 2014 724.536758 20.480245 1551.985074 77.514090 0.126910 0.001976 -25.098571 1.484957 9.989928 1.433560 41.283894 1.382163 49.400721 nan 3.871729 0.000097 719.207643 0.054225
357.502407 2014 691.528131 19.517042 2175.317162 173.148340 0.119753 0.003893 -29.019537 1.782968 12.342655 1.364718 45.150147 0.946469 48.482754 nan 3.871737 0.000078 719.202892 0.043467
364.502407 2014 1061.356425 29.716481 2935.915121 294.736226 -14.452444 14.601062 -32.124416 1.957711 14.343618 1.476987 48.622465 0.996262 52.184882 nan 3.871734 0.000079 719.204616 0.043817
6.502407 2015 1180.524055 37.358135 4637.613759 538.705023 0.117901 0.013514 -26.417913 1.661912 15.998077 1.337900 50.884165 1.013888 51.908396 nan 3.871733 0.000080 719.205681 0.044704
13.502407 2015 269.557153 6.385712 588.248194 40.462242 0.130761 0.002400 -33.655633 1.625173 14.674070 1.255250 55.086619 0.885326 61.181019 nan 3.871736 0.000081 719.204109 0.045275
20.502407 2015 143.923917 3.867527 506.909005 43.654522 -0.186420 0.104198 -41.464374 4.032885 8.753498 4.626566 51.560983 5.220247 44.702521 nan 3.871737 0.000082 719.203368 0.045525
27.502407 2015 305.911195 7.815023 899.034682 45.040540 0.105761 0.012576 -32.507417 2.367734 14.341258 1.590201 52.687538 0.812668 62.254217 nan 3.871740 0.000083 719.202281 0.046051
34.502407 2015 794.285297 18.754570 1886.169714 79.658408 0.133226 0.003582 -38.322354 1.604042 12.386776 1.266580 55.363750 0.929118 70.999606 nan 3.871741 0.000084 719.201752 0.046656
41.502407 2015 278.224418 7.423996 648.770254 55.077613 0.118269 0.003401 -34.772974 1.430857 11.064985 1.381869 56.087162 1.332881 65.941188 nan 3.871745 0.000084 719.199200 0.046878
48.502407 2015 442.382727 15.625139 1588.292427 212.367736 0.097970 0.006290 -32.933427 3.175295 10.288622 2.591437 55.139396 2.007579 56.220102 nan 3.871752 0.000085 719.195491 0.047380
55.502407 2015 526.759755 17.375375 1366.993215 190.341017 0.122008 0.003685 -37.900090 1.458335 6.903553 1.595332 58.142517 1.732330 69.832221 nan 3.871755 0.000085 719.193688 0.047247
62.502407 2015 1058.915383 29.556671 3640.946600 306.590906 0.124466 0.003571 -38.880707 1.379103 4.929437 1.525757 55.781699 1.672410 71.184829 nan 3.871760 0.000086 719.191328 0.047652
69.502407 2015 555.013215 13.450947 1197.621245 78.192784 0.128601 0.002765 -40.365528 0.682175 1.988217 1.143480 54.297623 1.604785 72.874045 nan 3.871763 0.000086 719.189497 0.048015
76.502407 2015 2112.726777 78.781517 12532.289158 878.788571 0.115326 0.008783 -48.564584 2.725402 -0.136428 3.042401 50.753116 3.359400 65.641428 nan 3.871768 0.000087 719.187156 0.048275
90.502407 2015 800.782153 20.325455 2713.737793 125.937156 0.117798 0.001633 -35.584165 0.369073 -1.920494 0.776750 39.310620 1.184427 62.529957 nan 3.871774 0.000087 719.183661 0.048734
97.502407 2015 581.659111 17.967125 2081.308045 270.766749 0.121708 0.003895 -39.895893 0.986852 -2.881209 1.191180 38.874527 1.395508 61.499468 nan 3.871775 0.000088 719.183392 0.048934
104.502407 2015 1553.286722 52.066557 6246.459407 727.247584 0.121296 0.002754 -37.659415 0.590699 -2.258779 0.896904 35.939661 1.203109 58.782002 nan 3.871775 0.000088 719.183174 0.049031
111.502407 2015 1461.642947 37.911465 4801.076179 324.889340 0.137654 0.001769 -39.621874 0.602993 -1.665224 0.756074 35.472801 0.909156 62.539908 nan 3.871776 0.000088 719.182772 0.049066
118.502407 2015 521.477449 13.226953 1700.133357 79.648097 0.116255 0.003056 -37.355592 0.893204 -0.839627 0.853634 33.137166 0.814064 51.745640 nan 3.871773 0.000088 719.184124 0.049116
125.502407 2015 466.702339 12.956818 1355.461825 136.599775 0.126496 0.002202 -33.719902 0.733373 0.268640 0.705599 31.424034 0.677824 53.001897 nan 3.871770 0.000088 719.186046 0.049089
132.502407 2015 1143.325556 34.635605 4304.833208 407.716222 0.123397 0.010968 -37.227721 1.888633 1.610058 2.265890 34.353499 2.643146 44.693994 nan 3.871767 0.000088 719.187636 0.049082
139.502407 2015 674.775784 17.759042 2049.718987 200.585502 0.131410 0.002117 -28.159710 0.818492 4.089855 0.760988 35.447012 0.703484 51.441651 nan 3.871765 0.000088 719.189008 0.049073
146.502407 2015 148.290182 3.292092 431.997607 13.799109 0.099252 0.004327 -23.447917 1.255335 7.108255 1.156339 36.070266 1.057344 39.687034 nan 3.871760 0.000088 719.191468 0.049124
152.905185 2015 100.007530 2.081126 207.746426 11.164133 0.068813 0.009820 -22.410278 2.321359 9.869021 2.088348 36.167092 1.855337 27.051579 nan 3.871648 0.000097 719.253890 0.053896
160.502407 2015 857.044627 23.264921 2511.675543 171.703481 0.088568 0.033850 -24.930141 2.302284 9.965411 2.322014 43.628038 2.341744 44.110812 nan 3.871753 0.000088 719.195581 0.049165
174.501389 2015 1906.635079 64.753133 10061.269714 595.869223 0.138992 0.004621 -34.637884 1.928530 12.223859 1.555367 51.473539 1.182204 56.764710 nan 3.871749 0.000089 719.197756 0.049358
181.501389 2015 1137.056385 28.165064 3812.418379 170.560186 0.135391 0.002679 -24.651413 1.524080 14.268739 1.305789 53.249029 1.087499 59.282639 nan 3.871747 0.000089 719.198661 0.049440
188.501389 2015 754.204298 22.711417 2288.232287 320.699281 0.126132 0.003500 -24.018658 1.530193 15.644599 1.346517 55.933503 1.162841 58.663862 nan 3.871749 0.000089 719.197931 0.049540
195.501389 2015 1106.971064 32.590428 3272.864448 537.418290 0.135494 0.003143 -28.321398 1.620632 15.211998 1.319585 58.814265 1.018538 65.729250 nan 3.871751 0.000089 719.196958 0.049675
202.501389 2015 797.918304 27.883374 2436.945236 486.119757 0.123045 0.003214 -29.794609 1.749288 15.505695 1.412633 57.274789 1.075978 64.056176 nan 3.871752 0.000089 719.196326 0.049848
207.823611 2015 504.328504 15.011874 1213.274269 73.126034 0.134829 0.004714 -34.480910 2.545499 13.877646 2.029287 58.298221 1.513075 71.551898 nan 3.871795 0.000123 719.171851 0.068452
216.501389 2015 492.046057 15.035262 1104.197837 126.181546 0.138141 0.003619 -35.031466 1.792227 13.023371 1.433741 58.511492 1.075255 75.812899 nan 3.871760 0.000090 719.191564 0.050065
223.501389 2015 597.169650 16.328696 1632.688102 129.613863 0.139000 0.010431 -38.821862 2.788038 12.907444 2.018474 56.247279 1.248910 71.627113 nan 3.871766 0.000090 719.188470 0.050295
230.501389 2015 2846.205923 83.952085 10290.885286 870.210978 0.141880 0.009785 -38.971136 2.602303 11.251144 1.915606 57.616575 1.228910 74.161238 nan 3.871771 0.000091 719.185971 0.050578
237.501389 2015 1932.110747 67.006424 8393.000429 939.877207 0.084857 0.017061 -41.217425 3.154057 9.905282 2.346068 54.666877 1.538078 62.926178 nan 3.871775 0.000091 719.183589 0.050859
244.501389 2015 1415.968926 40.373034 5389.293593 509.394444 0.132922 0.003464 -40.912013 0.976239 5.129924 1.291939 54.096683 1.607638 77.060667 nan 3.871781 0.000092 719.180446 0.051175
251.501389 2015 2645.366902 91.693023 12871.616520 1319.629749 0.139815 0.014134 -57.088865 1.749786 0.213834 2.988219 50.329276 4.226651 65.249869 nan 3.871786 0.000093 719.177561 0.051634
258.501389 2015 1769.767686 44.273611 5650.087310 350.148269 0.153556 0.012891 -43.026105 3.023504 1.183798 3.044170 51.038756 3.064835 70.285277 nan 3.871789 0.000094 719.176019 0.052385
265.501389 2015 1287.621137 36.535811 4310.680345 459.499891 0.143697 0.009820 -45.834570 1.032335 -1.208676 1.969016 48.008756 2.905696 71.860260 nan 3.871791 0.000094 719.175061 0.052562
272.234722 2015 432.865667 10.286747 1154.641647 51.155818 0.134028 0.010131 -39.064904 0.615354 -2.938217 1.766761 44.054271 2.918168 64.392913 nan 3.871762 0.000099 719.191390 0.054937
279.501389 2015 2693.256063 87.205768 10153.965185 1103.545417 0.133975 0.009950 -39.773776 1.070612 -2.234920 1.860622 42.275188 2.650632 62.374574 nan 3.871795 0.000096 719.173322 0.053638
286.501389 2015 3180.746519 85.454172 11069.199679 368.622426 0.170238 0.019887 -37.479011 0.606937 -7.316785 2.872591 38.707657 5.138245 51.827154 nan 3.871793 0.000097 719.174418 0.054158
293.501389 2015 1227.642020 35.448028 4351.804786 420.945392 0.138195 0.010363 -38.579399 0.846785 -2.519189 1.720322 36.825117 2.593860 58.143187 nan 3.871790 0.000098 719.175950 0.054756
300.501389 2015 355.432607 9.228489 1228.338107 75.789945 0.129051 0.014609 -33.453079 1.044559 -3.097911 2.110092 33.446416 3.175625 45.604012 nan 3.871788 0.000099 719.177248 0.055195
307.501389 2015 1659.974226 54.841092 7928.740944 632.114533 0.144097 0.013613 -35.625476 3.205928 3.455232 2.134488 36.542672 1.063048 48.754618 nan 3.871785 0.000100 719.179228 0.055830
314.501389 2015 3066.111082 81.548395 10417.694857 463.418864 0.138568 0.020363 -35.992962 4.006598 4.583448 3.625700 36.933243 3.244802 41.188209 nan 3.871780 0.000101 719.182298 0.056482
321.501389 2015 1602.465745 44.509791 5807.000000 321.968718 0.153744 0.016788 -27.177684 3.174071 8.074498 1.997892 36.668851 0.821712 43.185555 nan 3.871775 0.000103 719.185228 0.057179
328.501389 2015 555.795324 16.107466 2381.023786 65.325088 0.102457 0.003356 -23.238940 1.187592 7.428524 1.005661 33.788784 0.823731 41.384519 nan 3.871772 0.000104 719.187285 0.057858
335.501389 2015 508.148685 12.540330 1273.994064 63.353074 0.137111 0.013685 -26.311126 2.064481 10.779833 1.684518 40.326832 1.304555 44.441941 nan 3.871768 0.000105 719.189404 0.058612
342.501389 2015 884.422341 19.208310 1995.006417 65.245190 0.166204 0.015868 -33.107136 2.546092 13.313281 1.848105 46.014382 1.150119 49.849176 nan 3.871764 0.000106 719.191784 0.059189
349.501389 2015 677.172478 17.790951 1639.787859 151.446947 0.144231 0.015025 -28.057753 2.550826 14.761649 1.832696 48.452296 1.114566 50.645905 nan 3.871761 0.000108 719.193555 0.059916
356.501389 2015 1942.590624 61.197750 8508.933393 699.446252 0.130769 0.009761 -29.049079 1.957696 15.778221 1.509972 50.402752 1.062248 52.028200 nan 3.871760 0.000108 719.194250 0.060282
363.501389 2015 1445.616465 45.390319 4798.771393 590.560488 0.137552 0.003681 -37.449678 1.899259 14.832968 1.422905 54.110643 0.946551 60.743199 nan 3.871762 0.000110 719.193492 0.061477
5.501389 2016 1489.544165 39.033388 4714.790429 357.079747 0.140946 0.002756 -31.842329 1.633398 15.280778 1.250341 55.354686 0.867283 65.653999 nan 3.871763 0.000111 719.193149 0.061911
12.501389 2016 624.470936 13.353111 1587.208091 73.863516 0.145222 0.009665 -32.753351 1.984905 16.236348 1.357808 56.761149 0.730711 66.558903 nan 3.871765 0.000112 719.192027 0.062512
19.501389 2016 867.161264 31.859543 3431.250013 520.762515 0.114209 0.005372 -30.971372 2.033608 16.614597 1.702037 56.473447 1.370465 61.068294 nan 3.871770 0.000113 719.189542 0.063042
26.501389 2016 669.733221 15.958232 1554.636613 110.437658 0.127778 0.004602 -35.370709 1.657760 13.969536 1.462957 58.585945 1.268153 69.951929 nan 3.871776 0.000114 719.186402 0.063599
33.501389 2016 251.894440 6.296217 675.694802 31.502443 0.110363 0.005706 -32.767128 2.999147 14.316978 2.337728 60.631029 1.676308 63.406863 nan 3.871781 0.000115 719.183698 0.064080
40.501389 2016 516.009915 15.818106 1354.290538 157.092254 0.114506 0.006596 -33.427208 2.466341 10.771038 2.682593 61.280414 2.898845 66.872978 nan 3.871787 0.000116 719.180559 0.064611
47.501389 2016 1560.413204 51.213773 6874.406895 609.468111 0.131197 0.003215 -41.692636 1.324153 9.788828 1.462671 62.365906 1.601189 76.487644 nan 3.871794 0.000117 719.176719 0.064976
54.501389 2016 1417.717066 38.411807 4364.095214 281.737970 0.125720 0.002131 -38.435715 0.713327 5.966344 1.145974 57.852667 1.578622 74.570819 nan 3.871800 0.000117 719.173289 0.065207
61.501389 2016 589.250059 17.015555 2113.342857 106.119412 0.103498 0.002736 -37.325446 0.998179 4.379615 1.223256 47.980215 1.448334 61.955875 nan 3.871806 0.000118 719.170444 0.065762
75.501389 2016 1189.746823 31.590411 3406.289621 250.861191 0.137073 0.008659 -42.260882 2.696337 1.324611 2.135291 50.761702 1.574245 69.720843 nan 3.871814 0.000119 719.165878 0.066363
82.501389 2016 900.742981 24.638035 2439.711167 201.930988 0.126440 0.001781 -39.483436 0.450023 -0.557009 0.779116 41.985318 1.108208 69.552282 nan 3.871817 0.000119 719.164659 0.066498
88.490278 2016 340.700536 8.019487 732.766662 30.929193 0.130702 0.003538 -44.207861 0.887244 -1.089439 1.202877 40.238971 1.518509 69.087149 nan 3.871784 0.000141 719.182890 0.078689
96.501389 2016 923.083300 25.840550 2476.303500 275.317170 0.128189 0.002116 -40.627202 0.707709 -0.893660 0.863942 39.622766 1.020176 65.022924 nan 3.871817 0.000120 719.164598 0.066854
103.501389 2016 1088.627990 34.723486 4074.589579 378.633647 0.128189 0.002403 -39.108686 0.694746 -0.434921 0.805141 39.939324 0.915537 61.990066 nan 3.871814 0.000120 719.166272 0.066832
110.501389 2016 962.079905 25.794108 2819.538143 209.733702 0.127885 0.002064 -39.126929 0.873319 0.288371 0.782571 37.331440 0.691823 59.018146 nan 3.871811 0.000120 719.167700 0.066923
117.501389 2016 356.765931 6.670881 640.955778 31.048009 0.156366 0.013665 -33.010148 3.235267 4.092943 1.927180 35.408471 0.619092 55.140904 nan 3.871806 0.000120 719.170553 0.066925
124.501389 2016 1306.773304 35.066739 3645.208548 257.348960 0.133868 0.002212 -31.650641 0.891181 3.342779 0.692548 36.401384 0.493916 56.400730 nan 3.871801 0.000120 719.173629 0.066838
131.501389 2016 3009.846029 84.288832 11268.384778 500.291078 0.137821 0.003895 -38.359050 1.319963 4.253630 1.057581 40.386995 0.795199 55.832647 nan 3.871796 0.000120 719.176146 0.066893
138.501389 2016 1455.873760 38.124449 5154.000000 204.168201 0.131276 0.002131 -25.860205 0.994905 6.905602 0.846886 40.439079 0.698868 52.779700 nan 3.871792 0.000120 719.178690 0.066959
145.501389 2016 650.182912 15.871580 2115.297767 88.841284 0.129732 0.003074 -27.895451 1.313876 9.188143 1.073172 43.041243 0.832469 51.964402 nan 3.871786 0.000120 719.181720 0.066976
152.501389 2016 479.393286 9.811589 879.750671 52.247448 0.137963 0.002044 -25.068711 1.255460 10.913787 1.134988 46.055849 1.014516 55.384010 nan 3.871782 0.000120 719.183962 0.067048
159.501389 2016 948.843031 31.006177 2503.058485 371.972872 0.132922 0.003109 -23.315362 1.447005 12.994764 1.265526 49.372276 1.084048 54.848738 nan 3.871781 0.000121 719.184811 0.067187
166.501389 2016 555.828140 13.245017 1154.622648 77.912513 0.142735 0.009345 -21.839807 1.630045 14.660321 1.384057 53.513998 1.138069 57.220150 nan 3.871780 0.000121 719.185343 0.067308
173.501389 2016 306.908535 6.624838 633.795829 35.622508 0.134671 0.002703 -25.691776 1.542853 15.767526 1.356541 56.886386 1.170230 60.664508 nan 3.871780 0.000121 719.185618 0.067351
180.501389 2016 278.003173 6.472891 802.938313 42.592392 0.138683 0.002905 -26.512254 1.529596 15.849976 1.329310 58.351198 1.129023 65.235169 nan 3.871781 0.000121 719.184655 0.067411
187.501389 2016 357.560764 13.618792 1218.107250 195.663934 0.124177 0.006557 -31.178291 2.552621 17.291637 2.418628 61.031092 2.284634 61.205887 nan 3.871786 0.000121 719.182139 0.067555
194.501389 2016 818.808764 17.877820 1951.694078 53.135962 0.132936 0.008248 -37.379397 2.356446 16.359805 1.799354 66.051458 1.242263 71.228028 nan 3.871791 0.000121 719.179343 0.067651
201.501389 2016 410.826846 9.295586 1090.122500 50.699527 0.126816 0.005068 -30.473800 1.957373 15.973174 1.740978 58.766342 1.524583 69.483318 nan 3.871796 0.000122 719.176568 0.067780
208.501389 2016 790.603499 21.129869 2056.403143 114.695974 0.140889 0.010282 -38.507446 2.710729 15.058941 2.060033 61.106485 1.409338 73.227367 nan 3.871703 0.000123 719.228492 0.068319
222.501389 2016 1314.423359 28.824823 2942.250786 107.905524 0.139198 0.012831 -40.699416 3.687173 13.141635 2.477215 59.649609 1.267257 76.942703 nan 3.871718 0.000124 719.220452 0.068840
229.501389 2016 624.009033 14.443327 1425.094955 82.114259 0.138782 0.009703 -39.631009 2.628035 10.001189 2.048759 59.770526 1.469482 75.833518 nan 3.871723 0.000124 719.217430 0.069182
236.501389 2016 728.406107 21.626511 2055.784470 255.243154 0.132333 0.010475 -42.603108 2.815642 7.938609 2.240506 55.664417 1.665370 71.939045 nan 3.871729 0.000124 719.214493 0.069370
243.501389 2016 1295.509140 48.214954 4756.963682 807.755843 0.130453 0.014435 -41.419605 2.742366 4.982152 2.916866 57.256912 3.091365 73.187773 nan 3.871735 0.000125 719.210999 0.069895
257.501389 2016 1242.173264 34.952613 4209.126448 235.229750 0.123045 0.002643 -39.975558 0.667346 1.091932 1.007840 49.824754 1.348335 71.637031 nan 3.871741 0.000127 719.208250 0.070902
264.501389 2016 499.860641 11.822235 1177.762143 97.735990 0.158102 0.017286 -44.666864 1.175057 -4.652646 3.152883 48.887380 5.130708 63.138151 nan 3.871741 0.000128 719.208133 0.071080
271.501389 2016 2650.769948 82.347935 10256.583857 822.573610 0.131444 0.023975 -42.445500 6.024822 3.891759 5.313833 49.810196 4.602844 48.015842 nan 3.871742 0.000129 719.207815 0.071829
278.501389 2016 2790.782481 74.048500 8761.507586 407.215578 0.156250 0.013738 -44.331966 1.025479 -2.996256 2.629686 51.466432 4.233892 64.385219 nan 3.871740 0.000130 719.209349 0.072264
285.501389 2016 1599.957034 49.286962 6443.673926 670.684891 0.134838 0.010225 -39.246377 2.850298 0.782708 1.993885 40.612717 1.137471 59.435055 nan 3.871735 0.000131 719.212145 0.072845
292.501389 2016 1943.103736 43.630032 5354.761821 209.578065 0.186905 0.020326 -40.763883 4.519702 0.888420 4.554016 41.803719 4.588330 52.338157 nan 3.871731 0.000132 719.214607 0.073412
299.501389 2016 2836.847055 86.411230 10085.374962 973.644454 0.157071 0.016712 -37.370290 4.149042 5.470534 2.543812 39.830437 0.938581 49.115448 nan 3.871726 0.000133 719.217402 0.073955
306.501389 2016 2460.672573 66.622395 8515.923643 461.875829 0.161473 0.016488 -35.626985 3.676283 7.437092 2.205018 38.358837 0.733753 49.658959 nan 3.871720 0.000134 719.221007 0.074674
313.501389 2016 943.259947 24.999016 3212.857700 181.445444 0.130876 0.009788 -31.560386 2.019539 6.412735 1.417070 36.908877 0.814601 49.810669 nan 3.871714 0.000135 719.224950 0.075371
327.501389 2016 682.865497 21.957527 2084.779131 282.430586 0.142889 0.013203 -32.391433 2.044877 11.721536 1.533111 43.481221 1.021344 48.756263 nan 3.871706 0.000138 719.230088 0.076905
334.501389 2016 684.982945 14.615218 1732.829732 46.958226 0.156444 0.012891 -30.193237 2.232286 13.340381 1.622425 46.906155 1.012563 53.539157 nan 3.871702 0.000139 719.232475 0.077662
341.501389 2016 593.309207 14.517695 1540.488895 77.874971 0.145778 0.012964 -33.005504 2.096735 15.102253 1.539506 50.091238 0.982277 52.594648 nan 3.871700 0.000142 719.233653 0.078873
348.501389 2016 658.206970 13.720604 1605.891648 52.321355 0.156222 0.013143 -27.226557 2.011051 16.399003 1.513825 52.904708 1.016600 57.830408 nan 3.871701 0.000143 719.233420 0.079662
355.501389 2016 925.886431 28.097835 3772.027895 293.343816 0.149111 0.013870 -33.068793 2.187835 18.014277 1.554288 54.341268 0.920742 57.994164 nan 3.871701 0.000143 719.233491 0.079762
362.501389 2016 1225.439293 27.571799 2814.728721 95.249865 0.140171 0.003341 -36.126719 1.740562 16.048711 1.306358 57.320644 0.872153 67.783646 nan 3.871704 0.000144 719.232341 0.080381
