221.502269 2011 488.267618 18.698677 1662.816143 282.344310 0.109444 0.030364 -66.241773 4.910416 -28.135838 5.525177 67.717644 6.139938 35.880587 nan 3.851882 0.000008 730.377881 0.004453
256.502535 2011 1852.538999 49.943454 6030.577667 326.034688 0.129527 0.003546 -49.765601 1.469655 -2.679616 1.346137 47.430880 1.222618 70.226692 nan 3.871823 0.000008 719.150819 0.004453
263.502535 2011 508.789934 18.705790 1810.961864 309.679393 0.122325 0.003749 -45.919937 1.314065 -1.228605 1.419304 42.473560 1.524542 66.305237 nan 3.871829 0.000008 719.147493 0.004649
270.174757 2011 1274.767851 43.548362 6313.481444 390.455112 0.114468 0.007762 -44.052825 2.130567 0.900584 2.314314 48.571566 2.498062 62.361226 nan 3.871827 0.000009 719.148842 0.005284
284.501921 2011 279.180491 7.167749 731.612525 53.609244 0.123333 0.009994 -35.207981 2.290135 6.843652 1.824689 50.662652 1.359243 62.953094 nan 3.871824 0.000010 719.150531 0.005816
298.501921 2011 433.310893 16.008334 2079.565010 300.424356 -0.177381 0.102045 -32.388426 2.877373 12.290938 2.063732 56.884731 1.250090 62.025597 nan 3.871826 0.000012 719.149290 0.006602
305.501921 2011 531.851475 18.104392 1750.513593 214.820214 0.093930 0.024704 -45.978631 3.040188 9.308958 3.129931 62.657512 3.219674 70.316701 nan 3.871830 0.000013 719.147066 0.006989
312.501921 2011 222.399662 5.057529 580.077571 39.271053 0.118518 0.002564 -35.133667 0.934440 10.555179 1.320516 61.684937 1.706591 75.299617 nan 3.871829 0.000013 719.147820 0.007316
326.501921 2011 54.492795 1.537362 171.519446 13.440903 1.586607 0.265739 -37.947918 5.213809 3.761576 4.515965 63.372586 3.818121 55.532556 nan 3.871834 0.000014 719.145056 0.007973
333.501921 2011 165.099630 5.175575 616.043072 45.038448 0.064120 0.012151 -46.342260 5.098618 5.225992 5.310284 63.065280 5.521951 49.996751 nan 3.871836 0.000015 719.143507 0.008215
3.501921 2012 72.452292 2.755849 273.187081 18.832312 1.413784 0.294393 -65.435559 4.697019 -7.261014 4.874410 47.697430 5.051800 40.672084 nan 3.871841 0.000016 719.141049 0.008879
10.501921 2012 78.339221 2.465805 319.889472 10.759793 0.020370 0.000685 -64.159373 5.309028 -8.420750 5.322996 44.185281 5.336965 13.736748 nan 3.871839 0.000016 719.141881 0.008955
24.501921 2012 883.899965 27.108954 3143.064310 344.563612 0.097778 0.014627 -64.719837 3.393212 -10.056611 3.237505 42.299678 3.081798 72.252837 nan 3.871835 0.000016 719.144135 0.008822
31.501921 2012 370.595461 8.777506 878.890712 49.037050 0.125411 0.002132 -63.446430 1.608633 -11.223308 1.262562 36.944418 0.916490 80.012370 nan 3.871837 0.000016 719.143198 0.008768
38.501921 2012 310.299267 7.551131 890.210919 42.888674 0.131173 0.002595 -62.623986 1.520815 -11.003100 1.231365 40.282978 0.941916 80.646654 nan 3.871832 0.000016 719.145744 0.008814
45.501921 2012 827.976483 26.539802 2645.672196 255.823233 0.125823 0.003508 -57.310366 1.841264 -9.682892 1.508854 37.966333 1.176444 75.157180 nan 3.871836 0.000016 719.143748 0.008778
52.501921 2012 686.805475 18.302501 1803.958707 148.923306 0.125617 0.002460 -53.278246 1.422871 -8.754254 1.355951 38.260831 1.289032 72.668329 nan 3.871829 0.000015 719.147686 0.008597
59.501921 2012 802.181784 28.060197 2526.795557 378.323544 0.127058 0.003919 -55.502655 2.056887 -6.623569 1.677754 38.765061 1.298621 71.573499 nan 3.871833 0.000015 719.145588 0.008576
66.501921 2012 1472.864372 57.132685 6376.871000 954.701170 0.110093 0.014794 -57.758331 4.719225 -4.669970 4.467750 58.688608 4.216274 57.888928 nan 3.871829 0.000016 719.147842 0.008702
73.501921 2012 1841.114931 55.077253 7027.582034 570.976902 0.130864 0.002608 -50.794188 1.578761 -2.270123 1.489549 44.734187 1.400337 71.693423 nan 3.871834 0.000016 719.144665 0.008715
80.501921 2012 1686.885227 44.215540 4947.647607 285.888590 0.139103 0.009641 -47.169983 1.437723 -1.213670 2.102940 45.108253 2.768157 69.265552 nan 3.871828 0.000015 719.148016 0.008634
94.501921 2012 769.452078 27.360003 3315.635053 563.736287 0.125855 0.003943 -43.637066 1.429309 4.485018 1.522472 52.602379 1.615635 71.012934 nan 3.871831 0.000016 719.146315 0.009028
101.501921 2012 760.939740 21.654688 2184.651130 244.459898 0.121399 0.008636 -49.134070 2.937456 7.303889 2.197212 54.444588 1.456969 72.514967 nan 3.871840 0.000016 719.141461 0.009133
108.263032 2012 455.260869 13.430757 1279.782868 73.367216 0.132118 0.003032 -40.002210 1.606091 7.521928 1.687372 56.989775 1.768653 77.839637 nan 3.871836 0.000021 719.143572 0.011430
116.401921 2012 2592.040102 83.653932 11472.757280 661.143704 0.136778 0.008856 -41.906989 2.526415 10.157714 2.117802 59.073070 1.709189 76.694544 nan 3.871859 0.000017 719.130699 0.009736
129.501921 2012 1075.832314 28.433556 3183.740722 160.846047 0.122428 0.003518 -41.414468 1.274943 9.440524 1.538561 64.442182 1.802180 80.165658 nan 3.871848 0.000018 719.137050 0.010168
136.501921 2012 696.424000 15.774674 1489.350305 62.546606 0.138034 0.009231 -48.675235 2.932450 9.964489 2.225741 64.955836 1.519033 83.511044 nan 3.871843 0.000019 719.140118 0.010412
143.501921 2012 712.185171 21.277823 1570.754366 221.119767 0.167150 0.018519 -44.272303 6.082291 13.341776 3.865171 66.031554 1.648052 72.672484 nan 3.871851 0.000020 719.135726 0.010867
150.501921 2012 263.765064 5.224232 591.900664 26.692061 0.126852 0.002070 -48.861848 0.840606 5.075427 1.168601 66.202269 1.496595 88.251312 nan 3.871845 0.000020 719.138654 0.011351
157.501921 2012 1070.513771 25.641920 2729.666667 99.368335 0.149517 0.014406 -52.203620 1.240199 -1.420014 3.574754 66.198070 5.909309 81.942402 nan 3.871852 0.000021 719.134992 0.011595
164.501921 2012 1025.600018 29.897202 3000.126742 409.716432 0.132556 0.002254 -57.943561 1.305177 0.213932 1.498138 64.469484 1.691099 93.470161 nan 3.871846 0.000021 719.138421 0.011921
171.501921 2012 1424.311243 48.994862 5069.747571 756.393996 0.151620 0.013899 -63.268621 1.623834 -6.584492 3.464032 57.648496 5.304231 85.719885 nan 3.871851 0.000022 719.135655 0.012441
178.463032 2012 543.093329 17.503078 1803.654779 303.031902 0.133444 0.009842 -64.087735 1.517528 -6.941404 2.499042 55.845236 3.480555 83.827537 nan 3.871835 0.000023 719.144744 0.013023
185.501921 2012 1169.661712 27.727493 2708.958568 185.844320 0.173485 0.019645 -70.123761 1.408300 -14.681699 3.957562 45.060470 6.506823 75.901709 nan 3.871849 0.000024 719.136901 0.013196
192.501921 2012 1790.202802 54.562861 6263.807667 966.272016 0.136556 0.009751 -69.030595 1.923680 -10.789119 2.411415 44.702326 2.899150 84.220747 nan 3.871843 0.000024 719.139871 0.013592
199.501921 2012 3475.358076 109.973996 15668.228786 886.916943 0.125617 0.013532 -71.348211 1.944222 -14.091050 2.680924 38.060926 3.417626 78.991053 nan 3.871846 0.000025 719.138295 0.014171
206.501921 2012 1788.243443 50.502548 7400.495143 330.527494 0.164352 0.015930 -70.068021 1.454243 -15.397574 2.955386 39.668697 4.456528 78.752255 nan 3.871841 0.000026 719.141049 0.014684
213.501921 2012 884.904355 23.788549 3437.742929 197.789599 0.127366 0.002223 -66.048972 1.396173 -12.644682 1.237206 34.806258 1.078240 79.913537 nan 3.871843 0.000027 719.140287 0.014969
220.501921 2012 422.774113 9.434452 1099.880390 70.496679 0.127263 0.002503 -62.654772 1.445902 -11.700636 1.102538 33.721112 0.759174 76.787929 nan 3.871840 0.000028 719.142105 0.015413
227.501921 2012 324.111043 7.889628 849.484980 50.698932 0.127161 0.002811 -58.385555 1.313331 -10.741147 1.158144 37.453772 1.002956 73.880069 nan 3.871841 0.000029 719.141351 0.016018
234.501921 2012 411.195046 8.930008 1013.484341 42.287539 0.135391 0.003037 -55.496474 1.139020 -8.671828 1.092694 40.137697 1.046369 75.529908 nan 3.871840 0.000030 719.142189 0.016512
241.501921 2012 256.728090 5.488001 630.116316 37.425532 0.144124 0.009885 -52.625951 1.119585 -8.700952 1.909672 39.423154 2.699758 71.857403 nan 3.871839 0.000030 719.142746 0.016792
248.501921 2012 1110.592318 39.314367 5202.016500 701.812663 0.108333 0.005035 -46.850450 1.384002 -6.874172 2.062067 37.962719 2.740132 59.569764 nan 3.871840 0.000031 719.142129 0.017244
255.501921 2012 532.149713 12.163140 1255.081979 61.262306 0.127244 0.002135 -46.069014 1.190826 -3.555991 1.196018 41.509210 1.201209 68.569310 nan 3.871841 0.000032 719.141507 0.017843
262.501921 2012 421.902192 11.825308 1087.409903 110.250519 0.132265 0.002837 -45.345196 1.078457 -1.802854 1.237620 47.729625 1.396782 70.852550 nan 3.871844 0.000033 719.139648 0.018278
269.493588 2012 148.511344 2.978641 342.915222 21.599945 0.016987 0.046709 -43.519397 2.970007 -0.760700 3.141207 46.940667 3.312407 48.740142 nan 3.871846 0.000033 719.138766 0.018569
276.501921 2012 460.873112 19.584485 2405.090538 521.414003 0.776282 0.363480 -37.971383 3.231319 5.895158 2.267924 51.084304 1.304528 61.228392 nan 3.871849 0.000034 719.137375 0.018983
283.474144 2012 2698.171054 109.374005 16487.010476 1815.522010 0.120620 0.005309 -40.328555 2.336465 6.170205 2.067543 55.478549 1.798622 68.933229 nan 3.871849 0.000035 719.137256 0.019705
290.501921 2012 2563.598969 78.507258 10272.857214 841.738027 0.117241 0.014310 -41.509574 3.115496 7.427170 2.327153 59.701523 1.538809 75.198243 nan 3.871855 0.000036 719.134067 0.019956
304.501921 2012 792.495484 23.110434 2878.475803 191.894484 0.108333 0.003976 -40.931026 1.327957 7.738281 1.575843 62.927692 1.823728 69.144463 nan 3.871801 0.000037 719.164281 0.020706
311.501921 2012 349.877393 7.856243 773.795838 52.374151 0.127058 0.003492 -42.366554 1.163692 7.623054 1.475781 66.348864 1.787870 82.958559 nan 3.871798 0.000038 719.165590 0.021232
339.501921 2012 99.981906 2.177994 263.937718 4.660667 0.053472 0.012617 -44.743698 2.284162 -0.163438 2.502946 46.700640 2.721731 43.771857 nan 3.871803 0.000040 719.163078 0.022399
15.201921 2013 298.026611 9.562401 1054.828140 65.158553 0.314103 0.206415 -68.684141 5.812125 -10.121136 5.041821 42.554092 4.271518 67.724137 nan 3.871791 0.000044 719.169920 0.024578
21.424144 2013 222.837709 6.583315 723.591890 38.067375 0.116944 0.008213 -64.958989 3.340210 -15.038335 3.858231 34.319148 4.376252 74.616322 nan 3.871782 0.000051 719.174711 0.028541
29.104699 2013 368.878562 11.358950 1030.808774 79.079213 0.122556 0.010342 -63.386507 1.466885 -14.246271 1.954451 38.618782 2.442018 78.532123 nan 3.871739 0.000046 719.199201 0.025412
50.500486 2013 124.884220 4.311016 466.629037 31.817465 -0.043879 0.023041 -51.965662 3.836751 -6.963238 3.691037 37.762540 3.545322 27.619511 nan 3.871728 0.000045 719.205022 0.024865
57.500486 2013 415.966628 21.219828 1480.593852 349.700842 0.014007 0.014511 -53.394184 4.190130 -6.250544 4.296131 40.551196 4.402131 20.836789 nan 3.871730 0.000045 719.204013 0.025128
64.500486 2013 481.955057 11.523608 1291.020959 56.004498 0.134054 0.002704 -52.483080 1.365958 -4.534759 1.367159 41.429743 1.368360 72.207380 nan 3.871732 0.000046 719.203045 0.025500
71.500486 2013 184.412756 3.979879 420.278859 22.201705 0.106838 0.004066 -47.382100 1.576417 -2.856663 1.672650 40.904413 1.768883 59.303186 nan 3.871734 0.000046 719.202073 0.025746
78.500486 2013 1476.448580 44.708752 5641.649333 528.562414 0.135470 0.003262 -48.692619 1.444862 0.062415 1.433889 47.981796 1.422917 74.124208 nan 3.871737 0.000047 719.200551 0.026009
85.500486 2013 1155.505457 33.750541 3432.966607 366.090471 0.127457 0.003819 -44.930195 1.426266 1.863662 1.395471 48.126305 1.364676 71.297839 nan 3.871741 0.000047 719.198254 0.026402
92.500486 2013 927.378668 26.112296 2415.233393 299.882988 0.141880 0.009414 -44.681810 1.100828 2.427144 2.092167 51.717829 3.083506 73.732871 nan 3.871743 0.000048 719.196929 0.026725
99.500486 2013 278.424261 6.675806 830.085725 28.871107 0.102675 0.002768 -35.536947 1.184595 5.956215 1.301490 47.686756 1.418385 61.914771 nan 3.871745 0.000049 719.195872 0.027060
106.500486 2013 127.313670 3.268131 445.224996 18.058512 0.065535 0.002922 -25.281514 1.164799 7.399470 1.369975 44.612760 1.575152 41.346420 nan 3.871748 0.000049 719.194373 0.027400
113.500486 2013 529.428546 19.418122 2302.922721 147.914625 0.064103 0.023489 -39.451837 2.508155 7.442338 2.768744 59.132615 3.029333 53.776877 nan 3.871751 0.000050 719.192523 0.027834
120.500486 2013 1153.297072 38.156921 3595.287562 473.985193 0.143376 0.009729 -46.165614 3.273290 8.402008 2.458553 63.537199 1.643817 83.731942 nan 3.871753 0.000051 719.191699 0.028350
127.500486 2013 644.067577 15.727566 1811.119517 122.995599 0.129938 0.001706 -44.832346 0.736594 6.447124 1.114974 62.385599 1.493354 86.738441 nan 3.871753 0.000051 719.191784 0.028698
134.500486 2013 397.641212 16.043928 1198.084848 256.521668 0.117201 0.010252 -46.225544 3.149730 6.593246 2.574032 60.963733 1.998334 71.099002 nan 3.871753 0.000052 719.191531 0.029035
141.500486 2013 746.421292 24.873835 1965.825667 309.984413 0.132556 0.009248 -52.845727 1.181134 1.104159 2.392634 59.858460 3.604135 82.578489 nan 3.871754 0.000053 719.191280 0.029510
148.500486 2013 1412.816461 36.085557 4005.306567 359.197207 0.163768 0.017569 -57.679685 4.184256 -1.451922 5.193182 69.912095 6.202109 80.610427 nan 3.871752 0.000054 719.192204 0.029964
155.500486 2013 1677.396417 55.955472 6298.747500 927.186380 0.141889 0.009322 -60.975839 1.381851 -2.449767 2.641917 63.878530 3.901984 89.693013 nan 3.871750 0.000054 719.193633 0.030299
162.500486 2013 1246.769750 35.342370 4329.590464 330.434547 0.129060 0.001812 -69.524978 1.552260 -4.846580 1.267680 51.767818 0.983100 90.878470 nan 3.871749 0.000055 719.194429 0.030628
169.500486 2013 536.833094 14.341637 1743.639276 75.836032 0.112667 0.009981 -57.309387 1.715414 -8.310554 2.124343 42.504406 2.533272 70.312701 nan 3.871748 0.000056 719.195078 0.031134
176.500486 2013 1220.082362 41.996678 3404.917884 556.479342 0.124252 0.014943 -73.050843 2.181736 -12.500808 2.911441 47.835166 3.641146 81.403883 nan 3.871743 0.000056 719.197868 0.031110
183.500486 2013 1609.909359 53.369452 7144.790536 711.782375 0.138355 0.009745 -73.267826 1.887653 -13.599959 2.400035 42.966806 2.912417 85.112231 nan 3.871745 0.000056 719.196810 0.031167
190.500486 2013 1724.948283 46.740622 5520.219071 385.430095 0.126337 0.013753 -70.973110 1.600804 -15.430839 2.285828 35.109408 2.970851 80.226977 nan 3.871739 0.000058 719.200030 0.032385
197.500486 2013 1804.786403 50.038437 6071.839172 544.423609 0.131070 0.003674 -69.052778 1.549611 -13.900082 1.401172 37.904280 1.252733 82.739920 nan 3.871738 0.000059 719.200784 0.032909
204.500486 2013 834.466090 19.310741 2226.847387 138.800367 0.135391 0.002380 -66.008230 1.146931 -14.531529 1.158075 37.804726 1.169219 82.438384 nan 3.871736 0.000060 719.202024 0.033409
211.500486 2013 300.322312 6.246892 762.985870 30.020997 0.130864 0.001571 -62.566763 1.186876 -13.874153 1.072364 32.964394 0.957851 77.652622 nan 3.871734 0.000061 719.203022 0.033758
218.500486 2013 613.445826 16.957024 1611.009851 98.908735 0.130247 0.004056 -58.144154 1.184958 -12.047098 1.310701 36.342419 1.436445 74.650136 nan 3.871735 0.000061 719.202566 0.034139
225.500486 2013 532.459404 15.785202 1357.051727 144.670620 0.121296 0.003789 -53.845425 1.254644 -11.460721 1.381208 35.972586 1.507772 67.622919 nan 3.871735 0.000062 719.202383 0.034638
232.500486 2013 607.406618 13.612221 1494.886243 54.837751 0.145940 0.009588 -55.236679 1.054465 -9.969834 1.652120 39.358418 2.249774 71.684749 nan 3.871737 0.000063 719.201828 0.035050
239.500486 2013 694.160095 18.644650 1687.321642 114.899224 0.115741 0.011390 -50.103447 1.090093 -8.470361 1.533454 39.965616 1.976815 66.002257 nan 3.871737 0.000063 719.201493 0.035313
246.500486 2013 406.684556 9.810143 1051.140615 56.633519 0.129914 0.001939 -47.662797 0.888545 -5.942443 1.127366 41.616883 1.366186 68.737929 nan 3.871741 0.000064 719.199614 0.035656
253.500486 2013 144.616830 2.880432 329.641228 13.297810 0.122542 0.003273 -45.105233 1.107669 -3.393607 1.378923 45.921731 1.650177 65.312943 nan 3.871744 0.000065 719.197893 0.036122
260.500486 2013 171.387548 4.994842 593.555000 47.848296 0.127991 0.007428 -47.105636 3.589578 0.894722 2.461580 49.168078 1.333583 68.197673 nan 3.871746 0.000065 719.196664 0.036490
267.500486 2013 176.201168 4.512149 553.854461 29.518894 0.075300 0.008785 -44.072742 4.780118 1.967530 4.590842 50.792001 4.401567 40.299451 nan 3.871749 0.000066 719.195237 0.036732
274.500486 2013 637.469437 23.553412 3843.274875 275.158135 -1.251681 0.225316 -45.868779 4.009930 4.740316 3.610108 57.369536 3.210286 55.279306 nan 3.871753 0.000067 719.192964 0.037079
281.500486 2013 577.353703 16.362496 1663.296579 206.129874 0.127881 0.004126 -44.261736 1.461791 3.665098 1.504788 55.891601 1.547785 74.397587 nan 3.871757 0.000067 719.190740 0.037485
288.500486 2013 680.286073 20.703841 1805.939394 206.206098 0.130453 0.002667 -39.937591 0.650652 5.199910 1.136231 57.772724 1.621810 78.911604 nan 3.871760 0.000068 719.189419 0.037804
295.500486 2013 232.733051 4.742268 534.438695 21.805312 0.117387 0.002328 -38.621955 0.705004 5.638606 1.105640 55.586729 1.506275 74.001571 nan 3.871761 0.000068 719.188737 0.038025
302.500486 2013 258.278520 7.902350 637.983704 57.140469 0.106996 0.003090 -39.879824 1.117241 5.739108 1.339969 54.571083 1.562696 69.870273 nan 3.871764 0.000069 719.187344 0.038327
309.500486 2013 243.130632 12.418079 745.436043 137.901025 0.046230 0.006904 -43.081256 5.485027 4.796067 5.425762 57.838929 5.366496 30.474142 nan 3.871765 0.000069 719.186486 0.038679
316.500486 2013 713.417559 21.615126 2293.807665 314.622112 0.126132 0.002759 -50.247794 1.053546 3.442014 1.291882 58.395054 1.530218 85.802985 nan 3.871764 0.000070 719.187288 0.038903
323.500486 2013 156.000796 4.644485 500.095833 53.203423 -0.114943 0.078405 -49.310139 5.291243 7.330043 3.218363 54.348194 1.145482 70.852406 nan 3.871762 0.000070 719.188353 0.039007
337.501088 2013 118.977618 3.852170 443.201623 29.345734 0.035227 0.009571 -60.285872 5.745920 -3.978332 5.792660 49.766584 5.839400 29.883440 nan 3.871760 0.000071 719.189710 0.039447
343.320532 2013 360.636798 13.196689 1036.317191 80.328149 0.090936 0.024094 -65.700450 2.554455 -6.830653 2.498662 48.862478 2.442869 83.444264 nan 3.871677 0.000087 719.235992 0.048567
351.501157 2013 198.746507 8.018390 583.466309 63.709674 -0.411605 0.111049 -63.249964 4.480508 -7.362213 5.015235 46.962349 5.549963 47.270723 nan 3.871751 0.000071 719.194861 0.039722
358.501157 2013 65.310921 2.496839 289.079283 16.587309 -0.302172 0.084384 -65.956459 5.556321 -1.252061 5.730779 61.256718 5.905237 17.752281 nan 3.871748 0.000072 719.196373 0.039996
0.501157 2014 209.489373 8.536133 1062.685500 102.659528 207.783333 26.359696 -68.087622 5.315972 15.500059 4.578259 53.642651 3.840546 42.634128 nan 3.871745 0.000072 719.198067 0.040325
7.501157 2014 139.339593 3.742876 475.943215 22.092943 0.044267 0.005224 -68.822664 4.680190 -15.348995 4.621845 33.138459 4.563499 28.809118 nan 3.871740 0.000073 719.200651 0.040515
14.501157 2014 97.956518 2.728506 324.087786 18.813400 0.007500 0.012056 -66.804360 5.052178 -14.870437 5.214455 51.835205 5.376732 22.507281 nan 3.871738 0.000073 719.202179 0.040687
42.502674 2014 487.302736 11.680537 1220.077395 65.063068 0.167014 0.021836 -59.998129 1.522822 -11.414203 2.024052 37.400057 2.525282 73.651639 nan 3.871738 0.000075 719.202460 0.041776
48.061007 2014 521.037517 44.563522 1956.825928 676.796121 0.058170 0.035273 -55.404152 1.733393 -10.514444 2.564416 34.548575 3.395440 61.588310 nan 3.871731 0.000098 719.206074 0.054341
56.502674 2014 772.537329 22.133079 2649.945311 217.580911 0.117414 0.003458 -57.663263 1.550514 -7.139934 1.481281 36.406292 1.412048 63.468274 nan 3.871745 0.000076 719.198428 0.042509
63.502674 2014 258.494896 6.214667 582.689139 36.927065 0.146000 0.010460 -50.523719 1.194036 -5.877587 1.951583 43.394303 2.709130 70.309326 nan 3.871747 0.000077 719.197211 0.042719
77.502674 2014 56.528512 2.506110 217.767764 22.319418 -3.046112 0.269975 -42.204444 3.157188 -17.127836 3.352454 44.687093 3.547721 6.305751 nan 3.871758 0.000078 719.191527 0.043510
84.502674 2014 89.232877 2.860733 340.100515 19.607381 0.000839 0.011939 -42.528121 4.306548 3.121191 4.230154 47.218616 4.153760 15.065771 nan 3.871762 0.000079 719.189341 0.043978
91.502674 2014 66.120984 2.755151 274.169194 21.168290 -0.157265 0.044880 -48.881408 4.675904 2.322067 4.548242 51.759277 4.420580 28.997862 nan 3.871764 0.000079 719.188119 0.044292
98.502674 2014 201.121112 13.411939 630.148951 149.340185 -0.047033 0.031391 -39.472276 4.373393 0.488208 4.504739 51.022969 4.636085 25.766453 nan 3.871768 0.000080 719.186358 0.044673
105.502674 2014 553.597796 17.238077 1342.560300 177.502152 0.123663 0.002662 -40.455997 0.763734 4.831438 1.179972 59.710836 1.596211 77.262447 nan 3.871771 0.000081 719.184302 0.045236
112.502674 2014 455.989517 12.391148 1082.698534 73.954794 0.158218 0.015450 -43.235456 4.982243 8.701039 3.158252 61.438301 1.334262 74.184959 nan 3.871772 0.000082 719.183913 0.045699
119.502674 2014 518.530658 17.859935 1383.870273 129.559686 0.101816 0.034328 -47.407150 3.578863 5.161380 3.576707 62.388746 3.574550 75.993712 nan 3.871771 0.000083 719.184865 0.045991
126.502674 2014 569.719041 18.342675 1497.904125 184.940860 0.121795 0.002469 -47.275364 1.104908 3.004537 1.316345 58.017779 1.527782 82.879891 nan 3.871770 0.000083 719.185122 0.046383
133.502674 2014 289.933601 7.323703 862.857157 48.117756 0.124893 0.001903 -50.469976 0.969570 1.325150 1.175962 59.083105 1.382355 86.174891 nan 3.871770 0.000084 719.185317 0.046914
140.502674 2014 145.765489 6.524387 477.894963 84.790620 -2.244147 0.388387 -54.379259 3.631408 -11.994746 4.926614 59.593936 6.221820 26.409292 nan 3.871768 0.000085 719.186948 0.047325
147.502674 2014 158.928463 5.077998 689.894222 44.666328 -0.348295 0.104469 -62.390877 4.445797 -0.789795 4.578172 56.808771 4.710547 35.123379 nan 3.871763 0.000085 719.189702 0.047610
154.502674 2014 61.942972 2.518375 226.589811 21.786251 -1.368776 0.209765 -66.163441 3.961414 -23.576386 4.333635 51.287884 4.705856 16.550525 nan 3.871759 0.000086 719.191590 0.048031
168.502674 2014 167.171305 6.489006 694.682184 70.910121 1.742833 0.302806 -74.918403 3.844456 -21.910685 4.107773 37.822827 4.371091 38.880975 nan 3.871751 0.000088 719.196713 0.048878
175.502674 2014 63.045559 2.031321 219.138690 14.286128 -1.145000 0.193200 -69.161825 3.979512 -13.916027 4.111057 37.789585 4.242601 39.315264 nan 3.871747 0.000089 719.199054 0.049347
182.502674 2014 49.905860 1.893223 208.996521 13.898531 -1.104403 0.401911 -70.234125 4.021561 -32.137113 4.506467 56.275360 4.991373 24.582975 nan 3.871744 0.000089 719.200493 0.049833
189.502674 2014 33.633583 1.551574 181.795163 12.512428 -1.855828 0.212612 -68.348171 4.539880 9.355379 4.870490 49.852764 5.201100 20.590421 nan 3.871742 0.000090 719.201936 0.050367
203.502674 2014 8.699001 0.580209 90.699613 7.480062 0.265656 0.008442 -57.462291 1.221776 -6.310159 1.916641 47.857588 2.611506 99.760463 nan 3.871738 0.000092 719.204191 0.051135
210.502674 2014 47.518864 2.624313 191.157557 17.864221 -1.857663 0.207843 -57.242676 2.881486 -18.406332 3.260036 30.708543 3.638586 36.938305 nan 3.871739 0.000093 719.203786 0.051560
217.502674 2014 203.915968 5.980763 793.449718 32.922221 0.049527 0.006669 -55.872131 3.875313 -14.682602 4.019036 38.171708 4.162758 27.961576 nan 3.871741 0.000093 719.202551 0.052035
224.502674 2014 122.512338 3.916502 469.951882 28.632913 0.018291 0.008018 -55.251570 3.779982 -11.333828 3.894311 36.250296 4.008639 14.598563 nan 3.871742 0.000094 719.202317 0.052279
231.502674 2014 151.698233 5.358855 777.864503 51.272666 -0.870692 0.174060 -52.808558 3.407027 -1.573136 3.378293 37.813484 3.349558 21.550327 nan 3.871745 0.000094 719.200595 0.052585
238.502674 2014 637.559125 24.562210 3099.708331 314.173937 0.040650 0.013162 -48.823150 3.990595 -8.705913 4.146884 39.785496 4.303174 29.556447 nan 3.871750 0.000095 719.198214 0.052979
245.502674 2014 784.203630 19.378379 1913.964620 89.277689 0.127350 0.002922 -45.882739 1.063949 -5.479454 1.250261 42.324970 1.436573 66.434379 nan 3.871755 0.000096 719.195343 0.053378
259.502674 2014 477.949517 16.288148 2180.793068 205.756177 -0.257540 0.118205 -39.674570 4.357633 1.734597 3.854310 42.722660 3.350987 43.447788 nan 3.871763 0.000097 719.191069 0.053888
266.502674 2014 681.183479 19.941992 1893.301065 141.231598 0.098656 0.014654 -41.803223 3.122003 0.306129 3.310651 53.480529 3.499299 61.959881 nan 3.871768 0.000097 719.188401 0.054290
273.502674 2014 714.799230 17.030166 1756.782353 48.663215 0.123354 0.002205 -38.040909 0.498640 1.440679 0.998738 51.416281 1.498836 71.437015 nan 3.871773 0.000098 719.185445 0.054677
280.502674 2014 437.375044 11.505050 1033.293617 65.322863 0.117696 0.002298 -39.836444 0.584757 2.363678 1.041989 52.539130 1.499222 70.755210 nan 3.871777 0.000098 719.183622 0.054881
287.502674 2014 561.121229 17.455535 1327.625204 156.770167 0.122016 0.003426 -41.135278 1.059925 4.018740 1.368788 54.406349 1.677651 75.611654 nan 3.871777 0.000099 719.183543 0.054999
294.502674 2014 988.780775 26.361816 2404.268133 156.607555 0.125514 0.002598 -49.634619 0.882430 2.582080 1.284171 59.595822 1.685912 80.447652 nan 3.871778 0.000099 719.183115 0.055215
308.502650 2014 746.811925 23.707792 2326.790714 298.198981 0.118313 0.002264 -51.815679 1.066508 1.640972 1.234757 54.465715 1.403006 79.820787 nan 3.871777 0.000100 719.183639 0.055852
315.502650 2014 620.462086 20.630551 1855.493320 266.239261 0.119444 0.002585 -53.624735 1.292651 -0.361092 1.247327 50.438998 1.202003 81.821184 nan 3.871773 0.000100 719.185863 0.055891
322.502650 2014 803.041901 19.883430 2001.219627 79.783985 0.127984 0.001617 -60.411490 1.270739 -2.895965 1.190248 50.941046 1.109756 88.397362 nan 3.871770 0.000101 719.187800 0.056069
329.502650 2014 319.273718 8.145008 874.386918 57.250111 0.119658 0.001790 -58.837266 1.348990 -5.900378 1.147928 43.375644 0.946866 83.035556 nan 3.871767 0.000101 719.189467 0.056368
336.502650 2014 346.887569 9.399917 958.955804 77.419644 0.122329 0.003245 -69.384934 1.794523 -7.795353 1.434985 47.430189 1.075448 84.568375 nan 3.871762 0.000101 719.192384 0.056543
343.502650 2014 1211.968069 29.216940 2896.735419 152.038778 0.129733 0.001932 -68.580558 1.655016 -10.683475 1.198468 41.341428 0.741921 88.730491 nan 3.871755 0.000102 719.196091 0.056634
350.502650 2014 621.338081 15.023240 1347.103602 70.734591 0.130556 0.009214 -63.027846 1.575468 -15.015088 2.007878 32.728897 2.440287 79.546594 nan 3.871750 0.000102 719.198827 0.056889
357.502650 2014 697.192307 20.684869 2095.614300 192.293284 0.112757 0.003366 -67.188441 1.637586 -15.972719 1.526094 31.632134 1.414602 74.978627 nan 3.871746 0.000103 719.201546 0.057326
364.502650 2014 1089.805954 29.127594 3043.668839 266.135215 -13.390535 13.517779 -67.816279 1.775156 -16.605954 1.429666 34.843877 1.084176 81.972583 nan 3.871744 0.000103 719.202574 0.057466
6.502650 2015 1212.545117 36.229061 4644.289655 368.910623 0.120062 0.002723 -65.866785 1.500027 -17.603404 1.395045 32.029614 1.290062 74.837247 nan 3.871739 0.000104 719.205528 0.057815
13.502650 2015 281.336245 7.018571 621.818602 51.785683 0.126338 0.002469 -64.344081 1.391933 -17.084807 1.314453 32.659237 1.236973 75.245475 nan 3.871739 0.000105 719.205494 0.058256
20.502650 2015 146.419708 3.976417 461.715842 44.188835 -0.163248 0.101032 -62.360847 4.777126 -6.806504 3.302473 27.367258 1.827820 49.935873 nan 3.871741 0.000105 719.204699 0.058515
27.502650 2015 312.114701 7.866246 899.692700 44.041652 0.120576 0.002743 -61.051461 1.555628 -15.262016 1.463965 28.180695 1.372303 66.899781 nan 3.871742 0.000105 719.204023 0.058606
34.502650 2015 822.114378 19.607312 1862.821220 107.548949 0.130041 0.003665 -60.916471 1.472424 -13.189734 1.426647 31.386470 1.380871 68.670886 nan 3.871743 0.000106 719.203545 0.058844
41.502650 2015 290.309419 8.114306 667.233347 58.170852 0.116987 0.003233 -56.525919 1.372959 -11.445915 1.405457 32.386880 1.437955 61.859831 nan 3.871747 0.000106 719.201138 0.059112
48.502650 2015 453.220954 15.666100 1666.086167 200.348163 0.083547 0.020105 -49.547356 1.572267 -10.157651 1.777073 33.265318 1.981879 54.816558 nan 3.871753 0.000106 719.198095 0.059227
55.502650 2015 563.613974 17.468722 1441.214055 179.584653 0.121795 0.003732 -47.844691 1.167552 -6.782460 1.335014 35.819064 1.502476 63.582480 nan 3.871758 0.000107 719.195257 0.059439
61.824873 2015 1325.989994 45.790659 4959.575682 719.180030 0.138194 0.011937 -46.357542 1.128535 -5.436518 1.933913 36.932515 2.739292 65.102690 nan 3.871915 0.000120 719.107982 0.066673
69.502650 2015 580.693085 14.021095 1230.662637 71.333317 0.128909 0.003061 -44.205814 1.018374 -1.995621 1.145809 41.234205 1.273244 68.914031 nan 3.871769 0.000108 719.189638 0.060220
76.502650 2015 2167.200107 83.626187 12863.045263 1126.789205 0.124280 0.004410 -42.442542 1.211520 0.085215 1.508112 47.919168 1.804705 68.647419 nan 3.871774 0.000109 719.186726 0.060752
83.485984 2015 2581.192018 74.370991 9600.799000 692.755649 0.139957 0.009232 -42.737042 0.703353 -0.019348 1.822348 47.762005 2.941344 72.292417 nan 3.871754 0.000110 719.198219 0.061180
90.502650 2015 859.346764 21.318741 2834.965483 112.092890 0.118590 0.002507 -36.655313 0.537324 2.127270 0.983540 54.871393 1.429757 70.366338 nan 3.871782 0.000110 719.182325 0.061561
97.502650 2015 644.033484 19.532615 2165.564467 261.943230 0.133547 0.008569 -44.355484 1.025111 1.302913 1.974005 54.099783 2.922898 74.353496 nan 3.871784 0.000111 719.181554 0.061952
104.502650 2015 1672.775194 55.540238 6969.513077 803.134015 0.123045 0.002836 -46.196397 1.021931 3.218763 1.347283 58.337815 1.672636 78.128386 nan 3.871785 0.000112 719.181174 0.062395
111.502650 2015 1575.780902 41.589823 5220.466750 358.542131 0.143376 0.009194 -48.791494 0.969752 0.954052 2.361358 58.127615 3.752964 83.692771 nan 3.871785 0.000113 719.181061 0.062799
118.502650 2015 547.624072 14.100068 1806.352357 85.197111 0.115491 0.002791 -51.336595 1.131808 0.752785 1.286673 58.190873 1.441539 77.534311 nan 3.871783 0.000114 719.182565 0.063287
125.502650 2015 492.654958 13.819941 1415.890521 140.578488 0.123611 0.002800 -53.520944 1.280935 -0.648743 1.415101 54.882620 1.549267 84.110388 nan 3.871779 0.000114 719.184873 0.063674
132.502650 2015 1210.305115 37.096266 4896.568087 430.648134 0.120192 0.003744 -63.802151 1.853348 -2.834985 1.801680 55.084326 1.750012 82.811383 nan 3.871775 0.000115 719.187248 0.064126
139.502650 2015 698.461533 18.622821 1953.589332 190.977642 0.129167 0.002282 -63.665938 1.622232 -4.804812 1.306442 51.924219 0.990652 89.026496 nan 3.871771 0.000116 719.189679 0.064574
146.502650 2015 154.005690 3.512086 460.707143 15.036155 0.100000 0.003883 -60.802908 1.785882 -7.935809 1.630705 36.196148 1.475528 69.212675 nan 3.871764 0.000117 719.193287 0.064998
153.502650 2015 98.826422 1.940867 227.182676 10.072566 0.071581 0.008503 -66.216479 3.172387 -11.411181 3.114591 35.497856 3.056795 49.453492 nan 3.871759 0.000118 719.196796 0.065751
160.502650 2015 906.677778 25.723691 2770.777069 223.525464 0.096194 0.024419 -73.764469 3.355440 -13.469552 3.196003 39.717929 3.036566 76.946925 nan 3.871753 0.000118 719.199892 0.065983
167.502650 2015 829.817827 22.141368 1753.798562 142.454791 0.133230 0.002166 -72.385787 1.622610 -14.494790 1.247229 42.403454 0.871848 87.431464 nan 3.871749 0.000119 719.202214 0.066554
174.502650 2015 1914.626143 63.566457 9978.261091 750.483122 0.147667 0.014052 -69.654393 1.826281 -17.728082 2.674583 39.067337 3.522885 77.183813 nan 3.871745 0.000120 719.204852 0.066965
181.502650 2015 1198.292320 29.935852 4071.361000 171.400140 0.134979 0.001841 -65.811392 0.962966 -17.083746 1.038193 33.515924 1.113420 81.794841 nan 3.871741 0.000121 719.206896 0.067555
188.502650 2015 806.531373 24.608291 2323.156209 315.684532 0.126543 0.002544 -63.028155 1.133764 -17.910216 1.124650 29.732106 1.115536 74.782073 nan 3.871741 0.000122 719.207364 0.068050
195.502650 2015 1180.816489 33.249395 3543.140630 466.913643 0.144444 0.009253 -62.691447 0.879684 -16.998213 1.387974 34.045722 1.896264 74.876780 nan 3.871741 0.000123 719.207205 0.068472
202.502650 2015 837.767155 29.618638 2596.501103 473.445886 0.122737 0.003433 -60.410571 0.972654 -16.385328 1.266420 33.166621 1.560186 67.282746 nan 3.871742 0.000124 719.207142 0.068936
216.502650 2015 569.210504 26.780380 1447.708902 248.095018 0.128292 0.009347 -56.970158 0.969372 -13.383706 1.529844 37.846496 2.090316 68.365746 nan 3.871749 0.000125 719.203098 0.069481
223.502650 2015 636.911426 18.463164 1735.922211 123.699908 0.119959 0.010066 -52.937332 0.934644 -11.769926 1.473066 35.955396 2.011487 63.502476 nan 3.871755 0.000125 719.199991 0.069801
230.502650 2015 2945.705665 81.958756 10665.447250 451.880717 0.130983 0.003566 -50.578081 1.235864 -8.912738 1.356596 38.000261 1.477327 65.487775 nan 3.871760 0.000126 719.197208 0.070119
237.502650 2015 1967.583163 70.159150 8779.875929 1042.509805 0.106276 0.009790 -47.848448 1.304776 -8.268703 1.939008 39.790396 2.573240 56.625290 nan 3.871766 0.000126 719.194206 0.070449
244.502650 2015 1479.687753 43.443363 5462.952429 531.088987 0.129424 0.002868 -45.298871 0.814777 -5.246131 1.108335 42.689933 1.401894 66.021003 nan 3.871773 0.000127 719.190401 0.070812
251.502650 2015 2597.600869 90.117163 12176.748462 1163.692097 0.122942 0.004535 -42.876833 0.913604 -3.280643 1.411388 44.446637 1.909172 64.658820 nan 3.871779 0.000128 719.186915 0.071181
258.502650 2015 1859.282761 48.048538 6123.019071 412.287926 0.133642 0.002695 -43.221298 0.533959 -1.431381 1.062889 52.264746 1.591819 72.101754 nan 3.871784 0.000129 719.184539 0.071644
265.502650 2015 1342.621205 39.749466 4893.356483 561.098983 0.132613 0.002356 -44.187124 0.563315 -0.445282 1.049887 50.957517 1.536458 74.173858 nan 3.871788 0.000129 719.182363 0.071803
272.502650 2015 459.830117 10.688993 1227.975189 55.886364 0.120988 0.002910 -39.987723 0.701240 0.857347 1.102352 47.380329 1.503464 70.758188 nan 3.871792 0.000129 719.180321 0.072097
279.502650 2015 2627.235307 87.625672 10221.456077 1121.396579 0.123148 0.004028 -51.358890 1.492393 1.758243 1.697590 53.833493 1.902786 74.557153 nan 3.871794 0.000130 719.179354 0.072438
286.502650 2015 3319.156518 91.998674 11850.875964 603.054207 0.126338 0.002196 -47.582618 0.801432 1.225654 1.129380 54.724644 1.457328 78.985573 nan 3.871793 0.000130 719.179752 0.072620
293.502650 2015 1318.672962 42.162509 5022.504857 661.143335 0.128395 0.001877 -50.258973 0.977841 0.868639 1.084546 52.416935 1.191252 82.706595 nan 3.871791 0.000131 719.180968 0.072838
300.502650 2015 369.439475 9.715115 1292.197618 76.329579 0.110802 0.003648 -50.942920 1.425959 -0.640017 1.469615 48.884057 1.513271 73.544002 nan 3.871789 0.000131 719.182303 0.073002
307.502650 2015 1716.738534 61.313885 8492.252389 929.861301 0.122650 0.003153 -60.676852 1.726229 -1.460794 1.572766 48.790723 1.419303 82.212023 nan 3.871784 0.000131 719.184788 0.073168
314.502650 2015 3262.409699 88.391575 11246.113821 447.919246 0.134615 0.002736 -63.078660 1.669362 -4.957478 1.597408 52.335911 1.525453 91.021291 nan 3.871778 0.000131 719.188315 0.073273
321.502650 2015 1677.517716 47.234290 6220.247571 333.697713 0.124038 0.001428 -64.746469 1.458096 -7.457508 1.066315 42.403112 0.674535 84.636649 nan 3.871772 0.000132 719.192090 0.073479
328.502650 2015 584.706169 17.041305 2522.828571 62.834907 0.102244 0.003316 -55.428372 1.561586 -9.977914 1.460866 33.744445 1.360146 70.213411 nan 3.871766 0.000132 719.195333 0.073710
335.502650 2015 531.340121 13.471900 1308.565863 67.024310 0.118107 0.004907 -65.172683 2.273948 -12.373089 1.897485 35.560188 1.521021 79.817969 nan 3.871760 0.000133 719.198834 0.073947
342.502650 2015 911.538561 20.449729 2092.804060 63.717250 0.137037 0.002234 -67.206544 1.712802 -13.471706 1.334840 40.658565 0.956878 90.502091 nan 3.871753 0.000133 719.202450 0.074105
356.502650 2015 1956.763665 62.345693 9346.314643 781.079582 0.119753 0.004334 -66.835252 1.909008 -17.025819 1.706468 31.915071 1.503927 75.808361 nan 3.871745 0.000134 719.207504 0.074618
363.502650 2015 1502.106891 47.281856 4888.684793 569.645438 -13.387346 13.519825 -70.783130 1.712801 -18.065819 1.680867 30.903825 1.648932 78.669981 nan 3.871744 0.000135 719.208201 0.075075
5.502650 2016 1560.470640 42.008950 5107.590464 418.460857 0.136420 0.002433 -68.644888 1.397585 -17.431928 1.314177 30.043493 1.230768 78.295653 nan 3.871743 0.000135 719.208778 0.075228
12.502650 2016 638.099242 13.764798 1643.479281 77.813280 0.134054 0.002941 -64.870489 1.290178 -16.871099 1.308419 30.306580 1.326660 73.657021 nan 3.871744 0.000135 719.208279 0.075497
19.502650 2016 916.910410 33.170856 3623.120004 567.176937 0.116769 0.004530 -62.403738 1.495863 -16.183536 1.652002 29.823770 1.808142 62.880851 nan 3.871747 0.000136 719.206346 0.075773
26.502650 2016 696.296459 16.890861 1639.619036 133.342047 0.126029 0.004710 -60.729608 1.410398 -14.553018 1.534988 30.339298 1.659579 64.290306 nan 3.871753 0.000136 719.203499 0.076040
33.502650 2016 255.724957 6.410338 650.112510 32.017566 0.101222 0.022635 -53.324891 1.355016 -13.407109 1.621577 30.211675 1.888138 57.686629 nan 3.871758 0.000137 719.200720 0.076259
40.502650 2016 503.097483 14.422264 1278.014427 96.579213 0.115741 0.006273 -52.807365 2.374431 -10.215296 2.379554 33.160996 2.384678 58.208248 nan 3.871764 0.000138 719.197259 0.076648
47.502650 2016 1753.073275 59.678433 8594.207222 1050.984378 0.133231 0.004083 -48.086840 1.019527 -6.900809 1.272809 38.948082 1.526090 66.564722 nan 3.871772 0.000138 719.193036 0.076961
54.502650 2016 1514.862545 40.917840 4656.009536 290.655830 0.126955 0.002399 -46.091892 0.716733 -5.970456 1.005592 34.788259 1.294452 64.534170 nan 3.871779 0.000138 719.188987 0.077146
61.502650 2016 621.152259 17.991288 2260.599964 114.774092 0.108025 0.003260 -40.552786 0.943406 -4.532361 1.190585 37.265747 1.437764 57.151570 nan 3.871786 0.000139 719.185489 0.077724
68.502650 2016 1168.448218 32.406696 3911.390500 283.233031 0.126068 0.010096 -40.152199 0.954314 -3.587551 1.780698 40.579169 2.607082 61.233740 nan 3.871792 0.000140 719.182415 0.078203
75.502650 2016 1297.986976 35.013545 3550.363276 288.822173 0.126955 0.003367 -43.424923 0.834489 -0.381989 1.120777 47.509289 1.407065 70.215836 nan 3.871797 0.000141 719.179487 0.078697
82.502650 2016 993.373413 28.154034 2704.514966 254.954185 0.127161 0.002125 -40.731832 0.462533 0.583477 0.887673 49.377569 1.312813 73.209831 nan 3.871801 0.000142 719.177631 0.078921
88.760984 2016 361.221311 8.103223 796.912744 33.628654 0.142778 0.012462 -48.661751 1.047968 -1.627362 2.619992 51.673171 4.192016 73.005300 nan 3.871837 0.000160 719.157612 0.089044
96.502650 2016 936.612819 25.380448 2407.755538 219.261933 0.133120 0.009738 -45.494054 1.007045 -0.045353 2.179493 52.333266 3.351941 73.580678 nan 3.871803 0.000144 719.177281 0.080394
103.502650 2016 1171.899237 38.664161 4744.214611 544.048958 0.137778 0.008581 -58.283918 1.359797 -0.364687 2.315164 58.706933 3.270531 79.474737 nan 3.871800 0.000144 719.178654 0.080385
110.502650 2016 1009.487426 27.799344 2992.261929 235.431818 0.131778 0.009078 -49.602247 0.963095 -1.967966 2.129210 50.322919 3.295326 77.066859 nan 3.871797 0.000145 719.180531 0.080900
117.502650 2016 373.487297 7.134335 689.467289 32.716980 0.163889 0.016433 -59.466241 4.091335 -3.204038 4.583145 53.004715 5.074954 77.167131 nan 3.871791 0.000146 719.183846 0.081187
124.502650 2016 1372.136132 38.235307 3886.809778 331.334262 0.137444 0.009515 -63.550775 1.489531 -4.863443 2.398222 51.317219 3.306913 82.999285 nan 3.871785 0.000147 719.187774 0.081789
131.502650 2016 3195.299759 90.763009 11761.876138 671.696667 0.131197 0.003538 -70.488954 1.965074 -7.112272 1.726883 51.754755 1.488692 88.328135 nan 3.871779 0.000148 719.191360 0.082282
138.502650 2016 1497.043159 40.251669 5495.552393 226.739426 0.144222 0.012741 -68.625748 1.725338 -11.030802 2.714135 38.656932 3.702932 79.665189 nan 3.871772 0.000148 719.195434 0.082734
145.502650 2016 673.517440 16.782389 2218.231167 79.757064 0.143222 0.013320 -71.302234 1.693923 -13.360079 2.660613 38.594978 3.627303 78.337344 nan 3.871764 0.000149 719.199843 0.083267
152.502650 2016 479.787625 10.030602 897.826831 51.036998 0.134568 0.001806 -71.632110 1.590190 -13.990790 1.167180 38.365884 0.744170 88.080331 nan 3.871758 0.000151 719.203667 0.083873
159.502650 2016 968.193245 30.020260 2609.285093 339.755502 0.128704 0.002890 -69.749419 1.518429 -15.222892 1.366614 34.536132 1.214799 82.523794 nan 3.871754 0.000151 719.206167 0.084402
166.502650 2016 573.028688 13.879864 1227.600036 85.389200 0.148555 0.012525 -67.747957 1.179084 -18.288553 1.890154 33.133608 2.601223 77.719336 nan 3.871750 0.000152 719.208392 0.084879
173.502650 2016 334.129076 7.439842 732.904948 47.221891 0.135905 0.002349 -64.072415 0.867830 -17.186187 0.993330 34.888413 1.118829 79.989992 nan 3.871747 0.000153 719.210027 0.085401
180.502650 2016 285.021286 6.846120 825.047249 45.466068 0.136317 0.002413 -63.415377 0.761784 -17.386532 0.934833 31.506044 1.107882 77.115279 nan 3.871747 0.000154 719.210499 0.085862
187.502650 2016 365.396940 13.419010 1250.278452 164.973411 0.124897 0.006464 -61.507597 2.074806 -17.649290 2.266684 29.582065 2.458561 67.473741 nan 3.871750 0.000155 719.209095 0.086327
194.502650 2016 857.736939 19.139785 2080.750294 57.880377 0.139423 0.003039 -61.564815 1.083469 -15.966158 1.231749 34.100697 1.380029 71.717849 nan 3.871753 0.000155 719.207296 0.086637
201.502650 2016 418.928819 9.707479 1150.843423 55.890531 0.126923 0.003570 -59.954918 1.139430 -16.479833 1.464994 31.564356 1.790557 64.255112 nan 3.871758 0.000156 719.204982 0.087020
208.502650 2016 825.084825 22.671724 2060.517098 142.118829 0.131197 0.003875 -55.181765 1.075060 -13.716763 1.362257 35.423170 1.649454 64.229544 nan 3.871764 0.000157 719.201600 0.087363
215.502650 2016 1083.742665 31.607236 2796.375727 297.698061 0.136432 0.003032 -53.798316 1.118900 -11.947249 1.343448 34.711555 1.567997 65.026452 nan 3.871772 0.000158 719.197062 0.087931
222.502650 2016 1384.936857 30.865829 3121.403778 114.653648 0.141453 0.003015 -50.760015 0.854704 -9.774737 1.260147 38.535148 1.665589 66.417816 nan 3.871780 0.000158 719.192655 0.087945
229.502650 2016 643.484350 15.210328 1523.960466 87.646113 0.129527 0.002359 -47.341009 0.732212 -8.671910 1.032311 37.017988 1.332410 62.500190 nan 3.871788 0.000159 719.188767 0.088348
236.502650 2016 753.785495 22.890886 2132.275862 279.577242 0.124486 0.004128 -45.074437 0.899787 -6.537815 1.323161 42.197132 1.746536 61.448266 nan 3.871795 0.000159 719.184613 0.088573
243.502650 2016 1236.995364 46.207036 4550.463739 776.598077 0.108621 0.014655 -43.747110 0.813702 -5.811792 1.649729 43.613985 2.485755 62.023376 nan 3.871751 0.000160 719.209308 0.089022
257.502650 2016 1304.387893 37.510122 4566.845897 270.279469 0.119547 0.002314 -41.751840 0.568325 -1.662660 0.876207 40.219702 1.184090 65.237805 nan 3.871760 0.000161 719.204556 0.089626
264.502650 2016 522.118914 12.808328 1244.529039 99.792612 0.137393 0.009840 -43.923370 3.105715 1.331559 2.263740 48.079596 1.421765 69.063958 nan 3.871763 0.000161 719.203270 0.089798
271.502650 2016 2771.183409 93.305125 12068.520200 1259.697683 0.124008 0.008039 -51.031584 3.039360 2.293650 2.366520 56.207358 1.693680 73.827027 nan 3.871764 0.000162 719.202510 0.090104
278.502650 2016 2873.256205 77.341459 9275.218893 384.058408 0.132099 0.001830 -50.582238 0.722170 0.147548 0.913437 50.478488 1.104704 79.887133 nan 3.871763 0.000162 719.203453 0.090224
285.502650 2016 1613.945729 50.748206 6556.454444 683.759196 0.124897 0.002756 -50.044739 1.154478 -0.629856 1.277194 49.642963 1.399911 78.448910 nan 3.871758 0.000162 719.205944 0.090396
292.502650 2016 2028.855015 46.323303 5634.542821 203.815248 0.153222 0.009339 -56.576687 3.634613 0.728630 2.419356 54.090145 1.204099 88.130932 nan 3.871754 0.000162 719.208538 0.090526
299.502650 2016 2790.451818 88.124297 10035.446815 1011.726612 0.111523 0.016514 -58.610876 3.118624 -4.406813 3.567155 53.559473 4.015687 71.887584 nan 3.871748 0.000163 719.211838 0.090636
306.502650 2016 2545.660592 70.514198 8976.056857 472.233718 0.139556 0.008799 -64.062107 1.525389 -6.003717 2.285061 46.454035 3.044733 83.227600 nan 3.871740 0.000163 719.216068 0.090746
313.502650 2016 982.639839 26.611389 3424.832207 196.433644 0.120679 0.003212 -64.494756 1.827080 -6.946779 1.440300 40.155138 1.053519 80.942767 nan 3.871732 0.000163 719.220967 0.090951
327.502650 2016 667.899907 21.552274 2014.800013 219.139554 0.123457 0.003157 -65.032055 1.799963 -12.582455 1.463599 40.120230 1.127236 81.587691 nan 3.871718 0.000164 719.228781 0.091389
334.502650 2016 708.733683 15.790952 1803.521632 44.488380 0.133642 0.001872 -67.920865 1.466419 -14.385020 1.140240 34.610941 0.814061 86.988278 nan 3.871712 0.000164 719.232450 0.091625
341.502650 2016 604.436927 15.727414 1646.043360 97.021631 0.123971 0.003605 -70.779145 1.644295 -17.015781 1.488105 34.860470 1.331916 78.743728 nan 3.871706 0.000165 719.235654 0.092075
348.502650 2016 684.882421 14.646398 1709.719018 59.615690 0.136523 0.002493 -69.767422 1.413514 -17.481813 1.287829 37.537417 1.162144 83.359831 nan 3.871704 0.000166 719.236995 0.092359
355.502650 2016 997.272625 30.867432 3975.685667 299.679459 0.125617 0.002996 -69.930905 1.493399 -18.978688 1.428593 30.965390 1.363787 74.782480 nan 3.871703 0.000166 719.237354 0.092430
362.502650 2016 1263.870548 29.300044 2872.586000 118.075741 0.134568 0.003108 -69.232185 1.484239 -18.184135 1.449069 30.405540 1.413899 75.007504 nan 3.871704 0.000166 719.236986 0.092652
