214.554201 2010 945.323085 44.872577 6224.145545 514.811956 0.134503 0.003784 -43.641852 0.862070 -6.648962 1.345238 38.392498 1.828406 57.280776 nan 3.871699 0.000022 719.220296 0.011998
228.843090 2010 302.822817 7.417281 897.402926 31.144186 0.119192 0.003859 -37.467138 0.862520 -3.671045 1.120977 32.940961 1.379433 55.358050 nan 3.871771 0.000022 719.179940 0.012101
243.501424 2010 377.302601 7.904216 1026.669050 43.014729 0.140844 0.002286 -41.077839 0.657459 -0.743693 0.763899 40.693951 0.870339 69.267797 nan 3.871745 0.000020 719.194645 0.011254
250.501424 2010 195.145691 3.609735 397.037430 11.954672 0.131303 0.002149 -41.044450 0.785474 -0.064378 0.804787 40.733507 0.824100 68.344010 nan 3.871752 0.000020 719.190914 0.011289
257.501424 2010 161.530825 4.141828 482.587808 43.158995 0.086004 0.028281 -42.334404 1.203037 -0.367669 1.328064 40.396687 1.453090 67.743360 nan 3.871751 0.000020 719.191172 0.011279
264.501424 2010 108.322697 4.323729 385.191661 43.056981 -2.053888 0.269117 -47.446883 1.561991 0.228949 1.575024 48.310330 1.588056 65.800053 nan 3.871758 0.000020 719.187360 0.011289
285.501424 2010 423.644625 12.416404 1309.668514 86.214173 1.784375 0.442877 -53.080987 2.948517 0.202780 1.891828 40.012203 0.835139 64.969194 nan 3.871759 0.000020 719.186996 0.010890
292.501424 2010 183.706294 8.069696 611.900369 74.956433 -0.079487 0.056516 -57.701316 4.401321 -7.239948 4.123348 37.695839 3.845374 47.205791 nan 3.871765 0.000019 719.183218 0.010692
299.501424 2010 515.473928 13.658883 1223.238195 77.518532 0.141255 0.002511 -60.870427 1.578458 -7.819317 1.176063 43.375559 0.773668 86.906494 nan 3.871761 0.000019 719.185454 0.010469
306.501424 2010 177.328720 4.035191 400.069382 20.340239 0.098560 0.002873 -56.288766 1.573673 -11.388468 1.428804 30.360911 1.283934 62.360170 nan 3.871769 0.000018 719.181341 0.010147
313.501424 2010 269.204550 10.462267 1321.323781 129.494607 0.066564 0.021884 -61.977812 2.538958 -13.731017 2.576766 34.006698 2.614573 52.711088 nan 3.871765 0.000018 719.183521 0.009791
320.501424 2010 211.343596 4.602682 526.371651 30.929631 0.135905 0.002656 -67.196574 1.533432 -14.197132 1.376164 40.114453 1.218895 80.754568 nan 3.871771 0.000017 719.180225 0.009451
327.501424 2010 103.227335 2.172488 226.679466 11.529376 0.087346 0.025549 -66.049691 3.349668 -15.762099 2.978987 37.104359 2.608305 63.211187 nan 3.871767 0.000016 719.182188 0.009096
341.501424 2010 21.260459 1.177227 204.716214 11.102243 0.692448 0.231979 -62.435041 6.001648 -15.503930 6.125141 47.647029 6.248634 17.872585 nan 3.871772 0.000015 719.179568 0.008242
348.501424 2010 127.127247 4.272071 470.820123 40.385438 -0.174215 0.069166 -60.407022 4.042433 -19.984431 4.162696 40.708070 4.282959 21.405022 nan 3.871778 0.000014 719.175886 0.007885
31.112535 2011 32.595655 1.750171 122.145135 13.518877 1.099699 0.100012 -37.794775 2.008531 -24.525557 2.263442 31.872434 2.518354 9.856799 nan 3.871821 0.000014 719.151810 0.007956
39.501424 2011 374.404711 9.397556 1032.820970 55.150049 0.166183 0.018808 -37.641548 0.658191 -8.783222 2.288676 33.456963 3.919161 48.224412 nan 3.871807 0.000012 719.159900 0.006432
46.501424 2011 198.107159 4.972517 455.040255 27.854166 0.134667 0.017322 -35.635725 2.044003 -5.956564 3.101430 37.736918 4.158856 43.774708 nan 3.871807 0.000012 719.159771 0.006617
60.501424 2011 764.918193 24.800833 2849.663833 192.059153 2.561111 0.370187 -35.045800 3.412168 12.493107 2.850820 38.762151 2.289472 40.799662 nan 3.871814 0.000012 719.155736 0.006940
67.501424 2011 890.381101 27.128232 2343.637317 268.630465 0.132292 0.010381 -48.409970 1.256163 -1.729827 2.164943 42.820593 3.073723 62.231367 nan 3.871817 0.000013 719.154271 0.007502
74.501424 2011 735.808428 19.889115 2279.195204 212.832288 0.127884 0.003969 -48.544906 1.418430 0.247094 1.289958 50.101641 1.161487 70.448879 nan 3.871818 0.000014 719.153704 0.007896
88.501123 2011 201.466618 10.251935 534.744858 120.411308 0.022839 0.029367 -41.994912 1.940530 -2.574459 2.170833 36.491611 2.401136 27.552919 nan 3.871822 0.000015 719.151311 0.008559
94.128900 2011 707.101750 23.174987 1874.747079 128.022342 0.181838 0.028899 -51.014235 1.251835 -11.191694 5.142211 39.181458 9.032587 58.452224 nan 3.871784 0.000021 719.172609 0.011711
102.501123 2011 675.742476 18.535302 1483.015526 157.866070 0.157060 0.016052 -57.411313 1.550512 -8.849530 3.108937 39.386314 4.667363 68.899219 nan 3.871825 0.000017 719.149867 0.009706
109.501123 2011 276.864329 6.239962 616.726195 31.057749 0.127137 0.008509 -58.256204 1.395616 -8.684923 1.743021 33.714091 2.090425 70.722893 nan 3.871824 0.000018 719.150484 0.009926
116.501123 2011 227.763555 10.265884 1530.266690 358.968163 -0.099713 0.074904 -59.619643 3.008287 -9.079522 4.316707 55.990289 5.625128 69.374487 nan 3.871829 0.000019 719.147903 0.010494
123.501123 2011 1199.392456 29.225670 2640.522278 224.452262 0.137551 0.002351 -59.168495 1.142397 -11.548453 1.068351 38.894444 0.994306 80.728146 nan 3.871827 0.000020 719.148959 0.011189
130.501123 2011 531.563494 12.490654 1293.502247 52.324582 0.125534 0.001784 -58.565394 1.111064 -14.496388 1.162478 32.194903 1.213893 73.307127 nan 3.871832 0.000021 719.145943 0.011583
137.501123 2011 328.768750 6.659176 684.735498 27.171786 0.144560 0.013739 -60.318458 1.362690 -16.446540 2.019098 36.344827 2.675506 67.946340 nan 3.871831 0.000021 719.146841 0.011796
144.501123 2011 308.202390 19.619208 1443.261332 538.230812 0.078953 0.004540 -55.111918 1.541857 -19.341062 1.778959 28.155063 2.016060 45.079204 nan 3.871836 0.000022 719.143662 0.012346
151.501123 2011 1438.996588 35.841264 3792.662233 311.051512 0.137286 0.002722 -62.042015 1.291473 -16.336958 1.338318 31.814047 1.385163 70.265097 nan 3.871835 0.000023 719.144288 0.012946
158.501123 2011 617.578685 17.733045 1561.715817 183.371681 0.127992 0.002628 -58.906788 1.187010 -17.718749 1.322058 27.806481 1.457107 63.128325 nan 3.871843 0.000024 719.139848 0.013219
165.501123 2011 235.939071 4.905239 575.296727 28.908565 0.133547 0.002866 -55.775430 1.158276 -16.395872 1.380588 28.055468 1.602901 62.076452 nan 3.871842 0.000024 719.140786 0.013385
172.501123 2011 307.272710 9.417713 1202.706412 89.533927 0.102011 0.014789 -55.732265 2.287904 -17.957760 2.827257 34.015549 3.366610 52.078101 nan 3.871849 0.000025 719.136799 0.013861
179.501123 2011 306.214816 7.510271 873.917600 38.475771 0.129527 0.005022 -51.456988 1.951800 -13.924310 1.741876 25.646087 1.531953 54.991276 nan 3.871849 0.000026 719.136995 0.014344
186.501123 2011 395.083535 11.818811 981.611786 70.993614 0.125103 0.002361 -48.451142 0.963277 -13.345646 1.221764 24.141316 1.480250 52.143743 nan 3.871858 0.000026 719.131723 0.014499
193.501123 2011 302.288212 6.379512 796.059660 26.788321 0.148825 0.009450 -49.226152 0.973366 -11.342428 1.506876 28.737569 2.040386 54.826989 nan 3.871857 0.000026 719.132089 0.014621
200.501123 2011 363.038409 9.494855 1204.375426 79.798903 0.135494 0.003143 -45.124558 0.861357 -8.486996 1.107481 32.711079 1.353604 54.647540 nan 3.871866 0.000027 719.127557 0.015026
207.501123 2011 279.276002 6.293995 813.153333 37.281222 0.128075 0.004716 -41.415500 0.718900 -7.609904 1.387487 28.503437 2.056074 52.405422 nan 3.871866 0.000028 719.127666 0.015364
221.501123 2011 518.972998 12.081199 1167.731690 116.607831 0.137963 0.001651 -39.550996 0.591655 -3.280677 0.710291 32.002338 0.828927 59.408558 nan 3.871872 0.000028 719.124270 0.015402
228.501123 2011 289.228497 6.010076 629.121653 28.541699 0.133231 0.001648 -36.826223 0.598404 -1.603489 0.715092 33.943775 0.831781 60.295622 nan 3.871878 0.000028 719.120460 0.015673
242.501123 2011 51.555839 1.677134 118.890108 13.394781 -1.603473 0.650152 -35.713129 4.687050 26.819399 2.494168 36.096896 0.301286 13.730639 nan 3.871881 0.000028 719.118818 0.015642
248.012234 2011 166.346175 5.883524 591.159668 30.879899 0.075264 0.011063 -40.593784 5.307679 1.049074 5.322759 41.559913 5.337839 38.262764 nan 3.871881 0.000037 719.118993 0.020521
256.501123 2011 1597.411343 43.191060 5187.147464 344.863553 0.127675 0.002068 -41.785787 1.067199 0.839909 0.898163 41.502311 0.729127 69.275407 nan 3.871884 0.000028 719.117223 0.015750
263.501123 2011 438.404157 15.977191 1582.785739 264.733651 0.106584 0.006094 -43.649423 2.081631 -0.115443 1.849714 40.826623 1.617796 60.599570 nan 3.871881 0.000028 719.118962 0.015763
269.434456 2011 1011.544909 43.488437 5843.343769 502.788132 0.099846 0.008207 -50.653641 2.859851 -1.175489 2.532571 38.719754 2.205290 57.911099 nan 3.871865 0.000034 719.128025 0.018694
277.501123 2011 736.465169 18.121613 1770.241637 175.215329 0.133642 0.002649 -54.027614 1.527412 -2.696163 1.119158 45.699872 0.710905 78.500476 nan 3.871886 0.000028 719.116182 0.015405
291.501123 2011 66.592324 1.435324 156.536112 8.606817 -1.345251 0.246343 -49.903721 3.230801 -10.122817 3.137427 35.741095 3.044053 29.932461 nan 3.871887 0.000028 719.115693 0.015475
298.501123 2011 355.553026 13.179006 1630.846062 259.730146 -0.414815 0.149831 -53.152780 1.063361 -17.064670 2.647397 32.332178 4.231433 53.620554 nan 3.871890 0.000027 719.113857 0.015165
305.501123 2011 440.454230 14.765851 1374.469881 149.004407 0.058642 0.039004 -58.488390 1.522166 -14.980872 2.453446 34.022499 3.384726 66.248594 nan 3.871892 0.000027 719.112725 0.015119
312.501123 2011 188.053223 4.360822 472.092810 32.061817 0.113374 0.003184 -58.788563 1.562949 -14.029437 1.499456 30.372361 1.435963 67.023562 nan 3.871895 0.000027 719.111199 0.015272
326.501123 2011 43.666357 1.344579 153.303263 13.603370 1.017664 0.256824 -60.348340 3.961709 -7.087843 3.715845 25.030016 3.469981 28.402115 nan 3.871902 0.000027 719.107519 0.014981
333.501123 2011 143.919848 4.396593 472.160120 35.579562 0.049255 0.010041 -59.054428 4.222510 -16.137018 4.378713 26.720202 4.534917 27.223592 nan 3.871905 0.000027 719.105436 0.015065
340.501123 2011 117.767944 3.939193 453.373635 32.867528 -0.506973 0.125227 -58.304151 3.153574 -18.690932 3.274825 23.513513 3.396076 25.511217 nan 3.871910 0.000028 719.103107 0.015368
17.501123 2012 65.323595 2.186620 261.287939 15.283269 -0.360648 0.082930 -38.732957 2.717879 -15.048965 2.842650 33.747445 2.967420 10.911245 nan 3.871753 0.000030 719.190295 0.016779
24.501123 2012 728.834613 22.230704 2647.380322 287.397463 0.101132 0.017973 -35.584203 1.549129 -7.195919 2.244265 29.399263 2.939400 41.633742 nan 3.871760 0.000031 719.186357 0.017257
31.501123 2012 316.534725 7.425274 737.449234 36.497510 0.148188 0.017026 -34.459890 0.647524 -7.003772 2.080779 31.694161 3.514035 44.112874 nan 3.871760 0.000032 719.186627 0.017843
38.501123 2012 259.181647 5.948806 722.370573 31.833469 0.149769 0.013193 -35.758523 0.701803 -4.073616 2.010008 35.991316 3.318212 52.750167 nan 3.871766 0.000033 719.183361 0.018177
45.501123 2012 670.507537 21.211082 2187.885719 209.454733 0.130903 0.012527 -37.580523 0.792856 -2.638208 2.076806 37.535695 3.360756 50.455020 nan 3.871763 0.000033 719.184936 0.018435
52.501123 2012 574.806808 15.138063 1406.140841 122.505517 0.133444 0.008924 -37.246469 2.448412 2.232545 1.636834 40.015644 0.825256 58.216282 nan 3.871769 0.000034 719.181523 0.019045
66.501123 2012 1188.358376 45.209176 4705.569486 814.240973 0.159058 0.018183 -50.841774 5.110653 6.769074 2.956141 39.311831 0.801629 52.315240 nan 3.871769 0.000036 719.181917 0.020092
73.501123 2012 1540.357980 45.525855 5965.402379 477.961497 0.173864 0.020662 -47.779530 3.201735 -2.943970 4.419543 40.757032 5.637351 51.699624 nan 3.871765 0.000037 719.183954 0.020457
87.501123 2012 749.985468 20.558204 2406.128690 185.445682 0.123560 0.003421 -55.083938 1.653788 -1.975907 1.235162 45.095710 0.816535 71.560288 nan 3.871767 0.000039 719.183013 0.021829
94.501123 2012 632.688052 21.939339 2303.100023 372.816008 0.138222 0.013507 -53.547427 3.213569 -3.423955 3.046559 38.967927 2.879550 65.040512 nan 3.871772 0.000040 719.180600 0.022204
101.501123 2012 608.274422 17.542056 1832.394652 245.023111 0.125000 0.003315 -55.695378 1.397327 -6.491906 1.320541 41.319315 1.243755 73.469494 nan 3.871769 0.000041 719.181905 0.022605
108.348345 2012 354.105478 10.166191 1011.499119 58.190487 0.127315 0.002930 -56.004584 1.550960 -7.718784 1.419822 38.156597 1.288685 74.277167 nan 3.871752 0.000051 719.191879 0.028283
116.037234 2012 2096.026935 74.273513 10317.626500 395.220613 0.125757 0.004017 -54.733913 1.487887 -10.727640 1.438068 40.847845 1.388249 72.083271 nan 3.871750 0.000046 719.192859 0.025625
129.501123 2012 892.985547 23.485736 2800.560735 138.908382 0.118910 0.003821 -57.337798 1.223264 -14.348301 1.387258 34.508053 1.551251 65.380255 nan 3.871781 0.000044 719.175800 0.024480
136.501123 2012 592.404974 13.548503 1291.832017 52.701300 0.125962 0.002517 -58.591714 1.010630 -15.422780 1.258906 32.337355 1.507182 66.960552 nan 3.871785 0.000045 719.173226 0.025086
143.501123 2012 563.833441 16.478278 1221.226670 146.656122 0.121502 0.007786 -57.823030 1.095643 -16.649330 1.630397 31.265733 2.165151 63.404908 nan 3.871787 0.000046 719.172405 0.025514
150.501123 2012 228.266587 4.530811 501.061445 21.211103 0.124145 0.002507 -56.668087 0.993008 -16.502361 1.287425 29.100263 1.581842 60.258269 nan 3.871794 0.000046 719.168239 0.025659
157.501123 2012 850.242827 20.713236 2246.390698 74.211709 0.123611 0.008192 -53.267324 1.061156 -16.029687 1.480724 28.550465 1.900293 58.776349 nan 3.871797 0.000047 719.166939 0.025953
164.501123 2012 829.168557 22.881649 2255.672718 241.725837 0.129732 0.002064 -50.539171 0.979452 -14.979360 1.239291 27.381501 1.499129 56.275768 nan 3.871802 0.000048 719.164328 0.026472
171.501123 2012 1166.393705 35.390872 4376.928500 477.027693 0.131173 0.003414 -49.063231 1.038836 -13.307078 1.235355 25.008572 1.431874 54.270678 nan 3.871806 0.000048 719.161763 0.026772
178.206678 2012 398.625171 10.127670 1255.269192 74.046988 0.121528 0.002565 -46.648339 1.053744 -12.552384 1.261704 24.665715 1.469663 50.162484 nan 3.871797 0.000050 719.166784 0.028121
185.501123 2012 976.556405 22.737184 2275.240694 117.109850 0.134362 0.002718 -45.355316 0.961646 -9.583627 1.149723 27.014866 1.337800 52.519731 nan 3.871816 0.000049 719.156604 0.027058
192.501123 2012 1427.716293 38.910094 4489.687192 312.303787 0.125514 0.002363 -40.874868 0.833644 -8.167791 0.980038 23.280239 1.126433 49.163405 nan 3.871819 0.000049 719.154775 0.027457
199.501123 2012 2955.702905 93.144829 13591.605185 644.557840 0.105077 0.012494 -37.774030 0.919905 -7.071200 1.456491 27.313456 1.993078 45.427070 nan 3.871823 0.000050 719.152638 0.027590
206.501123 2012 1528.370142 43.311846 6353.181000 274.482000 0.136728 0.001946 -36.691511 0.689682 -3.939452 0.781761 29.415612 0.873841 54.315883 nan 3.871826 0.000049 719.151032 0.027493
213.501123 2012 747.531732 20.276677 2890.328571 163.152294 0.125214 0.002254 -33.620462 0.698509 -1.884108 0.807129 30.408964 0.915748 52.216655 nan 3.871827 0.000050 719.150148 0.027604
220.501123 2012 366.752233 8.260605 986.561384 60.342878 0.123504 0.001661 -32.960451 0.576163 -0.329500 0.625483 32.211292 0.674804 53.834263 nan 3.871828 0.000050 719.149885 0.027853
227.501123 2012 283.696638 6.991714 767.285717 44.239626 0.125107 0.003349 -41.890095 0.932299 0.882927 0.911412 36.165093 0.890525 56.842299 nan 3.871829 0.000050 719.149189 0.027818
234.501123 2012 351.324273 7.608955 846.591680 34.012177 0.133333 0.001533 -35.020570 0.727584 1.773272 0.596730 37.404564 0.465875 63.123595 nan 3.871830 0.000050 719.148842 0.027600
241.501123 2012 219.121091 4.669391 526.823713 32.808824 0.109568 0.022323 -38.557788 1.751410 2.691441 1.450575 40.240456 1.149740 63.895674 nan 3.871830 0.000050 719.148793 0.027667
248.501123 2012 856.020419 29.174328 3829.447250 414.272088 0.105041 0.004978 -36.461375 1.167061 0.848663 1.771944 36.414929 2.376828 55.234443 nan 3.871829 0.000050 719.149321 0.027831
255.501123 2012 450.684779 10.330447 1097.733326 52.344464 0.121914 0.001806 -40.428663 1.120885 1.353403 0.803160 38.016287 0.485436 66.224914 nan 3.871829 0.000050 719.149201 0.027746
262.501123 2012 381.182269 12.070201 995.448744 130.895975 0.128189 0.002403 -44.637694 1.498015 0.791320 0.969626 41.882708 0.441237 71.447483 nan 3.871828 0.000049 719.149751 0.027529
276.501123 2012 370.823656 16.441399 1884.190495 412.462021 0.565535 0.318135 -46.704014 1.658203 -5.650919 2.435027 36.165648 3.211852 58.810783 nan 3.871828 0.000050 719.149651 0.027763
283.470567 2012 2215.145939 83.520186 12012.023391 1149.995603 0.120782 0.003836 -57.369718 1.651637 -5.799136 1.745088 40.133817 1.838538 70.850055 nan 3.871859 0.000050 719.132265 0.027704
290.501123 2012 2123.532765 63.676840 8424.904964 617.902741 0.133642 0.001842 -58.213665 1.526927 -7.302394 1.224053 38.193667 0.921180 77.828081 nan 3.871831 0.000049 719.147927 0.027485
304.501123 2012 665.437703 19.145224 2383.783931 129.175334 0.104701 0.003755 -60.162134 1.593315 -12.179220 1.572494 32.502746 1.551674 60.942910 nan 3.871837 0.000050 719.144769 0.027780
311.501123 2012 288.935593 6.425111 646.959187 42.253740 0.120085 0.004832 -61.053006 1.555657 -13.697753 1.727691 33.182577 1.899724 66.916416 nan 3.871846 0.000050 719.139873 0.027725
339.501123 2012 85.955819 1.941668 237.828641 4.405160 0.000926 0.019760 -49.618182 1.593511 -15.623187 1.924253 20.333722 2.254995 26.266421 nan 3.871866 0.000051 719.128766 0.028358
22.109456 2013 166.132550 4.422718 517.278906 31.772472 0.093827 0.018497 -32.290291 2.752196 -3.260362 3.068864 29.880100 3.385532 37.473486 nan 3.871829 0.000059 719.149593 0.033047
29.012234 2013 302.353339 9.315223 836.794869 62.174625 0.151754 0.016966 -31.989980 0.819979 -3.664813 2.432807 31.715873 4.045635 47.137883 nan 3.871895 0.000061 719.112889 0.033887
35.915012 2013 108.154241 3.508410 359.719572 36.414828 -0.779461 0.174014 -32.235656 3.267281 -11.649310 3.676057 33.787751 4.084832 11.442293 nan 3.871793 0.000062 719.169979 0.034799
50.501123 2013 107.143839 3.575111 396.777775 26.494753 -0.024074 0.018059 -37.018836 3.309953 2.669380 3.191641 37.798673 3.073329 19.116330 nan 3.871832 0.000062 719.148412 0.034497
57.501123 2013 339.634107 18.018831 1225.038513 266.836041 -0.250303 0.062061 -40.387351 3.249682 -3.450598 3.362280 39.364733 3.474878 13.534402 nan 3.871833 0.000064 719.147919 0.035602
64.501123 2013 413.733997 9.869379 1116.061286 50.992746 0.166788 0.018836 -42.072337 5.031382 8.668254 2.742233 40.667230 0.453084 55.828663 nan 3.871833 0.000064 719.148309 0.035691
71.501123 2013 160.458476 3.441915 372.355695 19.646000 0.079733 0.019835 -43.042736 1.412416 1.029909 1.215954 38.748468 1.019492 55.324778 nan 3.871832 0.000065 719.149047 0.036067
77.187234 2013 1297.086964 55.543033 6193.716688 837.819516 0.157738 0.023986 -48.103089 6.831532 6.356180 4.044185 41.073521 1.256837 59.241680 nan 3.871879 0.000084 719.122934 0.046745
85.501123 2013 988.923116 31.185621 3213.883321 429.860144 0.133120 0.009403 -50.764656 1.423968 -3.008025 2.050520 42.302779 2.677072 68.098969 nan 3.871836 0.000067 719.146976 0.037413
92.501123 2013 737.383562 20.659314 1975.961929 223.290908 0.137073 0.009395 -52.228629 1.308430 -4.919385 1.994768 42.365017 2.681105 70.724147 nan 3.871838 0.000068 719.146045 0.037833
99.501123 2013 236.313891 5.758065 710.986896 23.889109 0.097115 0.002525 -46.189403 1.403285 -7.296688 1.392811 33.733021 1.382337 56.935508 nan 3.871839 0.000069 719.145374 0.038322
106.501123 2013 108.922488 2.881738 390.404757 16.424059 0.059081 0.002789 -42.558533 1.492332 -10.201814 1.578712 24.026409 1.665092 35.062004 nan 3.871843 0.000069 719.142999 0.038717
113.501123 2013 418.097064 15.087507 1800.363000 119.508554 0.029119 0.027355 -52.624078 2.739300 -10.775730 2.566540 34.958564 2.393781 41.582608 nan 3.871850 0.000070 719.139528 0.039129
120.501123 2013 1032.684158 39.545137 3622.340345 619.925458 0.131944 0.003618 -57.692141 1.122515 -11.670505 1.315051 41.229203 1.507587 70.645385 nan 3.871855 0.000071 719.136349 0.039394
127.501123 2013 537.992438 13.387347 1607.161914 108.169358 0.125320 0.001981 -54.935497 1.050915 -13.356691 1.258565 34.398667 1.466215 65.728089 nan 3.871789 0.000072 719.173750 0.040215
134.501123 2013 315.925874 11.539523 946.906891 167.522112 0.108120 0.004151 -52.380827 1.195035 -14.987430 1.517675 37.050546 1.840315 55.364031 nan 3.871684 0.000072 719.232102 0.040378
141.501123 2013 576.914568 17.543163 1417.310035 194.191420 0.122222 0.002648 -51.577466 1.062210 -14.759293 1.364750 32.487148 1.667290 59.187613 nan 3.871692 0.000073 719.227857 0.040806
148.501123 2013 1201.971194 30.690903 3324.146258 302.017642 0.131893 0.004372 -52.601406 1.235004 -13.992433 1.470348 31.262917 1.705692 58.898936 nan 3.871697 0.000074 719.224883 0.040986
155.501123 2013 1338.905288 40.335755 4443.888867 522.576408 0.134053 0.003441 -52.459280 1.097496 -13.224579 1.355858 30.477055 1.614221 56.144465 nan 3.871699 0.000074 719.224118 0.041188
162.501123 2013 1077.895194 30.762512 3729.508034 285.308449 0.124897 0.002246 -48.651077 0.985801 -12.154626 1.139710 24.717402 1.293619 51.686387 nan 3.871707 0.000074 719.219685 0.041452
169.501123 2013 472.262995 12.617652 1510.877733 66.497542 0.103807 0.003861 -41.462295 0.885657 -11.741660 1.073652 21.616579 1.261647 41.962512 nan 3.871713 0.000075 719.215885 0.041679
176.501123 2013 1083.119525 39.781709 2898.287795 518.224478 0.124897 0.003907 -42.407854 1.103101 -8.618684 1.207538 26.330949 1.311976 48.117595 nan 3.871713 0.000075 719.216461 0.041914
183.501123 2013 1345.647219 43.256924 5894.747500 542.427158 0.128086 0.003943 -38.276797 0.984758 -6.545389 1.079900 27.356108 1.175042 48.415324 nan 3.871714 0.000075 719.215659 0.041699
190.501123 2013 1477.676904 40.810743 4500.606516 280.070380 0.126543 0.002941 -35.941592 0.946910 -4.783348 0.945543 27.518169 0.944176 48.116638 nan 3.871720 0.000075 719.212359 0.041890
197.501123 2013 1491.752999 40.442302 4947.223821 358.504918 0.130983 0.003061 -32.664740 0.797433 -1.968634 0.920564 30.150362 1.043696 50.268486 nan 3.871722 0.000075 719.211222 0.041879
204.501123 2013 707.243293 16.599134 1953.480000 120.705759 0.130983 0.001847 -32.439212 0.611190 -0.338358 0.636179 30.597746 0.661169 51.943244 nan 3.871721 0.000075 719.211530 0.041801
211.501123 2013 253.470857 5.329728 665.955553 26.610831 0.124786 0.001403 -30.621377 0.661420 1.244760 0.622347 32.336381 0.583274 52.048772 nan 3.871721 0.000075 719.211933 0.041744
218.501123 2013 517.409222 14.834349 1376.572547 100.984029 0.127244 0.004077 -32.913653 1.077371 2.262302 0.994697 36.887119 0.912024 55.182392 nan 3.871721 0.000075 719.211747 0.041758
225.501123 2013 439.420934 12.790715 1053.129926 98.992821 0.111607 0.008461 -36.977494 2.187237 4.682466 1.513599 39.409754 0.839961 52.855779 nan 3.871720 0.000075 719.212020 0.041713
232.501123 2013 521.105692 12.101986 1189.311592 51.673631 0.141453 0.009318 -35.728173 2.471312 5.141441 1.508648 39.904821 0.545984 60.286478 nan 3.871718 0.000075 719.213361 0.041551
239.501123 2013 566.337449 15.249781 1439.951933 96.961561 0.123354 0.002175 -37.129892 1.281992 3.686022 0.937148 38.995662 0.592305 62.146609 nan 3.871716 0.000075 719.214644 0.041573
246.501123 2013 344.160823 8.448376 853.159433 46.021311 0.127263 0.001498 -38.139769 1.235322 3.506295 0.825073 40.976425 0.414824 66.593245 nan 3.871716 0.000075 719.214483 0.041615
253.501123 2013 127.303926 2.616219 294.533339 12.047639 0.090947 0.020343 -39.877289 2.441075 3.459612 1.607116 41.760545 0.773156 60.492138 nan 3.871717 0.000075 719.213966 0.041592
260.501123 2013 150.192919 4.529029 546.327182 52.157063 0.092433 0.021851 -48.054684 3.911117 1.002514 3.750184 42.727758 3.589252 59.878416 nan 3.871716 0.000075 719.214424 0.041537
267.501123 2013 143.841807 3.840369 475.553147 24.607158 0.042992 0.010186 -46.614295 4.402397 -1.872752 4.440031 41.147922 4.477666 28.264987 nan 3.871717 0.000075 719.214140 0.041638
274.501123 2013 577.052410 21.199405 3061.175474 312.509709 -1.942210 0.206975 -54.275008 1.826448 -8.206453 1.702033 43.641649 1.577617 72.316092 nan 3.871721 0.000075 719.211690 0.041734
281.501123 2013 493.987754 15.376182 1497.596504 222.011476 0.123077 0.003713 -54.689772 1.646726 -5.084149 1.554150 42.518094 1.461574 70.559677 nan 3.871725 0.000075 719.209421 0.041739
288.501123 2013 568.515514 17.738005 1568.192047 224.615458 0.124893 0.002288 -53.931062 1.380851 -7.343014 1.242843 35.922363 1.104836 71.375128 nan 3.871728 0.000075 719.207822 0.041773
295.501123 2013 197.319703 4.097186 466.572442 18.821039 0.111325 0.002372 -53.423266 1.380408 -9.806502 1.403303 34.072208 1.426197 63.357147 nan 3.871732 0.000075 719.205682 0.041967
302.501123 2013 206.079557 6.223793 514.946902 41.964545 0.098718 0.004469 -54.708815 1.398449 -12.436858 1.927302 30.964622 2.456154 55.249337 nan 3.871738 0.000076 719.202208 0.042160
309.501123 2013 213.247192 10.481788 621.815336 110.488567 0.045966 0.009336 -56.390801 4.199080 -14.384091 4.316075 30.021348 4.433069 20.750444 nan 3.871746 0.000076 719.197733 0.042368
316.501123 2013 562.111917 16.734753 1715.850600 210.186314 0.122016 0.003533 -53.793681 1.036334 -13.591901 1.330771 28.640576 1.625207 61.808640 nan 3.871751 0.000076 719.195281 0.042589
323.501123 2013 139.417497 4.414382 461.039727 58.022462 -0.120370 0.080547 -51.230660 4.948162 -9.597814 4.640236 40.611532 4.332309 42.121272 nan 3.871756 0.000077 719.192187 0.042993
330.501123 2013 94.827027 2.665230 256.652543 23.339422 0.088374 0.028150 -47.348066 2.410983 -13.074606 2.845020 43.594581 3.279057 52.494260 nan 3.871764 0.000078 719.187812 0.043388
344.502396 2013 269.359632 8.646439 764.220908 65.318321 0.485866 0.274538 -46.455847 2.493229 -11.904687 2.670438 23.783029 2.847647 36.639243 nan 3.871773 0.000079 719.183217 0.044075
351.502396 2013 154.054189 6.279001 505.608738 61.756844 -0.868210 0.174096 -40.349867 2.429547 -9.180202 2.749859 29.367326 3.070170 33.902251 nan 3.871777 0.000080 719.181168 0.044727
358.502396 2013 52.006759 1.991313 230.311432 13.486278 -0.844551 0.172943 -38.780032 2.270360 -3.918853 2.769803 28.575603 3.269246 18.244376 nan 3.871781 0.000081 719.179058 0.045270
0.502396 2014 183.027155 7.085515 1008.078419 82.700816 1.474736 0.344528 -34.143130 2.622185 0.143799 2.346355 27.453637 2.070525 37.722711 nan 3.871783 0.000082 719.177880 0.045695
35.502396 2014 71.574608 3.530146 286.455916 29.393639 -1.407389 0.221724 -36.665162 3.141976 3.074992 2.852780 37.698495 2.563584 26.614432 nan 3.871778 0.000087 719.181563 0.048392
42.502396 2014 424.589052 10.405179 1048.073796 54.419507 0.173551 0.019251 -34.483574 4.419979 10.406764 2.571302 41.385144 0.722625 51.031327 nan 3.871775 0.000088 719.183021 0.049088
49.502396 2014 696.900094 25.694343 4220.666625 411.586892 0.118590 0.010802 -35.376474 2.667308 5.678573 2.486116 40.006757 2.304924 51.838499 nan 3.871770 0.000089 719.186075 0.049518
56.502396 2014 641.995442 18.342590 2192.557710 171.980003 0.122115 0.008812 -37.731666 2.212859 5.144404 1.460039 39.195094 0.707219 56.485724 nan 3.871774 0.000090 719.184095 0.050293
63.502396 2014 210.184879 4.991552 473.865037 26.451982 0.142735 0.009517 -44.464638 2.855184 4.926346 1.743006 44.027612 0.630829 67.522298 nan 3.871772 0.000091 719.185426 0.050891
77.502396 2014 45.729099 2.083201 178.470781 19.215034 1.174512 0.079197 -45.111350 2.752828 24.817496 2.577644 40.548298 2.402459 7.758641 nan 3.871775 0.000094 719.183850 0.052141
84.502396 2014 71.124138 2.376173 268.218055 14.161436 -0.084382 0.028823 -46.817272 4.105516 -0.594196 4.129328 44.285863 4.153140 19.149612 nan 3.871778 0.000094 719.182527 0.052568
91.502396 2014 55.816420 2.372272 194.612871 12.939246 -0.388793 0.080153 -48.232069 4.141375 -13.012294 4.291175 40.986374 4.440976 22.851585 nan 3.871780 0.000095 719.181444 0.053012
98.502396 2014 192.203369 12.954634 625.058151 172.406163 -0.123548 0.049248 -48.812495 4.588900 -2.016620 4.465535 39.047594 4.342170 25.617676 nan 3.871784 0.000096 719.179090 0.053479
105.502396 2014 435.260526 13.564127 1038.815446 133.991144 0.118376 0.002217 -49.012065 1.218144 -8.347355 1.271228 38.615453 1.324312 65.428537 nan 3.871792 0.000097 719.174938 0.053912
112.502396 2014 386.064749 10.838507 911.131923 77.429404 0.130342 0.002498 -53.362933 0.926261 -9.763181 1.281346 44.254062 1.636430 69.451621 nan 3.871798 0.000097 719.171595 0.054200
119.502396 2014 416.768003 14.452841 1090.371008 112.759027 0.044136 0.046838 -54.073911 0.946892 -13.280841 1.863795 34.876537 2.780698 61.209982 nan 3.871803 0.000098 719.168886 0.054580
133.502396 2014 235.076733 5.984394 671.019350 37.133173 0.098276 0.014358 -48.552792 0.825699 -13.909507 1.211156 27.472756 1.596614 55.808481 nan 3.871820 0.000099 719.159825 0.055176
140.502396 2014 131.406717 6.012584 577.524997 108.239894 -3.030208 0.402828 -50.124684 0.961025 -18.007211 1.699113 40.218388 2.437202 38.300445 nan 3.871826 0.000099 719.156190 0.055351
154.502396 2014 52.398702 2.175112 193.399662 17.216992 -1.579802 0.196561 -45.512210 1.911909 1.193837 2.476300 35.000542 3.040690 33.448271 nan 3.871837 0.000100 719.150321 0.055863
168.502396 2014 145.237562 5.548399 621.280244 57.376688 2.316423 0.298172 -37.318409 1.656440 -11.158637 1.960046 34.995675 2.263651 11.847825 nan 3.871846 0.000100 719.145554 0.055982
182.502396 2014 41.625763 1.640886 173.518236 10.184922 -1.806649 0.299798 -30.193278 1.952998 -13.149157 2.014238 25.091373 2.075479 6.337518 nan 3.871847 0.000101 719.144765 0.056094
189.502396 2014 28.358815 1.334649 160.875190 8.870226 -1.739225 0.199665 -27.617303 1.928866 -0.862660 1.999235 26.997119 2.069604 27.883664 nan 3.871848 0.000100 719.144304 0.055959
203.502396 2014 6.413484 0.494829 76.854739 5.159042 0.272181 0.005877 -27.041161 0.829598 -1.497270 0.723086 28.637145 0.616575 49.163503 nan 3.871842 0.000100 719.147687 0.055867
210.502396 2014 36.717587 1.876016 156.672741 14.500274 -2.344623 0.176033 -30.921485 2.125605 -18.739919 2.192335 35.393881 2.259065 6.345871 nan 3.871840 0.000100 719.148785 0.055785
217.502396 2014 171.692433 5.013304 641.736668 29.516197 0.047886 0.005885 -29.513022 3.272478 5.858492 3.177063 37.719885 3.081649 20.630029 nan 3.871838 0.000100 719.149418 0.055673
231.502396 2014 127.354113 4.460975 628.612202 41.454788 2.126167 0.282792 -32.349715 2.817856 -8.445974 3.116210 43.055245 3.414564 23.299058 nan 3.871831 0.000100 719.153319 0.055668
238.502396 2014 552.551237 23.851484 2635.959150 310.624911 0.051250 0.007372 -33.720159 4.057539 6.464001 3.986478 45.497077 3.915418 25.784293 nan 3.871832 0.000100 719.153276 0.055643
245.502396 2014 659.846002 16.548179 1539.117633 83.494484 0.124794 0.002320 -36.534686 1.387758 4.620951 1.056300 43.251365 0.724843 65.806292 nan 3.871834 0.000100 719.152024 0.055580
259.502396 2014 373.111172 12.651010 1682.613017 164.079261 -0.712860 0.228575 -40.788515 1.673573 -0.761409 1.271241 40.065536 0.868910 64.446836 nan 3.871836 0.000100 719.151063 0.055680
266.502396 2014 566.995631 16.683129 1536.096168 111.667599 0.109387 0.006382 -46.679237 3.109000 0.131365 2.754510 42.239514 2.400021 61.664995 nan 3.871738 0.000101 719.205718 0.056188
273.502396 2014 584.510580 14.358318 1472.738377 41.499031 0.120086 0.002580 -50.507749 1.492800 -2.572010 1.305477 38.895309 1.118154 68.185373 nan 3.871666 0.000102 719.245693 0.056657
280.502396 2014 353.935681 9.086012 824.622486 46.045617 0.113675 0.002633 -52.087162 1.621537 -4.524710 1.459830 38.608085 1.298123 64.545744 nan 3.871671 0.000102 719.243029 0.056745
287.502396 2014 453.544480 13.800170 1074.645517 119.789147 0.118804 0.002900 -54.664887 1.493795 -7.298382 1.440217 35.883236 1.386639 66.395671 nan 3.871676 0.000102 719.240325 0.056881
294.502396 2014 822.146770 22.384495 2067.082902 131.615767 0.125000 0.003142 -54.341274 1.316668 -8.162370 1.336965 37.564719 1.357261 67.408699 nan 3.871683 0.000102 719.236374 0.057106
301.502396 2014 530.533266 12.825433 1274.930568 49.972719 0.102012 0.011477 -51.427261 0.990223 -12.116408 1.823316 29.044791 2.656410 58.982824 nan 3.871694 0.000103 719.230573 0.057293
308.502396 2014 607.091829 19.226321 1853.855228 255.218007 0.116152 0.003898 -50.533777 1.039049 -11.218763 1.292585 33.615161 1.546120 58.757767 nan 3.871700 0.000103 719.227290 0.057599
315.502396 2014 516.502701 17.597173 1736.792821 265.090024 0.116564 0.003233 -48.571416 0.875017 -12.051881 1.167917 27.189559 1.460818 56.512122 nan 3.871705 0.000104 719.224416 0.057822
322.502396 2014 662.242283 16.108980 1573.212259 59.559600 0.133974 0.008743 -45.768459 0.641236 -12.176726 1.122489 27.496627 1.603743 56.187706 nan 3.871711 0.000105 719.220891 0.058262
329.502396 2014 266.159712 6.658661 736.956606 46.531511 0.116667 0.002311 -42.464243 0.754669 -11.118402 0.974054 24.440741 1.193440 51.027730 nan 3.871719 0.000105 719.216751 0.058585
336.502396 2014 285.039412 7.551480 742.301322 64.521805 0.132111 0.013882 -41.875958 1.059307 -11.657029 1.454986 25.900036 1.850665 45.651725 nan 3.871723 0.000106 719.214769 0.058992
350.502396 2014 519.485402 12.493289 1130.724040 63.786676 0.130000 0.009175 -34.174471 0.685844 -6.879400 1.152484 24.825095 1.619124 44.931011 nan 3.871726 0.000108 719.213368 0.059945
357.502396 2014 615.350132 18.003097 1899.015944 197.949836 0.122222 0.009613 -30.892498 0.947469 -4.661165 1.423564 26.824784 1.899659 41.209400 nan 3.871730 0.000109 719.211201 0.060580
364.502396 2014 874.885810 22.369111 2372.544510 184.869665 0.153865 0.016848 -31.891914 0.891472 -5.382366 2.112519 27.383131 3.333566 39.427814 nan 3.871715 0.000108 719.219489 0.060355
6.502396 2015 973.314349 30.048651 3985.271368 400.652891 0.122917 0.010421 -25.621873 2.107498 1.404842 1.525951 28.855936 0.944403 40.942418 nan 3.871725 0.000111 719.214250 0.061687
13.502396 2015 240.281841 5.757069 531.427400 41.631643 0.132222 0.015976 -25.966161 3.051543 5.638608 1.895663 33.996619 0.739783 42.186017 nan 3.871723 0.000112 719.215358 0.062138
20.502396 2015 128.605805 3.385786 427.177481 38.658236 -0.611523 0.208969 -29.243395 1.664183 2.932262 2.093889 34.405187 2.523594 39.863457 nan 3.871721 0.000112 719.216963 0.062535
27.502396 2015 275.893589 7.000085 769.113710 43.884279 0.115226 0.003865 -31.451479 1.068849 5.365600 1.316582 36.091871 1.564315 49.972441 nan 3.871716 0.000113 719.219477 0.062945
34.502396 2015 737.039028 17.570477 1698.210847 108.759274 0.138248 0.009445 -40.301039 2.186603 7.428742 1.455038 40.692743 0.723473 56.064102 nan 3.871711 0.000114 719.222542 0.063612
41.502396 2015 250.826331 6.849025 587.767369 52.384476 0.111831 0.003112 -35.242767 1.256560 7.232972 0.996103 42.403529 0.735646 53.421467 nan 3.871709 0.000115 719.223732 0.064358
48.502396 2015 389.589340 13.689255 1414.509896 204.666082 0.079321 0.020698 -35.408872 1.898692 7.171864 1.599851 41.755441 1.301011 49.118622 nan 3.871705 0.000116 719.226476 0.064635
55.502396 2015 455.901265 14.404557 1124.502449 158.454350 0.118313 0.002977 -39.366610 1.434027 5.537041 1.145615 43.014524 0.857203 61.271942 nan 3.871707 0.000117 719.225420 0.065068
62.502396 2015 934.981858 26.303507 3138.997571 314.779380 0.113683 0.009755 -42.097266 2.414994 5.081035 1.519985 43.363194 0.624976 63.729978 nan 3.871708 0.000118 719.225156 0.065620
69.502396 2015 479.141912 11.727939 1002.568846 56.445734 0.125214 0.002677 -43.208449 1.463514 2.652395 1.204148 44.207846 0.944782 67.909578 nan 3.871709 0.000119 719.224619 0.066303
76.502396 2015 1951.353857 73.805424 11014.333350 855.320713 0.115020 0.015790 -44.382791 4.259706 4.185696 2.805537 44.677166 1.351367 61.409380 nan 3.871713 0.000120 719.222513 0.066897
90.502396 2015 709.496696 18.443495 2518.628643 110.513044 0.114103 0.002264 -47.092452 1.259907 -3.612292 1.272531 40.382984 1.285155 63.637324 nan 3.871716 0.000122 719.221070 0.067767
97.502396 2015 517.306554 15.784933 1760.150039 216.740277 0.119658 0.004342 -48.284652 1.707590 -4.986615 1.610829 43.580706 1.514068 64.953624 nan 3.871731 0.000122 719.212999 0.068166
111.502396 2015 1316.912126 35.067158 4457.152321 304.059262 0.131482 0.002943 -50.135149 0.895369 -9.055641 1.170868 38.223328 1.446366 67.468188 nan 3.871748 0.000124 719.203965 0.068990
125.502396 2015 419.943994 11.960936 1255.938910 123.223560 0.118004 0.002783 -46.392126 0.994538 -10.484277 1.271638 33.575416 1.548738 57.156143 nan 3.871763 0.000125 719.195810 0.069821
132.502396 2015 947.209034 29.116934 3572.050640 361.953333 0.116667 0.003970 -45.825052 1.047535 -10.767326 1.335264 29.824027 1.622993 53.433550 nan 3.871770 0.000126 719.191646 0.070115
139.502396 2015 588.954392 15.756951 1647.834544 174.662176 0.125720 0.002202 -45.070386 0.720432 -10.276230 1.000289 28.553954 1.280146 54.000988 nan 3.871778 0.000126 719.187513 0.070385
146.502396 2015 133.292647 3.036288 394.316093 12.497019 0.089712 0.003837 -39.670135 0.900945 -10.180120 1.164881 21.525209 1.428818 38.156507 nan 3.871782 0.000127 719.185062 0.070621
153.502396 2015 84.803715 1.700350 197.079580 8.254354 -0.045885 0.047961 -37.597321 2.044411 -7.806155 1.915670 20.674172 1.786929 21.459800 nan 3.871787 0.000127 719.182840 0.070855
159.321840 2015 725.226299 27.009843 2590.709782 236.968496 0.687654 0.327952 -37.138222 1.877239 -4.735329 2.256691 32.047518 2.636142 41.881502 nan 3.871896 0.000155 719.121729 0.086589
167.502164 2015 730.577351 23.249190 1574.616300 135.702349 0.128807 0.001817 -34.743154 0.794443 -3.724404 0.809997 25.159740 0.825552 47.503366 nan 3.871790 0.000127 719.181093 0.070902
181.502164 2015 1021.898908 25.999177 3645.247607 141.848408 0.132479 0.001268 -30.031352 0.641124 0.625473 0.608518 29.237910 0.575912 48.505685 nan 3.871785 0.000127 719.183582 0.070844
188.502164 2015 648.286477 19.646722 2002.937594 272.858445 0.122543 0.002428 -26.386160 0.743806 2.875119 0.711831 32.255961 0.679856 46.430274 nan 3.871783 0.000127 719.184690 0.070761
202.502164 2015 663.898379 22.553051 1998.476207 380.248257 0.109722 0.008830 -26.630978 1.673769 6.818785 1.223410 37.605036 0.773050 47.061986 nan 3.871775 0.000127 719.189246 0.070602
209.502164 2015 434.151542 9.351684 975.104961 41.208529 0.128395 0.002383 -31.909771 1.118205 7.083619 0.937020 40.847990 0.755836 54.796789 nan 3.871769 0.000127 719.192279 0.070584
216.502164 2015 422.114912 12.760933 919.282310 88.716356 0.134465 0.002170 -30.266539 1.271247 7.124365 0.937188 42.118073 0.603130 59.995828 nan 3.871767 0.000127 719.193603 0.070548
223.502164 2015 519.100306 14.553223 1445.339628 104.400528 0.125103 0.002544 -32.197924 1.342946 7.887391 1.052464 46.779702 0.761982 59.563096 nan 3.871765 0.000127 719.194521 0.070508
230.502164 2015 2451.433367 67.942928 8570.914179 327.959630 0.130041 0.002991 -36.337189 1.634385 7.164824 1.262490 47.341739 0.890595 64.093008 nan 3.871763 0.000127 719.195659 0.070511
237.502164 2015 1666.663351 56.447845 7578.856786 881.841415 0.114815 0.003742 -34.036358 1.493573 6.903923 1.330447 47.589994 1.167320 59.919367 nan 3.871762 0.000126 719.196194 0.070477
244.502164 2015 1193.141779 34.071670 4427.833250 406.758956 0.126440 0.002591 -39.805756 1.521405 5.729442 1.211538 46.172862 0.901671 67.619449 nan 3.871765 0.000126 719.194720 0.070464
251.502164 2015 2322.935546 80.437926 12406.145087 1002.031584 0.108730 0.010139 -44.272686 1.985649 2.539226 2.173489 46.076769 2.361330 63.471491 nan 3.871769 0.000126 719.192316 0.070418
258.502164 2015 1503.096587 38.530720 4987.567793 273.759707 0.129321 0.003385 -46.871880 1.747572 1.785342 1.352383 45.266160 0.957195 71.363107 nan 3.871773 0.000126 719.190126 0.070419
265.502164 2015 1129.593598 32.736828 4016.342857 397.268053 0.130235 0.003170 -49.043608 1.605641 0.209325 1.382066 46.871463 1.158492 72.390675 nan 3.871779 0.000126 719.187078 0.070373
272.502164 2015 375.729786 8.871995 1047.522843 56.015964 0.115385 0.003370 -46.665801 1.606690 -2.033704 1.533901 42.185499 1.461112 64.747055 nan 3.871787 0.000126 719.182704 0.070402
279.502164 2015 2225.453770 74.161350 8468.029704 999.348699 0.115432 0.009626 -55.589638 1.786894 -5.545369 2.302868 40.635840 2.818842 65.969001 nan 3.871797 0.000126 719.177110 0.070485
286.502164 2015 2812.743679 77.358007 10106.971321 328.986091 0.127778 0.003429 -50.758580 1.197624 -6.084996 1.312035 39.969816 1.426447 68.739992 nan 3.871804 0.000127 719.173183 0.070613
293.502164 2015 1079.106419 31.779468 3963.952357 364.929942 0.125103 0.002858 -49.205506 1.002759 -7.426603 1.190628 36.246904 1.378497 65.744207 nan 3.871812 0.000127 719.168648 0.070819
300.502164 2015 317.734202 8.468802 1143.535639 66.754108 0.105144 0.003634 -46.508679 1.175359 -9.197574 1.309343 28.918483 1.443327 54.117973 nan 3.871821 0.000128 719.163659 0.071052
307.502164 2015 1363.265525 45.152103 6548.014158 543.037566 0.122840 0.004794 -48.807044 1.194079 -9.225807 1.441804 34.010691 1.689529 58.764265 nan 3.871830 0.000128 719.158743 0.071333
314.502164 2015 2733.526161 74.172561 9572.857071 380.106884 0.138782 0.016274 -44.771411 2.732317 -8.877049 2.589340 32.340415 2.446362 54.864531 nan 3.871836 0.000129 719.155820 0.071703
321.502164 2015 1374.664873 39.676764 5149.804857 334.157871 0.147801 0.016117 -41.140113 0.535925 -11.611516 1.481494 26.260623 2.427063 49.058280 nan 3.871840 0.000129 719.153250 0.072007
328.502164 2015 490.659121 14.816228 2199.564250 72.302476 0.096296 0.003228 -37.436195 0.913930 -8.949758 1.021633 21.742518 1.129335 41.350324 nan 3.871845 0.000130 719.150874 0.072384
335.502164 2015 432.871170 11.074611 1123.714627 63.508256 0.115491 0.005369 -36.439078 1.076808 -6.339141 1.204750 28.719157 1.332693 45.845627 nan 3.871848 0.000131 719.149333 0.072785
342.502164 2015 768.308915 17.646281 1753.095777 59.489053 0.149638 0.024959 -34.927817 0.751216 -10.599959 2.229449 28.834036 3.707681 39.083762 nan 3.871846 0.000131 719.150337 0.073021
349.502164 2015 588.319570 15.783674 1426.958174 133.270407 0.146739 0.013854 -30.883711 0.814557 -4.801617 1.762695 27.681732 2.710833 42.755021 nan 3.871844 0.000132 719.151705 0.073388
356.502164 2015 1579.884369 49.668324 7498.034704 478.892747 0.145455 0.018831 -29.011455 2.374477 -1.557962 2.751902 26.680781 3.129327 35.143742 nan 3.871840 0.000132 719.153875 0.073606
363.502164 2015 1299.882988 42.253816 4511.171143 585.184295 0.155797 0.022829 -27.633142 3.814804 5.244848 2.940426 32.956188 2.066048 35.969412 nan 3.871840 0.000134 719.154358 0.074455
5.502164 2016 1345.579859 36.372735 4425.180857 363.376495 0.171256 0.018256 -27.625634 3.451015 8.447074 2.187529 35.400653 0.924043 41.794490 nan 3.871834 0.000134 719.157882 0.074855
12.502164 2016 569.308516 12.335110 1443.406312 74.581853 0.180808 0.021325 -26.456205 3.617607 11.525521 2.313589 38.996860 1.009571 41.051726 nan 3.871828 0.000135 719.161034 0.075399
19.502164 2016 754.245380 25.859615 2756.832111 380.850470 0.114712 0.003811 -30.896443 1.337351 7.594438 1.156644 41.814547 0.975937 48.455156 nan 3.871825 0.000136 719.163172 0.076029
26.502164 2016 595.579693 14.247258 1374.602250 102.294581 0.139222 0.014571 -31.566960 2.382398 10.889951 1.702171 44.519365 1.021945 49.526935 nan 3.871822 0.000138 719.164877 0.076686
33.502164 2016 229.855647 5.629477 558.487179 24.349599 0.111523 0.003846 -31.998585 1.528623 9.478415 1.236400 44.641405 0.944177 52.002642 nan 3.871819 0.000139 719.167154 0.077380
40.502164 2016 396.797848 11.320406 1023.304290 77.506065 0.101885 0.014216 -34.584570 1.316232 8.052277 1.719729 43.142750 2.123227 54.618851 nan 3.871818 0.000140 719.168106 0.078109
47.502164 2016 1440.235537 45.756317 6012.660000 316.606468 0.130144 0.004405 -42.676604 1.811073 8.077979 1.290039 45.046180 0.769006 64.794927 nan 3.871819 0.000141 719.167608 0.078677
54.502164 2016 1262.574230 34.403342 3934.780929 235.512986 0.122115 0.002487 -38.909722 1.486717 7.214553 1.085571 45.167673 0.684425 63.931269 nan 3.871821 0.000142 719.166690 0.078989
61.502164 2016 529.439701 15.575260 1949.009571 99.347412 0.102137 0.002929 -37.321423 1.720157 5.797328 1.425561 43.011692 1.130965 56.171047 nan 3.871825 0.000143 719.164415 0.079881
68.502164 2016 974.595163 28.819603 3284.699964 310.190376 0.116560 0.004113 -42.067253 1.711127 3.860626 1.509541 47.072436 1.307956 63.766089 nan 3.871649 0.000146 719.263122 0.081565
75.502164 2016 1034.453696 28.460092 2904.963207 236.544680 0.122650 0.003713 -41.923269 1.467161 1.427390 1.443217 48.502357 1.419272 67.518452 nan 3.871658 0.000147 719.258696 0.082013
82.502164 2016 814.978852 22.821886 2285.839045 179.853014 0.121902 0.002349 -43.284667 1.226309 -0.771888 1.273062 45.350655 1.319815 67.217442 nan 3.871665 0.000148 719.254751 0.082254
88.724387 2016 313.791460 7.125754 709.634315 28.203671 0.128056 0.004183 -46.891450 1.227938 -2.738877 1.536131 48.853560 1.844325 69.872439 nan 3.871715 0.000168 719.226791 0.093540
96.502164 2016 771.482895 21.556920 2048.361437 205.003790 0.121688 0.002920 -46.059952 1.060216 -4.957696 1.378251 42.193688 1.696286 65.361372 nan 3.871685 0.000150 719.244032 0.083674
103.502164 2016 1079.783712 44.953840 4751.740158 745.379680 0.122839 0.003453 -46.080981 1.076187 -5.974159 1.327618 39.972021 1.579049 64.181380 nan 3.871692 0.000150 719.239945 0.083747
110.502164 2016 860.325142 23.436680 2604.009138 178.875577 0.120267 0.002467 -44.863676 0.711651 -8.005058 1.167663 38.294060 1.623676 61.113935 nan 3.871703 0.000151 719.234250 0.084286
117.502164 2016 312.074643 6.161093 584.162406 32.252146 0.131790 0.002155 -50.503699 0.730414 -8.339971 1.158162 40.585818 1.585910 63.505805 nan 3.871710 0.000152 719.230499 0.084580
124.502164 2016 1127.563350 31.341667 3277.776194 236.865570 0.125926 0.003046 -45.339085 0.788167 -8.506627 1.197534 33.012355 1.606902 58.301655 nan 3.871717 0.000152 719.226806 0.084970
131.502164 2016 2739.935592 79.740134 10818.409074 790.927391 0.127263 0.004368 -43.114343 1.026463 -7.322912 1.219145 33.319283 1.411828 55.542861 nan 3.871724 0.000153 719.222946 0.085191
138.502164 2016 1290.824031 34.758632 4772.685714 199.127640 0.126029 0.003864 -39.941730 0.734753 -7.171523 0.930745 26.233623 1.126738 51.797840 nan 3.871728 0.000153 719.220613 0.085421
145.502164 2016 578.037995 14.533625 1950.873065 71.710347 0.120473 0.003256 -37.952325 0.894322 -5.906277 0.950735 24.203854 1.007147 48.347759 nan 3.871730 0.000153 719.219932 0.085518
152.502164 2016 405.602614 8.409856 751.152198 39.862208 0.132202 0.001712 -33.882998 0.672589 -3.938134 0.740032 27.026396 0.807475 50.241383 nan 3.871730 0.000154 719.219817 0.085587
159.502164 2016 750.596704 22.314835 1910.402161 230.913947 0.125214 0.003714 -31.627692 1.032571 -1.780426 0.934679 26.804362 0.836786 46.577527 nan 3.871730 0.000154 719.219849 0.085548
166.502164 2016 495.603191 12.330183 1023.081324 69.318760 0.138222 0.009252 -29.453383 0.631258 -0.700507 1.247080 29.381464 1.862902 45.352171 nan 3.871727 0.000154 719.221262 0.085560
173.502164 2016 272.229202 6.050409 601.403188 37.207851 0.132922 0.002828 -32.015390 0.688209 2.029191 0.706955 32.714554 0.725700 47.935601 nan 3.871722 0.000153 719.224012 0.085413
180.502164 2016 247.930675 5.899079 716.335751 35.814616 0.132585 0.001545 -25.909425 0.675318 4.150287 0.662155 34.338894 0.648991 49.279920 nan 3.871717 0.000153 719.226709 0.085326
187.502164 2016 304.739183 10.765360 874.191030 121.387372 0.106845 0.019112 -30.833031 1.831755 6.794921 1.367023 41.684729 0.902292 48.430404 nan 3.871713 0.000153 719.228815 0.085214
194.502164 2016 725.911896 16.023960 1662.804987 47.812667 0.138169 0.001675 -30.908533 1.046262 7.265831 0.943910 41.315383 0.841559 54.456265 nan 3.871709 0.000153 719.231498 0.085211
201.502164 2016 368.022869 8.695909 966.704438 53.794538 0.122839 0.003929 -25.336185 1.448134 9.166381 1.188632 43.065634 0.929131 51.499868 nan 3.871703 0.000153 719.234630 0.085116
208.502164 2016 678.371360 18.434630 1746.890675 118.464909 0.128395 0.002683 -25.669209 1.357047 9.790314 1.137000 46.591614 0.916954 56.841086 nan 3.871699 0.000153 719.236590 0.085113
215.502164 2016 935.510794 27.929237 3205.125704 401.825708 0.131996 0.002880 -28.496235 1.549423 10.214311 1.315736 51.921300 1.082050 60.825788 nan 3.871700 0.000152 719.236193 0.084968
222.502164 2016 1138.328642 25.943228 2417.526368 106.215963 0.134362 0.002747 -33.065057 1.522853 9.762862 1.197980 53.727881 0.873108 65.145214 nan 3.871698 0.000153 719.237520 0.085074
236.502164 2016 630.473526 19.013987 1803.217194 244.219183 0.120576 0.004152 -37.424389 1.942276 8.616954 1.510265 50.213259 1.078254 63.914798 nan 3.871699 0.000153 719.236718 0.085039
243.502164 2016 1113.922571 42.222093 5344.423529 1079.676981 0.119841 0.008689 -44.352769 1.846187 4.955375 2.542659 48.659997 3.239130 66.809004 nan 3.871707 0.000152 719.232443 0.084900
257.502164 2016 1112.421480 32.829854 4047.476143 229.489331 0.114637 0.002818 -42.416156 1.474649 2.846134 1.407056 45.186855 1.339463 64.841885 nan 3.871720 0.000152 719.225264 0.084830
264.502164 2016 429.913818 10.941870 1049.682240 98.387930 0.124573 0.005181 -46.671995 1.753484 0.523140 1.779021 47.949925 1.804558 69.213431 nan 3.871722 0.000152 719.223960 0.084788
271.502164 2016 2207.665279 72.100518 8697.539364 824.727762 0.113985 0.012788 -49.374701 3.425261 2.444281 2.462172 46.464101 1.499083 67.603999 nan 3.871739 0.000152 719.214383 0.084944
278.502164 2016 2485.291305 67.477235 8106.095250 331.105993 0.137500 0.009806 -47.357403 1.167289 -4.588796 1.956487 44.192033 2.745684 67.475359 nan 3.871749 0.000153 719.209094 0.085123
285.502164 2016 1402.838595 44.329026 5141.036613 466.493539 0.123045 0.003429 -46.648312 1.183649 -4.326245 1.215575 38.238531 1.247501 65.060440 nan 3.871757 0.000153 719.204385 0.085266
292.502164 2016 1749.088969 40.413301 4955.328690 188.291809 0.142415 0.002905 -46.310301 0.517778 -6.159210 0.885491 39.913235 1.253205 71.376372 nan 3.871767 0.000153 719.199151 0.085518
299.502164 2016 2638.508492 87.153669 11301.506957 1252.430561 0.128292 0.010380 -52.176551 2.459651 -6.101348 2.319984 37.096123 2.180316 57.683376 nan 3.871776 0.000154 719.194339 0.085810
306.502164 2016 2121.441127 58.692150 7405.333483 388.539362 0.137820 0.009819 -43.373996 0.551241 -8.430301 1.277999 37.493100 2.004756 58.595992 nan 3.871782 0.000155 719.191104 0.086170
313.502164 2016 795.691819 22.044695 2681.492548 188.541778 0.114209 0.003429 -39.189163 0.783099 -7.515316 0.971652 29.966024 1.160205 51.258594 nan 3.871785 0.000155 719.189234 0.086474
327.502164 2016 602.453889 18.561730 1670.044444 169.350090 0.139372 0.014972 -36.041223 0.813729 -7.253039 1.668472 28.312116 2.523215 44.863472 nan 3.871791 0.000156 719.186622 0.087203
334.502164 2016 604.552622 13.238448 1513.397571 38.236786 0.150810 0.013362 -34.195421 0.739423 -5.093529 1.695708 29.522424 2.651993 46.835072 nan 3.871789 0.000157 719.187920 0.087534
341.502164 2016 517.912177 12.859174 1305.631179 78.075098 0.150000 0.016729 -29.461195 2.376425 -2.234938 2.568859 29.743487 2.761293 38.604508 nan 3.871786 0.000158 719.189485 0.088272
348.502164 2016 576.965276 12.188308 1431.174982 44.524070 0.153704 0.013888 -30.573325 2.198213 0.961113 2.308764 30.997716 2.419315 44.102600 nan 3.871784 0.000159 719.190890 0.088779
355.502164 2016 794.490053 23.514159 3091.066667 189.296125 0.162319 0.019010 -23.555581 3.269903 7.788507 2.083173 33.732883 0.896443 37.843465 nan 3.871776 0.000159 719.195151 0.088781
362.502164 2016 1120.705173 25.784873 2513.347757 88.498811 0.180682 0.020679 -25.641150 3.429936 10.710226 2.208468 36.138355 0.987001 39.354741 nan 3.871770 0.000160 719.199039 0.089306
