216.501470 2015 452.617972 13.652291 1016.037388 102.575214 0.125000 0.022743 -39.431590 0.697656 -11.518912 2.267087 34.451429 3.836518 43.360443 nan 3.871855 0.000037 719.134042 0.020374
223.501470 2015 572.497771 20.339038 1510.918844 96.110814 0.135897 0.009377 -37.042468 0.697046 -4.978194 1.510372 34.641343 2.323697 53.059841 nan 3.871853 0.000037 719.135250 0.020426
230.501470 2015 2636.327938 73.497557 9348.661966 491.678985 0.137714 0.008546 -38.124023 0.737803 -2.889360 1.474249 37.217952 2.210694 56.841194 nan 3.871849 0.000037 719.137137 0.020544
237.501470 2015 1888.696821 71.404392 8189.204759 1099.487744 0.132111 0.013326 -38.271562 2.486301 -0.720264 2.531725 38.177855 2.577149 50.037184 nan 3.871846 0.000037 719.138992 0.020515
244.501470 2015 1320.251047 37.359860 4704.960793 428.129331 0.138248 0.008970 -40.542080 2.568376 0.945931 1.661661 37.980560 0.754946 62.140952 nan 3.871843 0.000037 719.140777 0.020413
251.501470 2015 2531.401398 86.369303 12614.109739 915.453590 0.123354 0.003198 -45.286322 1.347221 -0.044313 1.196402 40.346990 1.045584 64.589785 nan 3.871837 0.000037 719.143748 0.020578
258.501470 2015 1659.927399 41.993972 5386.304929 324.056219 0.158796 0.016412 -46.736291 4.896796 4.237761 2.803260 40.506196 0.709725 61.902548 nan 3.871833 0.000037 719.146168 0.020824
265.501470 2015 1268.176338 41.510462 5046.237893 964.000356 0.133440 0.002562 -49.483248 1.284379 -0.589040 0.960614 42.858599 0.636849 74.636948 nan 3.871832 0.000038 719.146547 0.020976
272.184803 2015 419.071350 10.042624 1098.791439 60.891373 0.122106 0.002729 -47.356675 1.475152 -2.206658 1.155083 38.317736 0.835013 70.893824 nan 3.871867 0.000039 719.127351 0.021900
278.309803 2015 1614.637690 65.715834 6038.429833 966.609828 0.081111 0.022224 -60.409882 5.922274 0.799641 3.625709 45.400198 1.329144 60.754858 nan 3.871803 0.000046 719.163072 0.025820
286.501470 2015 3039.094081 82.468990 10739.066071 341.792525 0.127572 0.002774 -52.590951 1.342985 -5.309993 1.150828 41.938283 0.958671 76.074479 nan 3.871825 0.000037 719.150555 0.020845
293.501470 2015 1181.364836 34.293995 4222.442893 392.362386 0.126646 0.002200 -54.206193 1.435470 -7.797457 1.176879 38.817427 0.918288 76.317309 nan 3.871816 0.000040 719.155629 0.022148
300.501470 2015 347.262397 9.163426 1227.580925 73.235080 0.107922 0.003377 -58.137153 1.655093 -10.345987 1.556410 33.451698 1.457728 65.760126 nan 3.871816 0.000040 719.155665 0.022421
307.501470 2015 1412.986789 49.067450 7018.540000 790.675439 0.123560 0.004535 -61.386510 1.736775 -12.239143 1.754589 38.311109 1.772403 72.401727 nan 3.871816 0.000041 719.155874 0.022783
314.501470 2015 3022.322257 81.152980 10279.797862 504.247644 0.134156 0.003994 -65.294629 1.574758 -13.620385 1.549066 41.097506 1.523375 76.856553 nan 3.871814 0.000042 719.156835 0.023138
321.501470 2015 1540.793441 44.041143 5576.046034 326.562513 0.123354 0.003122 -59.799353 1.404922 -15.829507 1.449263 33.767687 1.493603 69.620209 nan 3.871811 0.000043 719.158925 0.023813
328.501470 2015 530.608004 15.735360 2333.742929 60.733389 0.098045 0.003281 -55.155466 1.351022 -18.861575 1.513188 21.737985 1.675354 54.529634 nan 3.871812 0.000043 719.158068 0.024106
335.501470 2015 479.043357 12.358845 1240.273425 81.156638 0.119444 0.004558 -62.001997 1.609292 -17.209523 1.608038 24.442004 1.606784 61.799920 nan 3.871813 0.000044 719.157577 0.024354
342.501470 2015 767.736299 17.149218 1807.605563 60.205996 0.142308 0.010047 -60.355129 1.413957 -16.577423 1.488836 26.486180 1.563715 63.853546 nan 3.871813 0.000044 719.157669 0.024543
349.501470 2015 623.828263 16.984816 1553.912611 155.819958 0.129938 0.003104 -57.384515 1.191834 -16.346589 1.292905 23.199904 1.393977 59.135793 nan 3.871810 0.000045 719.159480 0.025007
356.501470 2015 1739.402850 57.840492 7846.157179 799.903005 0.119979 0.004772 -52.513983 1.296098 -15.389934 1.546435 25.572906 1.796772 52.954960 nan 3.871810 0.000045 719.159733 0.025237
363.501470 2015 1375.678130 44.005024 4740.747393 588.040316 0.132799 0.004474 -49.384728 1.185686 -12.599760 1.387336 32.389844 1.588986 55.524103 nan 3.871806 0.000046 719.161708 0.025906
5.409803 2016 1445.049719 39.577598 4789.382704 395.401276 0.137607 0.002010 -45.526336 0.919427 -11.131875 1.037059 24.354601 1.154690 55.235317 nan 3.871750 0.000047 719.193236 0.026392
12.501470 2016 605.618196 13.091983 1592.378452 78.933171 0.143803 0.009356 -40.721134 0.752250 -9.888065 1.140171 24.550341 1.528091 52.779042 nan 3.871800 0.000047 719.165354 0.026404
19.501470 2016 850.677902 34.239162 3348.030762 722.378834 0.126175 0.010651 -38.166284 0.910442 -8.553628 1.380639 29.340495 1.850837 46.391013 nan 3.871797 0.000048 719.167097 0.026706
26.501470 2016 650.482810 15.383314 1499.633307 113.252165 0.132692 0.010254 -37.806309 0.889141 -6.063231 1.329810 28.660804 1.770478 49.563945 nan 3.871794 0.000048 719.168915 0.026947
33.501470 2016 246.502046 5.979188 606.156457 25.296115 0.121474 0.010526 -33.381084 0.746873 -4.682158 1.443467 33.013823 2.140061 46.710319 nan 3.871788 0.000049 719.171948 0.027167
40.501470 2016 456.656322 13.229824 1184.404168 95.963965 0.074104 0.021944 -33.607791 0.501105 -3.394072 1.344409 35.155494 2.187712 51.114339 nan 3.871782 0.000049 719.175139 0.027390
47.501470 2016 1680.454513 63.399926 7703.214211 1150.937541 0.148444 0.013143 -36.677799 0.748290 -3.363718 2.136886 38.834858 3.525481 54.782869 nan 3.871779 0.000049 719.177057 0.027521
54.501470 2016 1374.787943 37.033762 4270.009571 235.922643 0.125720 0.001566 -36.810112 0.757380 0.253032 0.677407 37.221987 0.597434 61.555060 nan 3.871776 0.000050 719.178629 0.027596
61.501470 2016 573.359909 16.683516 2091.157071 107.217210 0.105021 0.002932 -38.359044 1.070947 0.950679 1.052711 44.127254 1.034474 55.081025 nan 3.871770 0.000050 719.182365 0.027776
68.501470 2016 1045.033484 29.066542 3516.623750 281.743942 0.128111 0.009762 -42.191882 1.252702 -0.887622 2.009682 37.957116 2.766662 61.153241 nan 3.871764 0.000050 719.185238 0.027841
75.501470 2016 1110.181875 29.504672 3046.295214 205.131841 0.135444 0.009725 -51.007584 3.228858 0.654381 2.005063 41.065304 0.781268 66.693474 nan 3.871762 0.000050 719.186712 0.027883
82.501470 2016 874.100716 24.243983 2419.666714 199.247174 0.124252 0.001498 -50.765121 1.366408 -1.638196 0.869650 37.472917 0.372893 71.005801 nan 3.871760 0.000050 719.187621 0.027886
88.687581 2016 328.199597 7.461141 711.842168 30.362536 0.130139 0.003257 -55.347008 1.789850 -2.843387 1.345841 41.694700 0.901832 75.598184 nan 3.871814 0.000057 719.157829 0.031798
96.501470 2016 787.765883 21.850593 2091.314000 196.132242 0.123397 0.002528 -57.656616 1.710844 -5.577594 1.320929 36.264799 0.931013 72.422038 nan 3.871752 0.000050 719.192287 0.027663
103.501470 2016 1050.954515 33.911978 4001.193619 354.208175 0.128205 0.003658 -60.284822 1.860771 -7.136631 1.425789 37.833004 0.990808 74.797795 nan 3.871752 0.000050 719.192159 0.027636
110.501470 2016 934.123151 25.509824 2877.495214 212.404122 0.122942 0.002488 -59.996226 1.409501 -10.092814 1.263944 35.254096 1.118388 72.385968 nan 3.871751 0.000049 719.192653 0.027454
117.501470 2016 336.098337 6.603780 625.665365 32.330681 0.135288 0.002502 -58.935936 1.034162 -11.538731 1.075589 34.957077 1.117016 76.842076 nan 3.871750 0.000049 719.193426 0.027308
124.501470 2016 1231.000227 34.356436 3444.138000 229.361302 0.128395 0.002743 -58.513626 1.139350 -13.698754 1.204870 33.135644 1.270389 72.049768 nan 3.871748 0.000049 719.194420 0.027075
131.501470 2016 3024.517505 86.855099 11610.305179 674.145639 0.129835 0.003747 -56.835484 1.109654 -14.279079 1.278057 35.483768 1.446460 70.251871 nan 3.871749 0.000048 719.193936 0.026912
138.501470 2016 1398.422642 37.495974 5080.133250 219.804914 0.126132 0.002190 -56.502371 0.799885 -16.178326 1.063963 28.731847 1.328040 66.401763 nan 3.871749 0.000048 719.193859 0.026712
152.501470 2016 436.730636 9.170852 822.548052 45.921809 0.133539 0.002194 -56.553850 0.920282 -15.910157 1.177938 30.685386 1.435594 63.083402 nan 3.871746 0.000047 719.195118 0.026332
159.501470 2016 812.238032 23.677254 2123.564487 254.050508 0.128419 0.003505 -54.491990 1.108613 -16.680967 1.451087 31.741548 1.793562 57.409327 nan 3.871747 0.000047 719.194645 0.026152
166.501470 2016 527.637141 12.968974 1111.235253 72.768647 0.131090 0.002332 -51.611769 1.103133 -15.197873 1.308763 29.802109 1.514394 55.766584 nan 3.871747 0.000047 719.194744 0.026107
173.501470 2016 307.050187 6.927668 651.654477 40.706694 0.127457 0.016340 -49.501327 1.902177 -13.077755 1.940846 31.121651 1.979514 50.028534 nan 3.871744 0.000047 719.196162 0.025948
180.501470 2016 266.037981 6.304572 778.143202 39.778815 0.142778 0.009889 -46.800573 1.097783 -12.856091 1.393483 25.928264 1.689183 50.943818 nan 3.871742 0.000046 719.197294 0.025775
187.501470 2016 320.692650 11.779648 989.935335 130.322045 0.107819 0.018042 -43.700929 2.357909 -8.640027 1.805830 27.232391 1.253750 48.731045 nan 3.871741 0.000046 719.198146 0.025654
194.501470 2016 785.440110 17.607139 1842.864151 52.816291 0.145727 0.008945 -40.475434 0.818064 -9.021801 1.331918 29.026904 1.845771 50.332474 nan 3.871738 0.000046 719.199878 0.025573
201.501470 2016 399.393328 9.433952 1108.069840 59.210394 0.124177 0.004175 -38.083310 1.020460 -6.069934 1.074509 29.524432 1.128558 48.758763 nan 3.871733 0.000046 719.202349 0.025515
208.501470 2016 724.445061 19.664208 1760.242105 120.637334 0.145778 0.013506 -35.120475 0.680509 -6.002449 1.745682 31.373097 2.810854 46.628463 nan 3.871729 0.000046 719.204685 0.025462
215.501470 2016 967.663540 28.377951 2907.933335 307.436429 0.123710 0.018766 -36.985947 3.310165 -0.624440 2.896059 34.651080 2.481953 46.020418 nan 3.871724 0.000046 719.207400 0.025476
222.501470 2016 1264.531645 28.993367 2745.162333 105.570167 0.163406 0.015870 -37.174169 2.682362 -1.202432 3.072229 33.202105 3.462096 49.569807 nan 3.871722 0.000046 719.208709 0.025471
229.501470 2016 589.921869 13.862840 1363.878111 69.605368 0.128601 0.002053 -36.876854 0.746908 0.399876 0.678365 33.589351 0.609823 58.544069 nan 3.871716 0.000046 719.212142 0.025575
235.582025 2016 675.379689 25.289910 2230.705284 384.112207 0.130409 0.013846 -41.621169 3.225780 3.041006 2.211431 37.049476 1.197082 53.603687 nan 3.871628 0.000054 719.260923 0.030018
243.501250 2016 1205.472367 46.793516 5013.726474 761.098263 0.141000 0.019073 -39.306978 4.272160 6.124015 2.523615 37.583016 0.775069 53.514102 nan 3.871707 0.000046 719.216878 0.025886
257.501250 2016 1204.683441 35.041332 4291.409500 250.424103 0.118483 0.002243 -41.296473 1.122526 0.609966 0.837561 36.798860 0.552596 64.906786 nan 3.871697 0.000047 719.222754 0.026408
264.501250 2016 477.292206 11.930090 1181.316227 115.355295 0.129808 0.003789 -47.336270 1.459850 -0.733769 1.351693 42.113854 1.243536 72.142036 nan 3.871694 0.000048 719.224113 0.026538
271.501250 2016 2344.716324 75.165544 9222.315000 756.172896 0.125099 0.009188 -48.909151 3.215141 -0.589142 2.080801 47.333014 0.946460 72.720494 nan 3.871691 0.000049 719.225948 0.027099
278.501250 2016 2681.956187 72.407457 8756.894964 420.467406 0.139316 0.008592 -51.429295 1.456919 -4.740869 1.948419 45.380831 2.439920 73.302953 nan 3.871688 0.000049 719.227608 0.027415
285.501250 2016 1511.779914 46.691587 5710.643828 536.577874 0.123560 0.003340 -52.190198 1.625320 -5.638279 1.354088 36.830143 1.082855 72.072981 nan 3.871685 0.000050 719.229481 0.027850
292.501250 2016 1869.095215 42.706887 5134.160897 193.461062 0.143416 0.003043 -56.854574 1.473682 -8.034236 1.225880 39.793406 0.978078 81.490189 nan 3.871683 0.000051 719.230561 0.028321
299.501250 2016 2682.889487 82.777072 9974.943880 874.393358 0.116865 0.008464 -59.680046 1.406697 -12.515456 1.856527 38.492517 2.306357 70.212774 nan 3.871684 0.000052 719.230366 0.028728
306.501250 2016 2329.150854 64.453222 8353.268759 398.463253 0.128395 0.003000 -59.829471 1.401256 -12.588534 1.390674 34.066518 1.380092 72.419708 nan 3.871682 0.000053 719.231495 0.029281
313.501250 2016 862.934234 23.737547 2981.700031 195.035713 0.117695 0.003740 -60.546839 1.734474 -14.730388 1.623195 37.225957 1.511917 65.191883 nan 3.871681 0.000053 719.232273 0.029706
327.501250 2016 595.385372 18.236622 1696.700930 158.732450 0.121605 0.004150 -60.685728 1.364775 -16.190033 1.417322 25.383783 1.469869 61.078311 nan 3.871681 0.000055 719.231917 0.030904
334.501250 2016 628.444522 13.912981 1592.984482 36.758676 0.132922 0.001982 -58.549419 1.133742 -16.019320 1.277259 24.460005 1.420776 62.346812 nan 3.871860 0.000059 719.132647 0.032881
341.501250 2016 571.177091 16.606651 1478.508941 81.642120 0.115021 0.009198 -53.955144 1.105016 -15.918385 1.458288 25.252199 1.811559 54.683339 nan 3.871857 0.000061 719.134340 0.033857
348.501250 2016 608.933877 12.855322 1492.544298 48.862744 0.137073 0.002790 -52.359758 1.107033 -13.570523 1.256966 29.175462 1.406898 57.745768 nan 3.871857 0.000062 719.134550 0.034524
355.501250 2016 844.738433 25.221153 3086.903073 298.265721 0.131584 0.003689 -45.693235 0.965608 -12.105091 1.194856 28.855886 1.424105 53.257209 nan 3.871859 0.000062 719.133314 0.034568
362.501250 2016 1169.273203 27.005877 2584.458128 113.755193 0.134671 0.003164 -42.845413 0.943000 -10.190301 1.001739 26.860532 1.060477 52.318574 nan 3.871857 0.000063 719.134771 0.035125
