324.500972 2007 661.108861 19.860774 2392.711048 193.278841 0.118008 0.011833 -40.657807 1.200097 -9.786371 2.152429 32.143724 3.104761 50.065745 nan 3.871891 0.000028 719.113750 0.015488
331.500972 2007 524.627925 11.063391 1163.146443 48.428413 0.136831 0.002222 -39.292046 0.727177 -6.849300 0.814846 27.257991 0.902516 52.526233 nan 3.871889 0.000028 719.114700 0.015425
338.500972 2007 285.738797 6.290836 658.685507 12.798069 0.109568 0.002125 -33.856749 0.748565 -6.022614 0.802952 21.371190 0.857339 41.819880 nan 3.871885 0.000027 719.116872 0.015132
345.500972 2007 275.928020 6.926862 808.999994 48.853290 0.121193 0.006717 -31.426979 1.207119 -3.555228 1.275937 27.559136 1.344756 43.328378 nan 3.871883 0.000027 719.117703 0.014938
352.500972 2007 631.226539 14.943903 1805.296140 59.889978 0.181643 0.018014 -32.015733 2.263224 -3.710715 2.836532 30.322659 3.409839 40.217627 nan 3.871879 0.000027 719.120225 0.014961
359.500972 2007 369.631153 7.349835 968.221430 28.831265 0.147543 0.009334 -27.726268 2.061872 1.879048 1.400153 30.631398 0.738433 46.130350 nan 3.871877 0.000027 719.121358 0.014806
1.500972 2008 224.639256 4.893652 527.451491 19.450580 0.105889 0.001906 -22.942488 0.841637 3.542475 0.758110 28.688417 0.674584 39.604857 nan 3.871874 0.000026 719.122841 0.014411
8.500972 2008 416.079171 9.617112 1252.995991 40.271310 0.175000 0.016824 -30.196479 3.427508 8.144363 2.157614 37.841111 0.887720 45.929864 nan 3.871871 0.000025 719.124546 0.014148
15.500972 2008 558.622563 11.776242 1387.108300 46.324097 0.160990 0.013954 -33.213880 2.810180 8.576919 1.924400 41.786119 1.038620 49.999543 nan 3.871868 0.000025 719.126227 0.014103
22.500972 2008 401.570359 8.486720 1004.624998 46.757307 0.137180 0.001667 -31.829574 1.243297 7.626552 1.036111 43.149148 0.828925 56.455480 nan 3.871865 0.000025 719.127702 0.013841
29.500972 2008 370.712017 12.463338 944.809403 132.463274 0.127457 0.002515 -32.395062 1.270319 8.619740 1.040043 42.289262 0.809768 55.807874 nan 3.871864 0.000024 719.128399 0.013354
36.500972 2008 567.662979 13.266976 1543.699444 62.029797 0.148778 0.016503 -37.120218 3.754956 11.930058 2.268388 45.608566 0.781819 55.190432 nan 3.871862 0.000023 719.129708 0.013055
43.500972 2008 697.229825 14.985698 1702.884933 47.296731 0.152350 0.016120 -44.230019 3.776130 11.255280 2.296084 48.787031 0.816037 61.329565 nan 3.871860 0.000023 719.130772 0.012977
50.500972 2008 562.710706 11.389735 1266.279504 48.149033 0.142284 0.001935 -42.540552 1.522117 6.391620 1.164901 50.391568 0.807685 70.629170 nan 3.871859 0.000023 719.131148 0.012658
57.073194 2008 578.434314 21.340721 1417.272529 293.905848 0.129831 0.003459 -45.684021 1.805782 5.872929 1.326687 47.619834 0.847593 67.077376 nan 3.871879 0.000023 719.119886 0.012994
64.498194 2008 880.008823 20.264723 2305.262887 88.220864 0.131349 0.007367 -47.483535 1.525237 1.274249 2.282417 46.340786 3.039597 69.671136 nan 3.871855 0.000021 719.133304 0.011898
71.500972 2008 1134.839585 25.303271 2901.597111 118.372162 0.140535 0.004336 -47.855724 1.928679 2.224307 1.475424 47.320499 1.022169 73.862797 nan 3.871854 0.000021 719.133860 0.011850
78.500972 2008 828.762504 19.110493 2088.918528 122.358480 0.138786 0.002030 -45.138135 1.013369 -0.398286 1.057415 45.541645 1.101460 73.739396 nan 3.871852 0.000021 719.135222 0.011537
92.500972 2008 1641.970490 38.756980 4235.680605 154.314224 0.143376 0.002696 -49.346416 0.875950 -4.073695 1.081056 45.272315 1.286161 73.812856 nan 3.871849 0.000020 719.136493 0.010890
99.500972 2008 1423.619064 53.408248 3172.466793 402.819010 0.173444 0.025400 -48.603011 6.050726 -6.657960 6.059214 58.904626 6.067702 49.217992 nan 3.871848 0.000020 719.137064 0.010881
106.500972 2008 1369.028235 59.453275 4393.774442 817.329496 0.173251 0.023938 -57.565091 6.204711 -6.452942 6.347573 58.177203 6.490434 49.089846 nan 3.871847 0.000019 719.137784 0.010583
113.500972 2008 957.549498 47.095001 3648.529032 747.082216 0.131018 0.003895 -45.963337 0.998872 -7.170448 1.379386 39.934483 1.759900 62.456389 nan 3.871846 0.000018 719.138011 0.010203
120.500972 2008 860.437876 19.673321 2393.776923 80.110370 0.148380 0.009327 -45.240936 0.754667 -8.949757 1.563968 41.549567 2.373268 60.493563 nan 3.871843 0.000018 719.140048 0.010091
127.500972 2008 523.373452 9.760298 1100.406431 32.001031 0.151175 0.009039 -43.487195 0.743511 -9.133406 1.434611 33.040627 2.125711 58.137225 nan 3.871842 0.000018 719.140520 0.010140
141.500972 2008 283.280388 6.572821 659.823244 39.031000 0.137222 0.014572 -38.146285 0.902670 -9.083718 1.679405 27.142212 2.456140 42.454591 nan 3.871837 0.000017 719.143291 0.009657
148.500972 2008 213.754801 4.570056 582.263456 23.737104 0.157060 0.012530 -36.739072 0.776032 -6.471879 1.640817 28.344099 2.505602 46.974558 nan 3.871833 0.000017 719.145526 0.009683
155.500972 2008 163.207876 3.734718 477.622106 29.144883 0.092778 0.038566 -34.090972 1.918321 -4.559881 2.416004 28.056033 2.913687 39.417334 nan 3.871831 0.000018 719.146437 0.009835
162.500972 2008 145.227858 3.356873 428.369185 25.821160 0.149884 0.015077 -29.272307 0.720275 -3.627620 1.996566 26.520272 3.272857 41.468838 nan 3.871828 0.000017 719.148241 0.009710
169.500972 2008 620.756419 13.678948 1530.810306 59.591984 0.190404 0.020891 -28.403193 3.505986 2.773134 3.396851 30.863408 3.287716 36.943355 nan 3.871828 0.000017 719.148513 0.009650
176.500972 2008 313.217338 9.411005 823.213670 77.857373 0.140385 0.009880 -27.334816 1.773853 4.012849 1.286590 33.841907 0.799327 45.309663 nan 3.871823 0.000018 719.151028 0.009855
183.500972 2008 812.057165 363.413706 3026.945091 1151.743112 0.125213 0.025558 -26.313594 2.591384 6.183019 1.663388 36.672419 0.735393 49.013011 nan 3.871820 0.000018 719.152623 0.010140
190.500972 2008 166.457883 9.510407 1114.085222 260.805718 -0.158631 0.049251 -21.886521 1.391046 5.093167 1.958387 40.769402 2.525727 36.468817 nan 3.871817 0.000018 719.154281 0.010146
197.500972 2008 430.923191 10.096611 1156.191165 44.816684 0.189268 0.019112 -28.979707 3.210179 11.014782 2.050757 48.517907 0.891334 53.604960 nan 3.871816 0.000018 719.155204 0.010268
204.500972 2008 372.695135 9.672329 962.312738 71.366837 0.162333 0.017085 -49.655311 2.852592 8.531495 3.243277 44.180871 3.633962 53.469257 nan 3.871811 0.000019 719.157539 0.010657
211.500972 2008 216.955607 7.831587 509.209996 62.319770 0.141773 0.009345 -28.193586 1.672402 11.125499 1.402621 52.123883 1.132839 58.434338 nan 3.871810 0.000020 719.158236 0.011049
218.500972 2008 119.363187 7.423447 351.459377 86.182063 -0.053274 0.048199 -20.065032 2.365525 14.456282 2.309305 48.090949 2.253085 35.275904 nan 3.871808 0.000020 719.159314 0.011159
225.500972 2008 511.300870 19.371649 1353.238541 210.938098 0.151602 0.009198 -34.069142 2.120114 9.789277 1.562530 54.992890 1.004945 67.773514 nan 3.871808 0.000021 719.159748 0.011438
232.500972 2008 339.566656 10.977224 973.618867 75.060421 0.143590 0.009837 -37.791478 2.303034 9.033557 1.695751 53.551316 1.088469 66.959870 nan 3.871804 0.000021 719.161699 0.011967
239.500972 2008 134.892351 3.030531 348.115473 13.143355 0.114095 0.002184 -34.422566 1.441920 6.939530 1.278381 48.624780 1.114841 60.933594 nan 3.871805 0.000022 719.161093 0.012427
246.500972 2008 409.584760 14.985039 2001.292095 128.623753 0.106996 0.006083 -49.447897 2.222538 5.191276 1.968150 50.403179 1.713762 58.464804 nan 3.871803 0.000023 719.162162 0.012629
253.500972 2008 323.872043 6.351710 749.188312 26.502265 0.149145 0.009793 -42.800961 2.653473 3.588871 1.945809 50.841733 1.238145 73.517198 nan 3.871801 0.000023 719.163192 0.013022
260.500972 2008 301.555510 8.537381 857.324373 63.481383 0.140812 0.010380 -45.425692 2.902067 1.528384 2.281348 47.966946 1.660629 69.387824 nan 3.871799 0.000025 719.164495 0.013659
274.500972 2008 1075.008884 73.144360 5734.494816 1610.332892 1.507716 0.469778 -57.944629 7.426503 6.234117 7.142377 57.959805 6.858250 35.384553 nan 3.871799 0.000026 719.164929 0.014466
281.500972 2008 1059.600183 46.517607 3725.357214 776.529173 0.259150 0.028537 -54.187331 1.405186 -17.810627 4.938090 55.450859 8.470994 41.641713 nan 3.871797 0.000027 719.165835 0.014962
295.500972 2008 408.650971 19.025145 1718.374356 420.439746 0.217172 0.025600 -48.639724 3.266165 -12.937455 4.604494 50.944374 5.942822 43.107264 nan 3.871793 0.000029 719.168196 0.016157
302.500972 2008 580.094313 40.960856 1745.761567 401.738796 0.116304 0.052589 -43.929435 4.826249 -5.649091 4.853380 44.247210 4.880511 39.439340 nan 3.871793 0.000030 719.168322 0.016477
309.500972 2008 757.672172 48.857329 3999.129269 895.193936 0.081428 0.030413 -43.075472 3.895446 -12.058591 4.106388 42.615652 4.317331 31.839442 nan 3.871789 0.000030 719.170157 0.016971
337.500972 2008 671.558874 64.984204 4122.066655 1077.603797 -0.066017 0.094614 -34.338970 2.179977 -10.010251 1.875026 34.137764 1.570074 22.028684 nan 3.871776 0.000034 719.177826 0.018770
365.500972 2008 2663.007844 159.820403 21152.444400 2855.883758 -0.064976 0.030873 -32.751666 3.081115 6.858918 2.853410 38.114362 2.625706 32.972604 nan 3.871759 0.000036 719.187476 0.020257
20.500972 2009 1279.065757 141.553152 13573.283875 3322.955207 -0.136966 0.019379 -46.462354 2.536374 7.751067 2.592679 47.601336 2.648985 23.545211 nan 3.871893 0.000038 719.112825 0.020896
34.500972 2009 144.734654 7.627650 687.908300 81.366983 -0.286880 0.127367 -44.603875 2.996593 20.031154 2.793597 54.793437 2.590600 21.885038 nan 3.871886 0.000038 719.116973 0.021396
48.500972 2009 250.874214 13.536571 919.371192 161.499224 0.057576 0.007212 -40.340478 4.118521 8.679051 4.086773 58.649668 4.055024 28.349920 nan 3.871886 0.000039 719.117005 0.021476
55.500972 2009 123.676080 13.433257 357.096408 28.590565 -0.202778 0.061162 -41.255540 4.572058 8.427792 4.161177 47.951751 3.750296 24.925594 nan 3.871881 0.000039 719.119713 0.021605
62.109306 2009 78.870037 2.646831 282.203153 13.608451 -0.028646 0.021762 -44.145263 4.814323 2.563571 4.728272 47.255624 4.642220 13.570463 nan 3.871943 0.000041 719.085229 0.023087
69.500972 2009 129.090152 4.520810 449.392698 35.346422 -0.180070 0.038025 -45.435365 4.462660 7.253959 4.018186 49.157657 3.573713 29.621175 nan 3.871881 0.000039 719.119626 0.021730
76.500972 2009 720.243861 75.368973 7131.311115 2922.610470 0.038417 0.008954 -63.119849 4.035396 -3.435985 4.257960 62.866971 4.480525 22.183759 nan 3.871880 0.000039 719.119935 0.021700
83.500972 2009 2697.806161 205.095867 35754.753556 7651.528282 0.030136 0.013214 -61.973785 4.370628 -1.205827 4.549581 61.198848 4.728534 15.807438 nan 3.871879 0.000039 719.120474 0.021761
90.500972 2009 2338.826225 181.917050 24732.696833 3648.975298 -0.125505 0.033818 -60.942700 4.853787 15.228778 4.906863 52.283358 4.959939 12.746780 nan 3.871880 0.000039 719.119899 0.021827
97.500972 2009 1442.300590 125.335657 13395.924348 2953.501909 0.035135 0.019119 -51.329749 5.801566 0.805119 5.881360 59.118073 5.961154 14.985103 nan 3.871880 0.000039 719.120236 0.021774
104.500972 2009 842.067365 67.025274 6527.582493 1458.874919 -0.000309 0.017872 -55.037007 4.076341 -2.968569 4.235312 55.717516 4.394283 13.322178 nan 3.871880 0.000039 719.120288 0.021741
111.500972 2009 1401.739944 90.795221 11767.622625 2051.721923 -0.164918 0.033009 -47.417601 3.505068 -14.453383 3.446484 50.103219 3.387900 12.279795 nan 3.871879 0.000039 719.120459 0.021790
118.500972 2009 571.203188 69.390430 8665.966630 3593.065228 -0.269410 0.024929 -47.888109 3.992903 -6.112833 3.961539 50.087964 3.930174 11.547688 nan 3.871877 0.000039 719.121910 0.021817
125.500972 2009 798.012207 71.561128 5567.996692 1276.226280 -0.056977 0.034513 -45.686343 4.585123 1.998078 4.332791 45.686343 4.080458 15.449960 nan 3.871875 0.000039 719.122858 0.021749
132.500972 2009 551.542432 45.906595 5086.104796 1039.129952 -0.092191 0.018435 -42.414381 2.415772 -8.475520 2.278937 41.589094 2.142102 16.979695 nan 3.871874 0.000039 719.123684 0.021718
139.500972 2009 537.609206 48.225084 6476.008723 1081.218124 0.148428 0.201885 -40.371033 2.485981 -10.834456 2.258136 40.039404 2.030291 23.993787 nan 3.871870 0.000039 719.125535 0.021766
146.500972 2009 329.790633 42.489767 2917.723896 812.828357 -0.098323 0.093164 -35.930060 1.662002 -6.394627 1.495321 35.206821 1.328640 27.356284 nan 3.871868 0.000039 719.126893 0.021795
153.500972 2009 254.030509 35.327184 3022.256158 1009.003442 -0.229271 0.022048 -33.581536 2.184829 1.919710 2.091712 33.581536 1.998595 18.351427 nan 3.871865 0.000039 719.128371 0.021753
160.500972 2009 904.986884 77.842139 4004.949821 702.568219 0.116135 0.204358 -31.818922 2.162178 -0.395269 2.304300 35.940033 2.446422 31.083587 nan 3.871862 0.000039 719.130052 0.021797
167.500972 2009 693.257484 68.417535 3624.336586 603.509703 -0.021222 0.036244 -31.205610 3.542233 1.374733 3.764641 40.578205 3.987049 22.349113 nan 3.871857 0.000039 719.132757 0.021931
173.400972 2009 202.399468 27.026322 1452.999992 528.813502 -0.016475 0.018222 -34.236116 3.467145 3.045657 3.444331 41.693192 3.421518 9.224406 nan 3.871785 0.000048 719.173174 0.026585
181.500972 2009 273.043632 11.680879 1095.944233 149.938507 0.026296 0.019041 -24.366948 3.165076 10.575274 3.087249 46.174195 3.009421 21.918217 nan 3.871847 0.000040 719.138308 0.022131
188.500972 2009 148.931019 18.975257 1942.291025 464.488736 -0.173665 0.022604 -43.406186 2.207585 10.093943 2.266903 50.182188 2.326222 27.679424 nan 3.871843 0.000040 719.140722 0.022316
195.500972 2009 105.541025 7.228469 393.005647 40.084557 -0.009576 0.092452 -48.292990 2.539709 7.179228 2.608968 51.457934 2.678227 14.725657 nan 3.871842 0.000041 719.141538 0.022574
202.500972 2009 428.024270 17.140628 1649.790104 265.984821 -0.047929 0.023966 -53.408090 3.255050 11.748711 3.461658 53.713828 3.668265 30.619710 nan 3.871838 0.000041 719.143869 0.022827
209.500972 2009 144.505957 3.319903 333.879532 20.669905 0.000000 0.051371 -33.359609 2.832698 11.511209 2.418177 50.267901 2.003656 56.874722 nan 3.871839 0.000041 719.143295 0.023012
216.500972 2009 117.906274 3.474480 394.957413 30.816699 -0.158144 0.054346 -40.629772 4.092940 6.192168 4.068226 53.350919 4.043511 36.260259 nan 3.871835 0.000042 719.145214 0.023311
230.500972 2009 106.523036 4.566506 698.719650 72.504943 1.823024 0.203110 -46.446786 2.916954 -8.454105 3.189559 56.170972 3.462164 17.947771 nan 3.871831 0.000043 719.147620 0.023996
237.500972 2009 46.077407 1.714592 193.316137 11.340484 -0.398030 0.090517 -49.122864 4.888130 0.259497 4.574195 52.239955 4.260261 29.869644 nan 3.871833 0.000044 719.146764 0.024292
250.128750 2009 107.723009 11.124230 1061.784282 343.256447 -0.219596 0.084296 -58.333770 4.043494 25.884783 4.413825 60.934535 4.784157 14.669795 nan 3.871952 0.000058 719.080151 0.032134
258.500972 2009 61.543110 5.280916 248.366049 35.360086 0.326425 0.192706 -58.223232 4.160598 12.683178 4.501745 59.766591 4.842893 17.487551 nan 3.871830 0.000046 719.148505 0.025661
265.500972 2009 118.063593 15.601770 840.210896 348.532157 -0.091796 0.081512 -58.241421 4.312048 10.068459 4.428400 57.855727 4.544752 12.069462 nan 3.871833 0.000047 719.146947 0.026103
272.500972 2009 173.883857 18.120658 872.714748 193.162518 0.020734 0.081305 -55.889510 4.087059 -2.814694 4.246483 56.436626 4.405906 13.791563 nan 3.871834 0.000048 719.146379 0.026669
279.500972 2009 79.037790 9.864206 485.751057 132.906401 -0.098077 0.021493 -53.681321 4.634879 5.029078 4.894254 51.758727 5.153629 9.055450 nan 3.871833 0.000049 719.146771 0.027259
293.500972 2009 268.850849 19.166539 1338.584128 313.850253 -0.072268 0.024686 -47.181860 4.542106 5.725432 4.503438 46.430498 4.464771 15.037143 nan 3.871830 0.000051 719.148583 0.028352
300.500972 2009 263.482986 17.345861 1332.566202 363.593422 -0.039815 0.020113 -41.602373 3.738750 -0.302203 3.671246 45.204971 3.603742 13.474269 nan 3.871827 0.000052 719.150693 0.028953
307.500972 2009 295.098203 24.146138 1229.787776 279.631495 -0.004696 0.008189 -41.362560 3.096809 -1.404876 3.007512 41.772275 2.918215 14.704883 nan 3.871825 0.000053 719.151553 0.029553
314.500972 2009 192.239501 21.341868 1726.624463 614.065643 -0.136614 0.017783 -39.860516 2.376861 -11.655512 2.343887 39.860516 2.310913 18.473236 nan 3.871819 0.000054 719.155211 0.030079
321.500972 2009 207.699093 27.701669 1219.336394 508.294033 -0.105903 0.018197 -37.008429 2.297509 -9.184247 2.364992 36.622838 2.432476 14.221511 nan 3.871819 0.000055 719.155207 0.030630
328.500972 2009 465.037313 54.240730 8073.890457 2828.210221 -0.090598 0.017632 -35.030531 2.103801 -6.402754 2.038389 33.869734 1.972976 17.753369 nan 3.871815 0.000056 719.157684 0.031209
335.500972 2009 500.744908 57.461663 6875.104094 2495.766891 -0.176969 0.022186 -32.072189 1.867921 -4.632468 1.674821 28.865558 1.481721 24.325359 nan 3.871811 0.000057 719.160063 0.031764
342.500972 2009 294.363594 44.995889 1832.755572 951.702887 -0.057449 0.025236 -28.097471 2.478145 1.486819 2.419653 29.586594 2.361161 15.223379 nan 3.871802 0.000058 719.164926 0.032287
349.500972 2009 862.390143 84.468323 10475.103365 3045.650750 -0.145278 0.036283 -27.196093 2.484712 6.220346 2.203863 35.000567 1.923014 32.835150 nan 3.871800 0.000059 719.166198 0.032835
5.500972 2010 2385.881989 215.088588 27606.787273 8178.598054 -0.030556 0.038422 -46.064652 4.494391 21.722982 4.155857 46.064652 3.817323 25.073512 nan 3.871783 0.000062 719.175781 0.034338
19.500972 2010 381.831808 43.549277 2176.477468 860.230559 -0.376389 0.061652 -31.143956 3.185635 31.312173 2.526499 54.921402 1.867362 24.901362 nan 3.871778 0.000063 719.179013 0.035219
33.217639 2010 97.179894 3.857110 413.183191 27.820711 -0.102680 0.027873 -53.098692 4.613779 10.358893 4.715274 59.691295 4.816769 18.316450 nan 3.871819 0.000067 719.156134 0.037246
54.500972 2010 603.231424 50.778637 6032.187173 1506.437869 -0.177915 0.028837 -47.872310 3.592221 20.905550 4.069103 65.143531 4.545986 31.478317 nan 3.871772 0.000066 719.182471 0.036625
61.500972 2010 886.270739 79.271923 5537.127935 1377.312066 -0.096855 0.026631 -64.230431 3.883419 9.425420 4.377472 58.408060 4.871525 18.439907 nan 3.871774 0.000066 719.181322 0.036811
68.500972 2010 924.508261 62.833841 6982.014683 1196.273733 0.000195 0.019041 -63.148229 4.274014 4.299862 4.351763 62.015624 4.429511 18.057764 nan 3.871772 0.000066 719.182624 0.036975
75.500972 2010 953.410941 83.218006 11048.848273 2431.500219 -0.043488 0.020356 -63.044463 4.620858 5.510338 4.697691 58.436663 4.774524 15.614423 nan 3.871776 0.000067 719.180271 0.037102
82.500972 2010 1715.733854 108.597364 9400.701057 1564.196895 -0.081869 0.026031 -62.136854 4.394878 6.512466 4.524723 61.589446 4.654568 14.510047 nan 3.871776 0.000067 719.180404 0.037218
89.500972 2010 1341.543456 105.595309 9253.965630 1977.239832 -0.036056 0.030401 -57.299539 4.849890 10.439357 4.539259 59.326816 4.228627 23.840955 nan 3.871779 0.000067 719.178775 0.037339
96.500972 2010 4894.495450 141.656184 15388.889433 1395.130690 0.166468 0.031434 -54.556987 6.645309 1.528324 6.293468 55.915680 5.941627 47.528301 nan 3.871779 0.000067 719.178704 0.037452
103.500972 2010 2297.000315 73.821607 6709.924216 945.976283 0.119753 0.019931 -45.080195 5.426351 0.972438 4.760503 52.702276 4.094656 43.260798 nan 3.871779 0.000067 719.178423 0.037511
110.500972 2010 2772.840614 226.938044 36072.176333 11265.734541 0.089729 0.015173 -48.468306 3.977967 -7.248683 3.935836 48.010561 3.893705 40.499714 nan 3.871776 0.000067 719.180177 0.037564
117.500972 2010 1313.191109 77.774789 8057.208394 1218.449357 0.096667 0.017759 -42.045784 3.520535 -7.709783 3.332317 38.421112 3.144098 39.354107 nan 3.871777 0.000068 719.179797 0.037623
124.500972 2010 3342.979683 143.693998 17442.785148 2682.025757 0.113889 0.026180 -42.617411 4.489571 -4.466075 4.379488 43.280988 4.269405 37.519616 nan 3.871770 0.000068 719.183371 0.037653
131.500972 2010 1871.886265 100.049883 4759.857682 695.608250 0.101243 0.017863 -38.927569 3.163267 -7.179756 3.500028 39.126631 3.836789 39.897102 nan 3.871773 0.000068 719.181871 0.037627
145.509306 2010 1565.313838 91.263071 10278.371478 2092.374172 0.107239 0.014790 -33.357236 3.242431 0.451099 3.304411 37.736385 3.366391 35.244333 nan 3.871754 0.000068 719.192848 0.037629
152.500972 2010 2663.000358 106.473826 7522.502128 1397.348170 0.164957 0.010942 -31.108078 0.933531 1.589732 1.681673 38.079241 2.429815 52.566808 nan 3.871756 0.000068 719.191269 0.037717
159.500972 2010 874.269203 29.577191 1873.311940 82.270380 0.101254 0.017578 -27.260783 2.584933 9.493389 1.805786 42.596647 1.026640 45.648348 nan 3.871752 0.000068 719.193643 0.037732
166.500972 2010 639.528767 29.466021 1167.970008 78.628132 0.132305 0.019862 -44.700550 2.684064 9.709956 2.926106 44.659906 3.168148 44.482793 nan 3.871744 0.000068 719.198280 0.037830
180.500972 2010 1015.337947 56.992819 2849.059638 453.656585 0.122917 0.021390 -50.908295 3.704608 11.002426 4.225439 50.945370 4.746270 45.630207 nan 3.871732 0.000068 719.204811 0.038109
187.500972 2010 529.749343 40.773607 1838.734483 301.947003 0.131992 0.014154 -27.193419 3.100365 16.020255 2.205401 54.789022 1.310437 52.982954 nan 3.871728 0.000069 719.207350 0.038230
194.500972 2010 182.111335 5.531965 463.037931 31.236874 0.110814 0.010934 -26.884551 2.049316 15.031957 1.556543 52.179334 1.063770 54.007320 nan 3.871724 0.000069 719.209164 0.038466
208.500972 2010 333.298174 9.502888 1119.710661 62.184461 0.096399 0.030354 -41.883065 4.045800 13.191791 3.440517 57.697284 2.835234 60.737735 nan 3.871719 0.000070 719.212469 0.038928
215.500972 2010 1273.143442 45.252884 6241.698105 609.563743 0.141152 0.003245 -33.643248 1.780168 12.838626 1.483396 60.605231 1.186623 71.861607 nan 3.871721 0.000070 719.211266 0.039105
222.500972 2010 795.176900 21.229809 2185.598079 193.624371 0.132341 0.005146 -62.653538 2.156628 8.864862 3.092242 58.634416 4.027855 70.538306 nan 3.871716 0.000071 719.214090 0.039402
229.500972 2010 943.620439 60.036375 4104.657721 1087.413249 0.085366 0.012894 -62.560724 4.154837 3.199997 5.276346 62.105268 6.397855 52.289651 nan 3.871713 0.000071 719.215658 0.039718
236.500972 2010 1268.815459 48.136151 3983.680000 437.616964 0.113552 0.026147 -62.839622 6.062421 -3.596109 7.071792 57.691455 8.081163 37.824013 nan 3.871715 0.000072 719.214915 0.040022
243.500972 2010 1082.323993 48.503340 3449.535569 525.851762 0.166567 0.028266 -58.742045 8.170167 17.686610 7.173930 62.069842 6.177693 44.297862 nan 3.871715 0.000072 719.214814 0.040300
250.500972 2010 1959.682624 114.293274 14243.067071 2654.370515 0.183565 0.028076 -55.569739 7.817822 15.805687 6.094791 59.464954 4.371760 50.817603 nan 3.871714 0.000073 719.215450 0.040711
257.500972 2010 2169.083580 131.044910 20353.314222 3433.905463 0.149074 0.026680 -59.143138 5.844829 -6.983397 6.831207 57.671271 7.817584 53.191882 nan 3.871716 0.000074 719.214193 0.041194
264.500972 2010 2071.396714 107.488190 13451.342448 1478.513084 0.048556 0.047735 -52.323551 7.418922 10.163567 7.209782 55.771679 7.000642 25.963870 nan 3.871718 0.000075 719.213380 0.041620
285.500972 2010 569.543148 28.918745 1685.065150 147.244513 -0.042829 0.039895 -47.235226 3.847920 -11.568740 4.570840 48.707270 5.293760 37.128716 nan 3.871719 0.000078 719.213366 0.043211
292.500972 2010 2637.067411 138.097234 16196.000355 1908.310959 0.060043 0.028875 -45.494734 3.746731 -10.544947 3.879380 40.797983 4.012030 32.018381 nan 3.871714 0.000078 719.216214 0.043715
299.500972 2010 2941.659387 139.718188 16656.523769 2040.122303 0.186111 0.027789 -41.762026 0.571259 -14.646037 2.952896 38.745347 5.334534 47.985975 nan 3.871712 0.000079 719.217468 0.044211
306.500972 2010 1721.829007 110.697921 16317.483652 1762.188652 0.085436 0.012478 -40.668043 2.902577 -7.360236 3.369066 38.400702 3.835555 39.433284 nan 3.871707 0.000080 719.220161 0.044791
313.500972 2010 1386.792815 103.440261 9240.164588 2087.751978 0.065509 0.020212 -38.150467 1.430453 -9.849394 2.406629 33.156547 3.382804 40.460153 nan 3.871700 0.000081 719.223977 0.045384
320.500972 2010 759.789414 64.684704 7360.656505 2221.095810 0.154012 0.017620 -34.360160 0.593118 -5.538018 2.245680 32.570402 3.898243 49.035535 nan 3.871699 0.000082 719.224687 0.045880
327.500972 2010 1243.079721 105.588503 16004.218818 3751.592643 0.124008 0.021014 -33.861563 3.018859 -0.903601 3.175171 34.472498 3.331483 40.670654 nan 3.871692 0.000083 719.228862 0.046378
341.500972 2010 2274.943814 162.877774 21608.533231 3369.951558 -0.019114 0.025416 -27.019152 3.488827 7.357811 3.360129 40.405174 3.231431 22.503497 nan 3.871678 0.000085 719.236803 0.047551
348.500972 2010 1563.046304 129.066832 12553.459222 2843.926372 0.015857 0.020213 -31.148745 3.016801 9.049691 2.913598 43.373147 2.810396 27.662896 nan 3.871672 0.000086 719.240442 0.048026
4.500972 2011 120.675235 14.226778 905.551571 350.950924 -0.311581 0.029363 -49.817305 3.405558 23.981824 3.265188 50.930750 3.124818 14.440276 nan 3.871646 0.000089 719.255229 0.049634
11.500972 2011 179.689179 4.891866 609.045397 23.723493 0.043083 0.003433 -32.250303 3.740068 15.234833 3.524485 55.235224 3.308901 18.536520 nan 3.871809 0.000089 719.164267 0.049578
18.500972 2011 154.738549 6.621066 380.888890 25.274745 0.054987 0.012798 -37.276622 4.152367 19.144330 3.717223 59.879984 3.282079 36.606797 nan 3.871888 0.000089 719.120249 0.049671
25.500972 2011 258.635210 22.609951 3712.757877 912.441296 -0.213492 0.023290 -62.819038 3.580925 20.927262 3.682620 62.225312 3.784315 15.935610 nan 3.871889 0.000090 719.120037 0.050086
32.500972 2011 724.749271 43.550114 3938.328832 636.206004 -0.053679 0.019245 -64.141239 4.040124 6.147170 4.231557 64.752431 4.422989 20.947647 nan 3.871884 0.000090 719.122696 0.050417
39.500972 2011 3496.996075 210.343616 30975.686647 6273.017494 0.141944 0.024602 -52.348978 5.206625 18.508239 5.014794 65.958621 4.822963 51.039395 nan 3.871886 0.000091 719.121914 0.050587
46.500972 2011 3613.601098 220.077797 24467.143750 4381.274785 0.147222 0.022122 -65.276641 5.718340 8.624718 6.010755 60.889469 6.303170 47.029846 nan 3.871883 0.000091 719.123284 0.050810
53.500972 2011 1402.331038 114.977089 10679.746750 1866.806456 0.038759 0.006358 -65.459775 4.645103 5.678359 4.575675 66.528352 4.506247 18.445460 nan 3.871885 0.000092 719.122578 0.051048
60.500972 2011 1396.251460 92.477883 4273.993000 467.717622 -0.016383 0.031936 -66.002289 5.913391 12.487472 5.792551 66.220351 5.671712 26.967961 nan 3.871888 0.000092 719.120542 0.051201
67.500972 2011 1488.586726 56.748001 5527.006608 761.113859 0.107870 0.020180 -65.021225 6.628507 -0.397027 6.687414 62.426945 6.746321 49.828001 nan 3.871891 0.000092 719.119269 0.051231
74.500972 2011 1027.654015 30.315479 2222.325357 175.521248 0.117795 0.012204 -59.379902 5.281019 0.766854 4.972736 61.021098 4.664453 66.816745 nan 3.871892 0.000092 719.118512 0.051383
81.500972 2011 401.959835 14.797111 978.899985 119.583055 0.114744 0.016734 -58.425516 6.460694 5.296585 5.781948 59.847699 5.103202 50.307717 nan 3.871894 0.000093 719.117525 0.051576
87.264861 2011 734.411120 77.870806 6488.625692 2219.058165 0.043018 0.012479 -57.481368 6.439624 4.873771 6.071100 56.841914 5.702576 31.251305 nan 3.871926 0.000115 719.099718 0.064285
94.335972 2011 1001.561341 34.216250 2613.084065 305.968265 0.070370 0.022437 -49.590157 7.449317 1.580297 6.941035 53.131574 6.432754 34.493591 nan 3.872065 0.000114 719.022235 0.063376
102.502639 2011 1047.250468 36.248062 2270.847643 228.722278 0.086735 0.015383 -47.719080 5.777088 12.040006 4.772675 50.178530 3.768262 35.361753 nan 3.871894 0.000093 719.117282 0.051743
109.502639 2011 457.121755 20.755351 986.377727 100.566310 0.075065 0.013312 -47.122614 4.124717 -5.075676 4.125595 47.554061 4.126472 41.651553 nan 3.871892 0.000093 719.118383 0.051871
116.502639 2011 474.106196 33.073858 2105.636175 417.782673 0.070833 0.024428 -43.896117 2.365364 -10.945584 3.474787 38.984615 4.584210 41.988803 nan 3.871889 0.000093 719.120238 0.051839
123.502639 2011 1535.195543 36.519925 3244.867855 166.488702 0.166778 0.024289 -39.665754 1.214591 -9.960015 3.321185 36.233144 5.427778 42.836564 nan 3.871885 0.000093 719.122720 0.051724
130.502639 2011 843.155958 29.196774 2160.682648 280.633387 0.129885 0.017146 -34.436571 2.307936 -1.090726 2.718348 39.619875 3.128759 49.209897 nan 3.871884 0.000093 719.123327 0.051762
137.502639 2011 576.885874 26.109026 1415.828323 219.657878 0.154732 0.017976 -34.043101 3.201533 2.511333 3.196939 40.932239 3.192345 47.975171 nan 3.871874 0.000093 719.128722 0.051818
144.502639 2011 565.655503 51.542822 3784.952338 1301.145717 0.092832 0.014577 -30.506690 1.836566 5.029415 2.279506 42.582748 2.722446 42.092233 nan 3.871871 0.000093 719.130234 0.051782
151.502639 2011 1870.528031 47.592200 4401.087955 334.364811 0.137346 0.033109 -24.373549 4.034748 17.661524 2.588434 45.354851 1.142119 36.733995 nan 3.871861 0.000093 719.135904 0.051710
158.502639 2011 1243.456603 64.100151 5913.901387 1179.375602 0.134962 0.022685 -48.585170 3.615328 6.934189 4.567183 47.811873 5.519039 39.874811 nan 3.871852 0.000093 719.141136 0.051823
172.502639 2011 514.793449 27.221301 1548.537436 170.847258 0.128544 0.016647 -52.232858 3.799232 9.161919 4.498813 53.054668 5.198394 46.579739 nan 3.871838 0.000093 719.148974 0.052089
179.502639 2011 345.173278 8.242338 970.726680 40.445222 0.160764 0.016932 -25.517050 2.240995 15.900523 1.753067 56.099494 1.265140 56.382982 nan 3.871829 0.000094 719.153871 0.052147
186.502639 2011 439.737710 12.947100 1141.517929 83.076412 0.122321 0.005981 -25.015636 2.309355 15.209846 1.946895 55.362316 1.584435 56.553225 nan 3.871827 0.000094 719.155230 0.052408
193.502639 2011 342.481819 7.435309 898.221644 29.978856 0.137644 0.013348 -54.608427 4.352657 15.166030 4.081321 60.883135 3.809985 61.807093 nan 3.871821 0.000095 719.158304 0.052681
200.502639 2011 441.266681 13.660288 1301.647647 90.940050 0.136508 0.013859 -57.922996 2.948420 8.047139 4.306386 61.945152 5.664353 64.284548 nan 3.871825 0.000095 719.156480 0.052806
207.502639 2011 605.847594 30.611218 2255.197046 394.451293 0.105775 0.016806 -63.371792 4.994352 6.474683 5.796033 63.424732 6.597715 50.736928 nan 3.871820 0.000095 719.159129 0.052924
214.502639 2011 613.369523 33.562392 2615.092156 463.773693 0.059280 0.016776 -63.772567 4.995935 8.672538 5.539239 63.905005 6.082543 48.092437 nan 3.871815 0.000095 719.162099 0.053214
221.502639 2011 604.355127 13.766135 1284.499255 109.797532 0.107132 0.017198 -64.044036 5.872487 8.584607 6.091322 62.942964 6.310158 56.839203 nan 3.871811 0.000096 719.164309 0.053522
228.502639 2011 342.327436 7.482091 697.168354 31.228239 0.125269 0.010504 -59.801325 3.563843 2.510897 4.608816 57.262081 5.653789 71.623042 nan 3.871818 0.000096 719.160410 0.053711
235.502639 2011 354.947977 34.219783 2087.262203 708.295034 0.092239 0.017049 -61.769532 6.097271 8.289743 5.822850 62.424582 5.548428 56.148854 nan 3.871816 0.000097 719.161771 0.053946
242.502639 2011 311.646509 33.950236 2763.070233 923.996413 -0.018210 0.022256 -58.162587 5.439486 -4.451709 5.760205 62.101438 6.080925 25.834115 nan 3.871823 0.000098 719.157952 0.054386
249.502639 2011 706.821865 46.963721 3932.314123 1155.932595 0.081838 0.009658 -54.608381 4.994182 2.808830 4.679288 58.544417 4.364393 49.438290 nan 3.871824 0.000098 719.157444 0.054835
256.502639 2011 2135.649947 63.557383 6407.628364 498.947750 0.136806 0.008746 -52.288128 1.324296 0.941301 2.274511 53.379846 3.224726 78.805991 nan 3.871830 0.000099 719.153758 0.055187
263.502639 2011 744.162376 39.348805 3773.253330 1045.398382 0.093287 0.014920 -55.042251 6.257703 7.965282 4.988181 54.671287 3.718659 51.956808 nan 3.871827 0.000100 719.155949 0.055614
270.502639 2011 1597.863135 59.277569 5803.657071 487.770879 0.129762 0.017412 -43.763974 3.050831 -1.034539 3.547094 52.670274 4.043358 62.951508 nan 3.871829 0.000101 719.154887 0.056222
277.502639 2011 826.136920 20.040408 2042.776332 189.802118 0.155111 0.018479 -42.510440 0.512336 -2.208227 0.821336 42.633403 1.130337 70.666794 nan 3.871823 0.000102 719.158535 0.056779
284.502639 2011 279.376438 7.029742 737.892773 54.067193 0.117284 0.010753 -38.324913 3.008162 -2.107732 2.834119 45.858386 2.660077 52.617972 nan 3.871821 0.000103 719.159726 0.057178
291.502639 2011 80.794711 1.686582 193.529787 11.253817 -0.139286 0.073107 -45.427840 3.542392 -3.181984 3.182745 35.133219 2.823098 28.169061 nan 3.871816 0.000104 719.162716 0.057689
298.502639 2011 400.124632 14.562590 1894.961635 301.324837 0.001437 0.041397 -33.483659 1.714128 0.802355 1.926060 39.118366 2.137992 47.695020 nan 3.871813 0.000105 719.164051 0.058321
312.502639 2011 763.925690 66.859199 5329.522526 2301.796423 0.127991 0.003358 -36.175883 1.089718 1.121799 0.914792 34.195547 0.739867 53.066962 nan 3.871804 0.000106 719.169625 0.059276
319.502639 2011 937.038558 109.756985 13142.506400 4646.246759 -0.050823 0.047327 -34.421182 3.831882 6.022797 3.530843 36.429440 3.229803 36.954906 nan 3.871795 0.000107 719.174701 0.059838
326.502639 2011 1889.319329 177.669098 28082.186000 8154.817655 -0.101649 0.043985 -38.100223 3.963761 8.514304 3.842422 38.660776 3.721082 32.776298 nan 3.871788 0.000109 719.178714 0.060504
333.502639 2011 908.934342 89.638399 6628.725112 2729.526344 0.076508 0.014855 -25.064480 3.325690 10.970815 3.280736 41.714339 3.235781 27.546486 nan 3.871774 0.000110 719.186729 0.061100
354.502639 2011 204.646809 24.399443 1512.970112 690.895142 -0.058532 0.084926 -49.760510 3.508136 12.596292 3.362549 49.341597 3.216963 18.237067 nan 3.871753 0.000113 719.199183 0.062864
10.502639 2012 352.151056 43.348309 2732.825064 1300.782724 0.014954 0.005790 -61.039447 4.096919 15.626590 3.924819 57.662633 3.752719 12.999759 nan 3.871740 0.000115 719.206913 0.064257
17.502639 2012 1530.036887 124.868689 14744.970080 2956.235781 -0.002688 0.014499 -63.165372 4.275465 13.373669 4.044240 64.843961 3.813015 25.895138 nan 3.871737 0.000116 719.208735 0.064790
24.502639 2012 2432.077728 165.771835 18979.288778 4495.268186 0.070413 0.016239 -67.600609 4.455336 12.002099 4.898064 67.467103 5.340793 48.597213 nan 3.871737 0.000117 719.208896 0.065103
31.502639 2012 542.697509 27.089328 1778.142017 411.566500 0.303810 0.195745 -67.363189 5.171739 14.489389 5.232637 68.708646 5.293535 60.276188 nan 3.871734 0.000117 719.210356 0.065254
38.502639 2012 405.705144 13.159154 1042.111773 111.370482 0.098219 0.018188 -69.019388 5.610928 22.530327 4.840479 69.114149 4.070029 56.779248 nan 3.871736 0.000118 719.209246 0.065590
45.502639 2012 833.732971 26.241207 2704.995772 194.651880 0.115538 0.014194 -68.615907 5.476279 14.507916 4.766758 68.208317 4.057237 62.924193 nan 3.871735 0.000118 719.209831 0.065939
52.502639 2012 801.763746 27.029061 1967.675453 203.319832 0.129694 0.012435 -68.222060 4.420043 4.621687 4.912773 67.186209 5.405503 70.195005 nan 3.871739 0.000119 719.207905 0.066072
59.502639 2012 918.970091 35.348123 2537.658103 362.596132 0.130853 0.014834 -50.115345 5.369084 11.859410 3.535996 64.556832 1.702908 70.465963 nan 3.871746 0.000119 719.203784 0.066083
66.502639 2012 2887.647853 170.765653 18252.498652 4544.696443 0.220899 0.077425 -55.604844 1.840356 0.016336 2.886210 55.505251 3.932063 72.296003 nan 3.871749 0.000119 719.202508 0.066349
73.502639 2012 1986.414329 61.740443 6164.708800 485.477661 0.105081 0.017497 -60.641691 6.405818 2.825768 6.175130 61.178950 5.944441 47.010078 nan 3.871754 0.000120 719.199706 0.066615
80.502639 2012 1986.341059 49.301036 4975.114487 303.676436 0.103819 0.016315 -50.309639 6.225012 6.026626 5.297155 57.490112 4.369297 53.588083 nan 3.871756 0.000120 719.198662 0.066654
87.502639 2012 2479.249300 106.501071 8408.569033 1454.869773 0.182667 0.021794 -49.587186 4.219287 -5.841590 4.563151 43.160590 4.907015 58.811489 nan 3.871751 0.000120 719.201417 0.066633
94.502639 2012 2263.961588 125.413192 12515.200240 2651.393861 0.111846 0.018689 -51.234093 3.628059 -7.691319 4.013682 51.779136 4.399306 55.614905 nan 3.871755 0.000120 719.199130 0.066819
101.502639 2012 1354.469334 73.812056 7448.174615 1965.534054 0.119893 0.019755 -43.871534 4.378539 -2.967580 4.563418 46.769537 4.748296 45.708533 nan 3.871808 0.000120 719.169411 0.066892
108.066528 2012 726.967699 52.851051 2552.083789 638.205906 0.093599 0.031620 -43.479118 6.608504 1.366184 5.880859 44.006021 5.153215 42.547556 nan 3.872043 0.000155 719.038575 0.086194
116.369306 2012 2824.042667 87.135991 11564.743931 644.642935 0.140492 0.019852 -40.056354 1.240382 -6.601690 3.091072 42.259468 4.941761 50.220039 nan 3.871826 0.000122 719.159464 0.067739
136.502639 2012 712.515023 16.436404 1499.521095 54.744873 0.104882 0.021823 -45.796620 3.456004 6.369031 3.987279 45.841085 4.518555 41.911512 nan 3.871911 0.000119 719.112149 0.066476
150.502639 2012 289.150150 6.124790 634.343681 41.647337 0.087173 0.016746 -47.431415 2.542693 11.898713 2.568495 48.888145 2.594298 46.382002 nan 3.871895 0.000120 719.121239 0.066608
157.502639 2012 987.533299 23.105720 2454.898000 56.061365 0.108670 0.021290 -50.373915 3.385059 5.767692 4.482949 50.695260 5.580839 42.284534 nan 3.871879 0.000120 719.129995 0.066797
164.502639 2012 946.669759 25.209312 2473.643147 250.334382 0.109167 0.013485 -54.165088 2.530401 10.495222 3.469711 53.911378 4.409021 53.802563 nan 3.871872 0.000120 719.133641 0.066772
171.502639 2012 1308.619935 37.795385 4555.303741 444.122856 0.143590 0.009581 -26.908412 1.797884 15.108446 1.523799 54.347256 1.249713 59.816490 nan 3.871864 0.000120 719.138140 0.066916
178.122083 2012 479.736218 12.191171 1469.562815 94.021201 0.127546 0.002905 -24.324084 1.645165 16.253941 1.340769 56.271744 1.036373 59.880409 nan 3.871805 0.000128 719.171559 0.071116
185.502639 2012 1148.512036 26.579975 2845.133342 143.705508 0.147756 0.010111 -30.686582 2.243594 16.828588 1.756129 63.119587 1.268663 66.259572 nan 3.871858 0.000121 719.141713 0.067437
192.502639 2012 1702.759118 46.377583 5213.933214 423.963018 0.099510 0.016033 -58.987752 3.615969 11.915254 4.664640 63.607400 5.713311 57.212997 nan 3.871859 0.000121 719.141397 0.067426
199.502639 2012 3449.968666 106.276503 15634.331000 638.481146 0.110484 0.008479 -64.438718 3.150466 6.766559 4.870793 62.881239 6.591120 60.275018 nan 3.871853 0.000121 719.144696 0.067622
206.502639 2012 1823.018383 50.784655 7136.800069 340.091975 0.139186 0.012858 -63.981302 3.675182 12.389188 4.017217 65.764741 4.359251 73.964882 nan 3.871852 0.000122 719.145548 0.067907
213.502639 2012 920.522716 28.662339 3295.138214 183.553547 0.123180 0.010107 -64.538301 3.335849 8.047344 4.371245 61.621818 5.406641 72.914495 nan 3.871852 0.000122 719.145446 0.068159
220.502639 2012 523.359863 18.540227 1432.304383 160.348832 0.087290 0.016409 -65.078135 3.818515 4.884995 4.921184 60.973726 6.023853 63.743969 nan 3.871862 0.000122 719.140151 0.068200
227.502639 2012 530.722983 25.554332 1345.639171 202.801624 0.122031 0.011910 -64.672097 4.093293 8.996009 4.025034 59.668835 3.956774 76.160363 nan 3.871864 0.000123 719.138776 0.068543
234.502639 2012 740.813262 44.156109 2446.280124 707.567256 0.135119 0.015961 -52.530334 5.038751 9.852302 4.226923 60.937569 3.415094 74.165314 nan 3.871869 0.000124 719.136433 0.068971
241.247083 2012 320.728494 10.522617 773.518608 95.389420 0.136218 0.006286 -41.733367 4.705365 8.575597 3.109565 60.656899 1.513765 79.830442 nan 3.871866 0.000129 719.137904 0.072051
255.502639 2012 1011.620752 56.121950 4507.678841 1415.384447 0.159127 0.012847 -58.435423 3.464236 -4.207587 4.070525 49.273217 4.676814 77.132200 nan 3.871874 0.000126 719.133944 0.070105
262.502639 2012 628.666704 26.490905 1338.767316 120.579116 0.148084 0.016446 -54.722120 5.449170 -0.190600 5.325588 56.202393 5.202007 65.216699 nan 3.871874 0.000127 719.134037 0.070767
269.491528 2012 515.239884 41.994033 4064.207833 1923.353364 0.060453 0.018180 -52.257329 5.352866 -0.687045 4.933468 52.004082 4.514071 48.729571 nan 3.871844 0.000128 719.150910 0.071237
276.502639 2012 790.693483 45.068596 3741.422996 754.963612 0.315972 0.211477 -50.152348 2.758386 -9.643298 3.406521 38.658511 4.054655 54.251276 nan 3.871869 0.000128 719.137329 0.071535
283.149861 2012 2460.690386 95.466356 13413.320200 1303.141672 0.071270 0.016428 -47.033643 4.208742 -4.556148 4.575822 47.267131 4.942903 46.075969 nan 3.871712 0.000136 719.224716 0.075984
290.502639 2012 2746.418349 76.520070 9136.349500 698.219066 0.142956 0.008384 -43.224209 0.942234 -2.803039 1.713687 39.832937 2.485140 67.039641 nan 3.871857 0.000131 719.144272 0.072752
304.502639 2012 1120.514504 44.496839 4870.758281 1034.396149 0.133745 0.013517 -37.266440 3.503036 3.344834 3.019484 41.197675 2.535932 52.409572 nan 3.871843 0.000132 719.152259 0.073561
311.502639 2012 653.384834 57.823879 2028.791200 754.665724 0.109722 0.015324 -37.187751 2.772000 3.459454 2.799687 40.400885 2.827374 50.928260 nan 3.871833 0.000133 719.157992 0.074191
8.344306 2013 136.373768 22.120567 2276.274596 790.904925 -0.084188 0.026054 -60.904454 5.619542 10.556008 5.702848 60.904454 5.786153 14.776487 nan 3.871799 0.000145 719.178570 0.080932
15.324861 2013 373.283289 19.850423 1220.469984 162.620434 0.006111 0.023701 -69.600508 5.311014 7.383361 5.649157 69.258777 5.987301 40.712315 nan 3.871794 0.000146 719.181662 0.081301
29.033194 2013 908.855964 70.493356 4628.578632 1481.774011 0.134156 0.017852 -66.665420 5.722380 10.226582 5.831733 69.181995 5.941086 69.728893 nan 3.871790 0.000154 719.184011 0.085849
36.413750 2013 511.360161 63.386901 3510.132207 2020.663057 0.006237 0.017364 -71.266294 5.790125 4.791604 5.789461 71.054595 5.788798 30.564525 nan 3.871979 0.000146 719.079024 0.081421
50.502639 2013 1527.750918 149.389418 16513.119800 5756.567396 0.032625 0.015261 -66.698470 4.957129 6.754404 5.004743 68.882017 5.052358 34.673390 nan 3.871722 0.000143 719.222115 0.079799
57.502639 2013 3141.753623 232.284850 24106.424478 6287.748073 0.044218 0.015691 -62.992387 5.242330 -0.915925 5.120837 62.256466 4.999344 24.682991 nan 3.871731 0.000145 719.217490 0.080853
64.502639 2013 3614.910595 260.621893 25574.637222 5385.350440 0.160516 0.023584 -63.707706 5.064444 -7.890904 6.190965 61.515513 7.317486 62.611732 nan 3.871734 0.000147 719.215977 0.081847
71.502639 2013 1124.885692 101.439149 10392.225615 2126.612296 0.095159 0.013880 -59.353777 5.118297 -2.637743 4.566787 54.216464 4.015276 57.796994 nan 3.871735 0.000147 719.215633 0.081789
77.227639 2013 3339.111096 205.705402 12460.566875 2389.951175 0.159477 0.034640 -56.284813 8.369302 -5.045454 8.620767 50.289952 8.872232 48.730298 nan 3.871638 0.000184 719.269551 0.102482
85.502639 2013 2695.208564 153.048943 10196.014158 1910.597877 0.099249 0.017750 -53.472240 4.209499 -9.755079 4.871614 50.865729 5.533729 53.992988 nan 3.871736 0.000147 719.215154 0.081818
92.502639 2013 1543.058859 61.700260 4975.039029 816.849693 0.138982 0.019652 -49.096273 1.498034 -13.287685 3.687227 43.403145 5.876420 55.968451 nan 3.871732 0.000147 719.217377 0.081706
99.502639 2013 730.240035 42.459697 3287.474298 602.025064 0.092251 0.011278 -47.834694 4.610077 -1.213851 4.487533 47.182135 4.364989 45.532861 nan 3.871725 0.000147 719.220948 0.081893
106.502639 2013 1245.269035 111.861607 10240.881308 2861.466211 0.081362 0.011715 -42.714093 2.695570 -3.266909 3.236901 42.263728 3.778233 41.440069 nan 3.871719 0.000147 719.224478 0.081885
113.502639 2013 1138.091147 80.321766 4261.883000 1176.257905 0.030480 0.024783 -35.960715 3.705586 6.619196 3.343001 47.227709 2.980415 37.287639 nan 3.871713 0.000147 719.227448 0.081705
120.502639 2013 1219.181188 41.087615 3486.703750 405.625025 0.137963 0.025421 -36.929386 4.136821 8.583605 3.931411 47.816286 3.726001 45.715454 nan 3.871703 0.000147 719.233165 0.081713
127.502639 2013 739.687736 29.952956 1759.722884 113.008605 0.116577 0.016845 -48.190905 4.695557 8.225481 4.647967 49.551864 4.600377 41.725634 nan 3.871691 0.000147 719.239714 0.081770
134.502639 2013 410.925536 15.125174 1105.900747 161.195151 0.068787 0.019191 -51.086826 3.765801 8.306665 4.077923 50.084621 4.390044 37.836124 nan 3.871683 0.000147 719.244564 0.081710
141.502639 2013 862.143301 30.018594 2656.576821 398.910897 0.091667 0.015770 -52.224616 4.389745 6.201369 4.835520 52.530948 5.281295 38.085230 nan 3.871675 0.000147 719.248965 0.081816
148.502639 2013 1515.313156 58.149679 3902.270618 347.031113 0.155333 0.014281 -29.654180 2.126981 13.554010 1.734380 53.852847 1.341779 57.334919 nan 3.871664 0.000147 719.255015 0.082063
155.502639 2013 1495.273445 44.430532 5055.862172 597.263207 0.131173 0.019014 -29.170809 2.491782 16.181037 1.756741 53.316827 1.021701 56.808672 nan 3.871655 0.000148 719.260223 0.082272
162.502639 2013 1257.700152 35.292838 4390.390571 319.249759 0.136859 0.009029 -24.485392 1.582248 16.495042 1.341543 56.298842 1.100837 60.141558 nan 3.871647 0.000148 719.264767 0.082284
169.502639 2013 552.108411 14.421842 1768.750853 95.534048 0.098755 0.007331 -60.880419 3.513146 17.200499 3.366889 60.943822 3.220631 51.506014 nan 3.871645 0.000148 719.265989 0.082551
176.502639 2013 1617.966366 74.550452 4828.755238 1036.836070 0.075474 0.013849 -63.335052 3.610627 7.016860 4.841232 63.476254 6.071837 51.031190 nan 3.871639 0.000149 719.269284 0.082825
183.502639 2013 1913.895552 67.588310 8252.109333 1316.410594 0.114583 0.017854 -61.200122 4.121125 11.384982 5.332826 64.987442 6.544527 59.404207 nan 3.871636 0.000149 719.270879 0.082983
197.502639 2013 1807.885586 50.246597 5339.091656 367.198592 0.080026 0.012657 -64.285060 5.307068 7.302702 5.960914 63.471663 6.614760 54.036193 nan 3.871639 0.000150 719.269564 0.083344
204.502639 2013 1174.913580 56.645044 2805.329571 587.022181 0.088029 0.012486 -65.948485 5.405214 2.886476 6.227681 63.143703 7.050149 59.043008 nan 3.871639 0.000150 719.269638 0.083726
211.502639 2013 665.448798 53.324441 2533.955023 1221.554764 0.096914 0.015037 -64.863928 5.536338 2.309626 6.130322 63.833839 6.724307 68.646969 nan 3.871641 0.000151 719.268501 0.083972
218.502639 2013 1228.676996 73.976526 3056.280125 512.352682 0.125986 0.021192 -63.076884 6.882767 9.386487 6.772939 65.041584 6.663110 60.989401 nan 3.871646 0.000151 719.265858 0.084268
225.502639 2013 1921.862263 110.657380 10081.135355 2237.821474 0.149901 0.024712 -64.106387 6.883896 4.085198 6.631611 62.623182 6.379325 57.507574 nan 3.871828 0.000149 719.164215 0.083195
232.502639 2013 1104.732826 70.050350 2787.749694 1080.695625 0.168889 0.014347 -64.335143 3.685191 2.566419 3.762755 59.156057 3.840319 85.153065 nan 3.871858 0.000150 719.147417 0.083534
239.499861 2013 656.327899 17.292127 1711.053936 118.502968 0.111290 0.009016 -60.587860 2.853454 -0.973193 4.150952 58.723678 5.448450 70.661847 nan 3.871858 0.000151 719.147701 0.084060
246.499861 2013 403.820420 9.646092 927.599960 46.282105 0.134465 0.002082 -52.688346 0.659476 1.804163 0.928658 54.687115 1.197840 81.208369 nan 3.871860 0.000152 719.146588 0.084438
253.502639 2013 215.049732 7.277933 441.728396 42.512550 0.099850 0.014719 -56.953820 5.491536 -2.739887 5.477148 57.457210 5.462760 55.828736 nan 3.871866 0.000152 719.143745 0.084798
260.502639 2013 265.762421 10.356385 920.216657 96.925680 0.077160 0.017385 -55.191370 5.933638 1.078983 5.880849 57.045600 5.828061 45.414331 nan 3.871863 0.000153 719.145638 0.085426
274.499861 2013 994.117894 51.730764 5262.913857 902.108805 -0.132235 0.043056 -45.730232 2.722130 -1.793927 2.928585 47.769094 3.135040 42.892098 nan 3.871850 0.000155 719.152932 0.086365
281.499861 2013 763.220152 40.874268 1802.248600 178.008309 0.084385 0.017676 -47.241493 4.014758 -1.502219 4.144747 47.241493 4.274736 54.044599 nan 3.871845 0.000156 719.156037 0.086774
295.499861 2013 378.926045 21.368434 1342.292533 339.350903 0.085859 0.016279 -45.241755 3.946764 7.384733 3.093105 45.663848 2.239447 50.463927 nan 3.871826 0.000158 719.167414 0.087910
302.499861 2013 653.200360 64.018158 4934.681374 2363.879931 0.088530 0.011898 -31.137645 3.885942 10.074012 2.717995 44.191376 1.550048 43.560757 nan 3.871817 0.000159 719.172457 0.088363
309.499861 2013 269.804066 15.084735 767.219354 119.055357 0.044129 0.010080 -43.193679 3.704546 5.374347 3.567851 42.580910 3.431155 22.631359 nan 3.871808 0.000160 719.177517 0.089105
316.502639 2013 722.234310 22.263174 2118.208303 230.485696 0.109857 0.014941 -44.195392 3.181738 3.059429 4.166035 44.793800 5.150332 44.751758 nan 3.871793 0.000161 719.186423 0.089626
330.499861 2013 135.005801 4.812532 390.993332 34.653103 0.107168 0.013870 -44.999476 3.516452 11.968897 3.697620 50.314035 3.878788 50.856685 nan 3.871777 0.000163 719.195860 0.090636
337.499861 2013 175.997391 11.937413 530.315861 56.069512 -0.004491 0.017562 -54.734663 4.107023 11.653758 4.153729 54.388140 4.200436 20.072784 nan 3.871772 0.000164 719.198759 0.091279
344.499861 2013 505.784928 30.907372 2295.344668 679.577806 0.056018 0.010526 -59.990282 4.336199 -1.442501 5.093265 59.628878 5.850332 29.700480 nan 3.871764 0.000165 719.203363 0.091900
351.499861 2013 310.779073 17.717937 1230.664128 162.196608 -0.004966 0.015035 -63.204960 4.241962 0.393604 4.720425 65.012035 5.198888 26.532176 nan 3.871760 0.000166 719.205818 0.092356
358.499861 2013 124.952097 8.222935 469.539112 76.086069 -0.070238 0.020181 -65.770589 4.057030 16.447473 4.019827 67.436239 3.982624 17.086608 nan 3.871754 0.000166 719.209426 0.092586
0.499861 2014 223.392429 9.307388 1089.352211 125.828923 30.302141 14.715028 -66.409749 4.526166 8.277767 4.977486 69.590521 5.428807 38.988921 nan 3.871760 0.000166 719.205997 0.092772
7.502639 2014 495.176653 45.893555 2153.872323 741.062644 0.044349 0.007855 -60.684806 5.154577 15.848535 4.960644 71.846286 4.766710 32.564683 nan 3.871756 0.000168 719.208777 0.093427
28.499861 2014 881.855983 80.136515 5789.127391 858.698973 -0.087179 0.022337 -61.012609 5.091437 -4.334837 5.175142 70.968353 5.258846 24.567841 nan 3.871771 0.000169 719.200642 0.094045
34.547083 2014 652.618510 80.355221 3600.162922 807.807488 -0.121711 0.034415 -64.012136 7.088493 2.744040 7.152237 67.400518 7.215981 13.950253 nan 3.871919 0.000198 719.117822 0.110548
42.499861 2014 521.634867 15.320356 1305.802317 125.607794 0.200926 0.022336 -49.786265 7.946745 14.994379 4.693521 67.284170 1.440298 69.501013 nan 3.871778 0.000169 719.196667 0.094451
49.499861 2014 864.018878 31.338258 4881.346550 886.454633 0.089693 0.015857 -66.464955 5.840775 -1.354069 6.024395 67.251535 6.208015 55.321528 nan 3.871783 0.000170 719.193704 0.094558
56.499861 2014 839.172993 30.081660 2949.824959 448.177082 0.084877 0.012732 -65.013820 5.945884 6.754710 5.195056 62.960789 4.444228 59.132433 nan 3.871787 0.000170 719.191847 0.094573
63.502639 2014 298.812285 11.427789 714.775816 126.637237 0.133730 0.017286 -56.091541 7.578547 12.156020 4.631533 58.684831 1.684519 64.520636 nan 3.871792 0.000170 719.189368 0.094872
77.499861 2014 291.865738 25.194462 2495.963214 706.616500 -0.190437 0.034912 -55.509032 3.584277 1.719813 3.316657 44.941109 3.049038 32.901017 nan 3.871786 0.000170 719.192532 0.094754
84.499861 2014 576.373369 45.996726 4025.656580 1130.688814 0.013141 0.017806 -53.406282 3.953182 -2.658700 4.019427 50.001131 4.085672 32.230570 nan 3.871782 0.000170 719.194875 0.094852
91.499861 2014 256.305820 27.383542 1055.308328 259.542929 -0.033427 0.019514 -42.831277 3.852386 1.198653 3.842561 50.597128 3.832737 30.459576 nan 3.871774 0.000170 719.198818 0.094757
98.499861 2014 1141.184942 122.595456 9934.050571 3602.663539 0.011309 0.024025 -40.417137 3.442255 -2.366477 3.908214 50.492290 4.374173 37.992932 nan 3.871767 0.000170 719.202912 0.094783
105.499861 2014 998.347560 45.970258 4099.556125 667.415163 0.093056 0.016162 -50.915371 3.254830 1.607018 3.889261 50.789488 4.523693 55.333993 nan 3.871760 0.000170 719.206890 0.094611
112.499861 2014 643.239328 30.428131 2047.815456 387.237970 0.132936 0.016832 -51.278662 4.172076 5.663526 4.099418 51.083958 4.026761 51.909362 nan 3.871750 0.000170 719.212484 0.094618
119.502639 2014 532.347947 19.392849 1536.029624 162.395670 0.126749 0.022465 -51.544901 3.505075 2.896472 4.506457 50.268689 5.507838 44.373138 nan 3.871738 0.000170 719.219144 0.094649
133.499861 2014 797.031397 66.104132 3688.309188 1392.355838 0.114670 0.010427 -54.854804 3.500261 7.223754 4.261500 54.769390 5.022738 51.042996 nan 3.871722 0.000170 719.228043 0.094968
140.499861 2014 254.111711 15.956339 1781.431489 405.475283 -0.228704 0.068214 -54.305092 4.363535 17.505338 4.392011 56.618975 4.420487 36.216064 nan 3.871712 0.000171 719.233885 0.095288
154.499861 2014 75.785437 5.208161 299.119402 45.114010 -0.594828 0.107652 -55.188233 4.731746 3.861876 4.505012 60.946412 4.278277 25.405059 nan 3.871698 0.000171 719.241881 0.095504
168.502639 2014 350.279887 31.875036 2496.819450 816.928925 -0.067593 0.024220 -60.241576 4.135333 3.571912 4.402448 66.460613 4.669562 25.359612 nan 3.871686 0.000172 719.248500 0.095989
189.499861 2014 365.598144 42.126814 3105.909303 1027.292273 -0.090158 0.019334 -66.273602 4.233712 14.176118 4.306932 67.691907 4.380151 19.406102 nan 3.871693 0.000173 719.245124 0.096507
196.499861 2014 283.545308 27.134021 1154.433344 257.525299 -0.140532 0.026120 -68.555579 4.620831 16.956686 4.762884 68.257806 4.904936 20.176691 nan 3.871695 0.000174 719.244137 0.096808
203.499861 2014 626.242956 65.384682 6419.132933 1932.270966 -0.141631 0.092499 -67.227262 5.178273 -7.274437 5.067656 68.094666 4.957039 13.923947 nan 3.871698 0.000174 719.242314 0.097090
210.499861 2014 110.728700 12.047907 390.016221 77.228120 -0.144820 0.024800 -61.170620 4.075311 1.394395 4.194796 68.174004 4.314280 18.856833 nan 3.871703 0.000175 719.239884 0.097321
217.499861 2014 220.254936 7.419052 750.314458 31.823951 0.051852 0.008904 -65.121182 5.034507 4.856280 5.136841 61.848840 5.239176 30.657048 nan 3.871707 0.000175 719.237742 0.097731
224.499861 2014 162.495871 9.884353 468.350476 28.646100 0.029598 0.006199 -63.457112 4.917705 6.313024 4.911147 66.779275 4.904588 21.844889 nan 3.871710 0.000176 719.236349 0.098281
231.502639 2014 177.272535 7.670712 676.201369 40.113412 -0.140207 0.033955 -64.417886 5.597431 -15.666015 5.888052 62.725102 6.178674 22.647966 nan 3.871715 0.000177 719.233647 0.098658
245.499861 2014 688.459833 16.669515 1615.491510 82.757325 0.100521 0.014668 -62.173748 1.329486 -8.258407 3.483101 49.871969 5.636716 68.481951 nan 3.871713 0.000179 719.235365 0.099589
252.499861 2014 433.552252 12.020919 1122.792860 115.631408 0.112130 0.011600 -59.344498 2.753524 -5.338779 3.643034 46.319110 4.532545 69.661720 nan 3.871710 0.000180 719.237215 0.100122
259.499861 2014 455.753941 17.296079 1705.712123 164.979979 0.024074 0.036935 -53.591117 3.594773 -7.915791 4.539535 45.154035 5.484298 50.682043 nan 3.871704 0.000180 719.240535 0.100533
266.499861 2014 667.142066 19.035516 1943.950905 134.076483 0.130144 0.001903 -45.521616 1.068819 -1.264720 0.949384 43.463967 0.829949 71.560300 nan 3.871699 0.000181 719.243403 0.100842
273.499861 2014 914.767079 42.028371 2624.564527 448.360742 0.131838 0.002057 -43.419283 1.088704 0.064167 0.916650 44.150219 0.744597 69.617899 nan 3.871693 0.000182 719.247217 0.101425
280.499861 2014 551.378559 29.229248 1131.521436 65.139990 0.103640 0.013887 -40.373510 3.579354 5.223338 2.295696 48.508720 1.012037 59.463159 nan 3.871684 0.000183 719.252233 0.101869
287.502639 2014 849.924846 34.953724 3272.857842 593.006184 0.121296 0.018317 -41.007057 4.217081 7.808337 2.554464 43.894828 0.891846 58.437530 nan 3.871673 0.000184 719.259006 0.102493
301.499861 2014 1526.439353 108.975422 5313.600143 1961.899744 0.068732 0.015846 -44.245398 4.214809 11.828952 3.577478 45.548304 2.940146 43.852619 nan 3.871653 0.000186 719.270805 0.103591
308.499861 2014 711.002545 22.419232 2059.569881 282.505164 0.111310 0.016985 -36.012399 3.199461 13.181824 2.136489 47.963764 1.073518 51.820342 nan 3.871642 0.000187 719.277225 0.104168
315.499861 2014 633.722886 22.769382 1986.822910 300.884314 0.107315 0.010687 -32.764462 3.454745 14.156398 2.186519 48.692331 0.918292 52.882272 nan 3.871631 0.000188 719.283183 0.104541
321.027639 2014 916.799116 27.177788 2060.095500 101.434990 0.132778 0.003431 -33.608566 2.284098 11.992036 1.823554 49.932801 1.363010 61.111931 nan 3.871470 0.000249 719.373666 0.138501
329.499861 2014 317.123168 7.708973 866.351859 51.276889 0.122428 0.002233 -29.274078 1.468367 15.188956 1.168353 53.988407 0.868338 58.958608 nan 3.871616 0.000190 719.291967 0.105618
335.683194 2014 373.142096 25.771890 1020.140182 132.505528 0.111111 0.009780 -43.296624 3.651117 17.984752 2.323554 55.171175 0.995991 57.086684 nan 3.871765 0.000218 719.209782 0.121720
343.502639 2014 1272.393856 35.594235 3125.583634 187.814269 0.126204 0.015715 -49.481747 3.726020 17.413121 3.581015 64.216244 3.436010 62.333636 nan 3.871793 0.000189 719.193377 0.105304
350.502639 2014 645.485722 19.039696 1609.687998 203.931990 0.093133 0.011025 -67.493072 5.177233 20.399859 4.780805 68.516513 4.384377 54.497711 nan 3.871790 0.000190 719.195150 0.105798
357.502639 2014 699.363562 20.907578 2296.080403 404.064419 0.064865 0.015791 -70.581680 4.011503 15.249333 4.455381 68.731888 4.899260 60.691881 nan 3.871791 0.000191 719.195151 0.106463
364.502639 2014 970.971893 25.315684 2845.956219 286.402127 0.116379 0.014332 -38.577927 4.826094 21.123437 2.937817 64.527044 1.049541 67.396959 nan 3.871795 0.000191 719.193008 0.106600
6.502639 2015 1239.122046 47.169318 5824.023618 1843.288707 0.097656 0.018176 -70.627582 3.745232 18.507646 4.063553 74.759501 4.381873 67.994741 nan 3.871797 0.000192 719.192182 0.106873
13.316528 2015 755.055955 37.808701 4129.593059 568.149536 0.111458 0.016167 -59.134805 4.217230 14.753904 4.749674 73.600982 5.282117 76.182358 nan 3.871937 0.000197 719.113800 0.109690
146.500000 2015 176.069012 7.333922 568.468478 106.459175 0.084074 0.010977 -22.304496 2.779537 19.335353 2.083028 61.023011 1.386519 52.343151 nan 3.871727 0.000195 719.231811 0.108698
153.500000 2015 113.615163 4.296145 251.873014 19.265638 0.050958 0.013742 -24.250340 2.543492 19.798085 2.022217 58.288456 1.500943 37.275580 nan 3.871719 0.000195 719.236409 0.108821
160.500000 2015 916.677849 26.037221 2904.782800 339.122456 0.117078 0.009996 -31.107730 3.020208 17.002851 3.219278 66.693769 3.418349 64.319578 nan 3.871720 0.000195 719.235749 0.108891
167.500000 2015 885.957503 26.933779 2005.213380 196.476224 0.076626 0.014811 -66.813840 4.344834 8.812091 5.616605 67.514851 6.888377 58.614414 nan 3.871722 0.000196 719.234826 0.109048
174.500000 2015 1981.396175 64.190626 10377.346333 597.481854 0.092381 0.015728 -67.816040 4.864323 13.281977 5.186238 68.000332 5.508154 66.269028 nan 3.871726 0.000196 719.232873 0.109129
181.500000 2015 1222.348281 30.479815 4238.367793 179.522302 0.137714 0.014108 -35.725651 3.009435 17.207402 2.094607 66.867470 1.179779 82.719788 nan 3.871729 0.000196 719.231178 0.109271
188.500000 2015 753.558173 22.015422 2151.115206 295.310558 0.103226 0.017137 -69.018561 4.606338 9.796179 5.575343 68.461438 6.544349 69.412823 nan 3.871736 0.000196 719.227100 0.109384
195.500000 2015 1156.913311 33.209357 3261.397724 474.073550 0.137860 0.002917 -41.010091 1.087768 11.745604 1.364545 66.858496 1.641321 89.661915 nan 3.871744 0.000197 719.222716 0.109696
202.500000 2015 836.055913 28.410667 2406.939253 428.525048 0.124897 0.003202 -40.595004 1.163450 9.780290 1.315619 65.672841 1.467788 83.031585 nan 3.871750 0.000197 719.219623 0.109991
209.500000 2015 505.214553 10.635686 1151.075625 45.773967 0.133128 0.002754 -46.113193 0.953764 6.790126 1.286236 64.003947 1.618707 88.386404 nan 3.871759 0.000198 719.214859 0.110225
216.500000 2015 496.824491 14.867171 1088.981219 115.249080 0.156444 0.012723 -46.619145 3.246938 4.406211 3.550433 60.675521 3.853927 84.275999 nan 3.871765 0.000198 719.211438 0.110564
223.500000 2015 611.890766 16.764118 1679.321827 137.424088 0.129218 0.003195 -48.217505 1.263545 2.299055 1.387660 58.042025 1.511776 84.836940 nan 3.871771 0.000199 719.208663 0.111050
230.500000 2015 2919.550376 80.356996 10686.724500 675.109044 0.135905 0.003536 -66.368779 1.452568 0.277081 1.498244 59.041151 1.543920 87.105906 nan 3.871772 0.000200 719.208261 0.111514
237.500000 2015 1947.582651 68.523185 8746.572036 1208.348610 0.120988 0.005133 -64.388797 1.758374 -1.624671 1.704727 52.264704 1.651079 76.081394 nan 3.871772 0.000201 719.208562 0.111863
244.500000 2015 1407.966090 39.116032 5062.685857 458.288267 0.133333 0.002190 -51.581465 1.245346 -2.048783 1.171219 49.695536 1.097093 81.513687 nan 3.871768 0.000202 719.210688 0.112291
251.500000 2015 2605.991065 86.584511 12532.235880 1005.501745 0.117798 0.015452 -57.498139 1.474749 -6.662285 2.957447 41.972968 4.440146 66.636389 nan 3.871763 0.000202 719.213890 0.112768
258.500000 2015 1864.797740 48.236525 5851.346931 369.946534 0.146222 0.015693 -54.170007 1.314939 -6.278506 3.165080 45.407773 5.015222 68.370652 nan 3.871751 0.000204 719.220906 0.113406
265.500000 2015 1321.521069 37.937869 4594.166571 475.334631 0.145111 0.009898 -51.624329 1.343503 -2.409161 2.222131 42.804005 3.100759 70.801061 nan 3.871742 0.000204 719.225821 0.113508
272.500000 2015 482.612014 13.102169 1198.709990 59.876612 0.125427 0.002376 -45.285821 1.303444 0.009284 0.940751 37.744220 0.578059 66.753906 nan 3.871730 0.000204 719.233019 0.113917
279.500000 2015 2640.345391 87.807743 10173.508038 1225.278294 0.120165 0.011156 -49.593513 1.459508 0.221070 1.792176 40.398004 2.124844 63.768437 nan 3.871716 0.000206 719.241204 0.114622
286.500000 2015 3334.677272 88.988363 11416.419393 379.962300 0.132479 0.002568 -47.390891 1.685266 3.614985 1.132959 41.644965 0.580652 65.007254 nan 3.871701 0.000207 719.249858 0.115141
293.500000 2015 1237.545176 35.159198 4331.719107 387.441934 0.131517 0.002357 -42.286959 1.461551 5.879645 1.059594 42.461690 0.657636 63.225906 nan 3.871685 0.000208 719.258923 0.115745
300.500000 2015 379.791481 9.854403 1315.771536 76.524465 0.113066 0.003508 -35.559114 1.591510 8.406369 1.286842 45.876194 0.982174 55.357630 nan 3.871672 0.000209 719.266352 0.116342
307.500000 2015 1565.930023 51.542919 7498.933368 575.212535 0.129424 0.004107 -39.873685 1.823165 10.008077 1.455634 53.310371 1.088103 62.138425 nan 3.871661 0.000210 719.273084 0.117021
314.500000 2015 3246.151829 84.838604 10432.864345 447.144485 0.141152 0.012682 -37.747432 2.972180 13.934379 2.050747 57.331638 1.129313 62.947634 nan 3.871650 0.000211 719.279690 0.117750
321.500000 2015 1656.535989 46.227963 5774.758655 332.688633 0.149111 0.013144 -31.518022 2.209020 16.764987 1.633228 59.960589 1.057437 61.041514 nan 3.871641 0.000212 719.284967 0.118318
328.500000 2015 596.150617 17.541687 2458.892452 95.062608 0.078982 0.013624 -25.281396 2.130900 18.324566 1.556485 51.858801 0.982071 51.947778 nan 3.871636 0.000214 719.288203 0.119008
335.500000 2015 515.042701 12.995433 1339.382561 113.962922 0.110920 0.007887 -47.611821 4.292156 17.487952 3.960252 65.231802 3.628349 59.283548 nan 3.871634 0.000215 719.289767 0.119561
342.500000 2015 850.098504 18.868965 2008.529202 77.958695 0.151709 0.009258 -38.861352 2.160961 16.624041 1.604204 69.979466 1.047448 77.133829 nan 3.871634 0.000215 719.289647 0.119892
349.500000 2015 707.147194 21.143955 1678.681848 139.379713 0.144889 0.010231 -35.783680 2.205866 17.230467 1.625016 71.848919 1.044166 78.001491 nan 3.871636 0.000216 719.288672 0.120239
356.500000 2015 2160.869499 70.450916 8352.673833 605.965423 0.116762 0.009614 -73.563337 3.602527 8.181592 5.401750 75.006710 7.200973 71.850425 nan 3.871643 0.000216 719.285135 0.120460
363.500000 2015 1576.479011 53.242476 5132.776000 709.859987 13.164881 13.024560 -56.458477 5.436924 19.137588 3.435603 68.683644 1.434283 72.663968 nan 3.871649 0.000217 719.282019 0.121001
5.500000 2016 1553.074822 41.362261 4923.852966 370.772610 0.156713 0.012619 -43.310843 3.813214 13.574577 2.659648 71.506736 1.506081 84.343708 nan 3.871657 0.000218 719.277473 0.121214
12.500000 2016 661.920558 14.264519 1705.186633 87.069241 0.134028 0.019265 -73.769960 6.484650 8.538758 6.753198 76.576932 7.021746 68.633864 nan 3.871665 0.000218 719.273207 0.121459
19.500000 2016 837.085667 28.539764 3168.948781 452.487115 0.117333 0.004387 -47.867006 1.528992 6.830665 1.895000 69.208617 2.261008 79.069389 nan 3.871675 0.000219 719.267988 0.121777
26.500000 2016 705.480987 16.417869 1598.923811 115.694051 0.143403 0.014645 -52.756740 4.722539 6.913992 3.371973 67.890879 2.021406 75.865704 nan 3.871684 0.000219 719.263109 0.122039
33.500000 2016 258.851820 6.252928 649.391849 28.659912 0.113683 0.004443 -53.932567 1.436208 0.865412 1.681077 58.283145 1.925946 75.819993 nan 3.871690 0.000219 719.260051 0.122269
40.500000 2016 465.964849 12.828732 1153.627359 93.803963 0.125309 0.012322 -58.294075 4.036341 0.058008 3.783695 54.915312 3.531049 69.348616 nan 3.871694 0.000220 719.257925 0.122441
47.500000 2016 1644.121834 54.248162 7229.269905 597.024254 0.138675 0.007885 -56.885550 3.208463 -0.680231 2.153152 51.586847 1.097841 80.378740 nan 3.871697 0.000220 719.256211 0.122615
54.500000 2016 1530.697882 40.299164 4514.381621 264.049449 0.129167 0.002063 -55.005209 1.257773 -2.932246 1.079674 46.417799 0.901575 80.191261 nan 3.871699 0.000220 719.255199 0.122655
61.500000 2016 636.537848 18.065674 2201.255069 111.260557 0.118910 0.008779 -48.916174 1.280062 -3.824340 1.821697 40.364098 2.363332 65.034385 nan 3.871889 0.000221 719.149484 0.122998
68.500000 2016 1180.064634 33.985849 4035.960444 368.207340 0.122119 0.003094 -51.546407 1.404999 -2.065021 1.199879 41.857256 0.994759 71.099649 nan 3.871882 0.000221 719.153347 0.122920
75.500000 2016 2087.716017 141.093645 8714.431067 2467.159692 0.146644 0.013966 -47.990347 4.279305 1.756252 2.505723 41.496918 0.732141 65.383925 nan 3.871872 0.000220 719.158759 0.122824
82.500000 2016 1039.438270 44.331457 2492.791387 180.757524 0.138333 0.009598 -42.583671 2.777431 1.387977 1.791576 51.324347 0.805722 67.475161 nan 3.871862 0.000220 719.164547 0.122837
88.447222 2016 373.709349 9.768020 770.636274 37.427549 0.126901 0.007940 -55.822998 1.936123 -1.950910 3.443077 41.842520 4.950031 65.890637 nan 3.871586 0.000263 719.318060 0.146514
96.500000 2016 953.284793 31.131871 2405.301789 259.745219 0.131173 0.002838 -38.260623 1.495454 4.261237 1.176164 52.811139 0.856874 65.868235 nan 3.871827 0.000220 719.183556 0.122572
103.500000 2016 1231.180684 41.775821 4940.893400 503.525731 0.131790 0.003513 -38.064546 1.495793 5.359073 1.247314 50.800339 0.998836 65.064838 nan 3.871814 0.000220 719.190782 0.122737
117.500000 2016 367.323527 6.928467 652.444002 35.276105 0.146261 0.009902 -32.534227 2.099799 9.713563 1.502526 51.757709 0.905252 66.074806 nan 3.871785 0.000221 719.207117 0.123073
124.500000 2016 1305.588304 35.258244 3487.362469 228.493653 0.140598 0.009694 -32.315800 2.112840 11.368291 1.663183 55.162115 1.213525 65.310964 nan 3.871772 0.000221 719.214564 0.123163
131.500000 2016 3273.516883 90.624802 12089.504429 621.743369 0.108611 0.014574 -55.417504 2.276531 11.708932 2.953451 58.987990 3.630372 64.104063 nan 3.871764 0.000221 719.219510 0.123372
138.500000 2016 1520.473894 40.131312 5336.988552 264.051307 0.129527 0.003611 -31.875995 1.683924 14.543619 1.497171 60.045929 1.310418 68.508421 nan 3.871758 0.000222 719.222941 0.123555
145.500000 2016 677.186905 16.411161 2193.066655 84.870532 0.127881 0.003755 -34.380052 1.703493 15.537212 1.480114 63.544873 1.256735 70.730329 nan 3.871753 0.000222 719.225417 0.123669
152.500000 2016 467.396446 9.332820 864.205239 47.919892 0.137860 0.002573 -32.871388 1.418800 15.657934 1.333379 66.476948 1.247958 78.861980 nan 3.871752 0.000222 719.225905 0.123686
159.500000 2016 875.307469 24.879100 2072.569503 225.698656 0.133127 0.004328 -53.697661 2.085925 15.932421 1.689245 63.292417 1.292565 79.806759 nan 3.871756 0.000222 719.223803 0.123786
173.500000 2016 323.453288 6.992713 666.544052 37.127287 0.115996 0.017814 -61.927291 4.219138 13.320794 4.708685 68.651712 5.198231 75.971938 nan 3.871769 0.000223 719.216918 0.124026
180.500000 2016 291.924537 6.781029 816.939243 37.139520 0.130853 0.008611 -48.087362 4.192737 15.813077 2.943608 71.438833 1.694479 87.597209 nan 3.871777 0.000223 719.212453 0.124114
187.500000 2016 339.215574 11.462771 1030.584278 133.095618 0.121154 0.023417 -41.651522 2.561096 12.026518 2.310510 69.322166 2.059924 86.154408 nan 3.871787 0.000223 719.206784 0.124374
194.500000 2016 861.539009 18.761179 2000.718519 58.816827 0.151923 0.009043 -48.093254 3.306328 9.982693 2.504938 65.771503 1.703548 92.800417 nan 3.871797 0.000224 719.201522 0.124661
201.500000 2016 437.294714 10.206937 1104.531310 62.584028 0.128807 0.003778 -48.680619 1.801566 6.147452 1.811159 64.534050 1.820753 87.327372 nan 3.871804 0.000224 719.197642 0.124998
208.500000 2016 784.167685 20.496802 2018.200000 120.421024 0.133848 0.002999 -54.051338 1.266698 3.297831 1.490751 61.085900 1.714804 90.496873 nan 3.871811 0.000225 719.194335 0.125426
215.500000 2016 1094.197482 31.396368 3270.223960 364.794971 0.154444 0.012847 -50.989190 3.369293 0.550081 3.632430 58.524643 3.895567 84.052829 nan 3.871814 0.000226 719.192968 0.126109
222.500000 2016 1349.471196 29.529815 2808.371381 96.177277 0.139957 0.001631 -59.302708 1.233411 -0.872610 1.238966 58.900667 1.244520 91.803177 nan 3.871818 0.000227 719.190717 0.126274
229.500000 2016 644.471665 14.974885 1491.301030 82.616855 0.132305 0.002023 -56.744584 1.218623 -2.383827 1.120964 52.069926 1.023305 85.528312 nan 3.871816 0.000227 719.192422 0.126688
236.500000 2016 709.646605 20.401794 1923.655530 233.544050 0.134616 0.010153 -52.929752 1.363446 -4.759716 2.282821 48.848392 3.202197 75.778314 nan 3.871812 0.000228 719.194698 0.126921
243.500000 2016 1296.868535 46.922698 5628.044286 780.365345 0.140625 0.010500 -55.870242 1.587872 -4.666846 2.423203 50.256966 3.258533 76.280182 nan 3.871804 0.000229 719.199511 0.127495
257.500000 2016 1336.025350 38.105801 4636.552393 259.669231 0.095660 0.013809 -55.687081 4.927876 -0.563399 4.424645 55.810530 3.921414 60.100549 nan 3.871777 0.000230 719.214978 0.128396
264.500000 2016 528.569202 13.834433 1202.300013 121.659924 0.133013 0.014151 -50.250604 1.659422 -4.030182 2.844158 42.769052 4.028894 66.026925 nan 3.871765 0.000231 719.221620 0.128619
271.500000 2016 2580.852429 82.547491 9947.974286 958.194708 0.152778 0.014499 -48.833140 4.248224 4.186825 2.640556 44.937762 1.032888 63.423477 nan 3.871747 0.000232 719.232015 0.129279
278.500000 2016 2929.857759 77.718910 9101.485893 415.146959 0.146154 0.009314 -48.415618 2.808660 3.567660 1.720002 43.914554 0.631344 67.615074 nan 3.871730 0.000233 719.242238 0.130072
285.500000 2016 1696.586334 54.799182 6425.132786 658.233461 0.113889 0.011122 -41.916097 1.566008 2.203549 2.551708 48.108401 3.537407 61.019533 nan 3.871713 0.000234 719.251858 0.130668
292.500000 2016 2100.662649 47.825419 5438.017700 205.634282 0.120573 0.013224 -46.878758 4.782293 11.565180 2.754618 48.704382 0.726942 62.439405 nan 3.871699 0.000236 719.260194 0.131425
299.500000 2016 3014.495210 95.077077 11282.100760 1125.226410 0.105108 0.013768 -40.646521 3.610008 11.882579 2.172247 50.119215 0.734487 59.161862 nan 3.871688 0.000237 719.266782 0.132015
306.500000 2016 2527.075428 67.967212 8231.834241 407.561548 0.119167 0.014424 -41.947532 3.565275 12.464048 3.197843 51.155993 2.830411 58.032022 nan 3.871677 0.000238 719.273220 0.132795
313.500000 2016 1240.983825 43.398184 3819.046067 472.782338 0.092544 0.011912 -62.272789 4.401801 9.913477 5.015030 61.365135 5.628259 48.797761 nan 3.871669 0.000239 719.277929 0.133399
320.500000 2016 592.208654 12.718967 1536.561386 47.282870 0.129908 0.014770 -66.076041 3.386518 7.466523 4.777644 64.340512 6.168770 65.286171 nan 3.871667 0.000240 719.279790 0.133962
327.500000 2016 702.249343 22.443244 1914.994450 208.530238 0.101823 0.016963 -68.026120 3.869610 11.675477 4.764478 67.042575 5.659345 59.038279 nan 3.871667 0.000241 719.280145 0.134508
334.500000 2016 976.131340 48.158934 2718.746375 477.992329 0.108252 0.012243 -71.956923 4.378157 2.988151 5.882411 62.114147 7.386664 64.092325 nan 3.871669 0.000242 719.279244 0.134991
341.500000 2016 1531.674376 87.817652 6799.088097 1659.241934 0.128889 0.019204 -72.546013 5.105272 17.794222 5.388817 74.011273 5.672363 60.086732 nan 3.871672 0.000243 719.277700 0.135524
348.500000 2016 1874.732453 84.706360 7496.437594 1527.704430 0.206528 0.020255 -37.874650 5.477492 22.080552 3.686715 75.701572 1.895937 80.706180 nan 3.871680 0.000244 719.273419 0.135947
355.500000 2016 967.581178 31.806526 3417.609704 329.875571 0.155324 0.014188 -64.164239 4.101093 14.605750 2.892712 70.326803 1.684331 81.988220 nan 3.871693 0.000244 719.266344 0.135957
362.500000 2016 1327.357470 29.598896 3123.676238 141.362819 0.102273 0.024139 -77.743990 6.160437 8.534040 7.020634 77.491399 7.880831 65.666212 nan 3.871703 0.000245 719.261131 0.136312
