321.501910 2015 1456.361151 42.135429 5506.790500 329.222366 0.121795 0.002279 -43.146511 1.050484 6.384659 1.512505 64.646994 1.974527 78.942809 nan 3.851114 0.000022 730.815214 0.012499
328.501910 2015 508.883079 15.378106 2250.735750 87.957554 0.097428 0.003166 -67.670988 1.395168 -25.283590 2.524743 43.499415 3.654318 63.891373 nan 3.851108 0.000022 730.818321 0.012564
335.501910 2015 470.522837 12.251307 1235.022238 72.572927 0.115021 0.004839 -74.007944 7.846574 -23.796600 7.422714 68.433482 6.998854 30.902121 nan 3.851124 0.000022 730.809199 0.012411
342.501910 2015 805.154496 18.179029 1778.390948 59.243034 0.141773 0.008817 -58.373426 4.864471 22.129444 3.841456 78.200399 2.818441 77.017239 nan 3.851143 0.000022 730.798482 0.012307
356.501910 2015 1799.629001 60.268597 8073.799429 797.028483 0.119342 0.004026 -57.947964 1.679031 1.393481 1.895307 70.758571 2.111582 84.185764 nan 3.871723 0.000025 719.207211 0.013792
363.501910 2015 1362.199110 43.555147 4716.200107 561.609470 0.145556 0.013348 -58.077580 1.463129 -5.223117 3.137470 57.249031 4.811811 82.512177 nan 3.871756 0.000026 719.188468 0.014478
5.501910 2016 1426.472191 38.716930 4741.980893 371.940278 0.134615 0.001310 -65.647564 1.522915 -4.817036 1.347345 57.181105 1.171775 93.789163 nan 3.871755 0.000026 719.189011 0.014540
12.501910 2016 602.201215 13.086823 1573.435467 83.615508 0.143444 0.011163 -70.112524 1.798343 -8.536081 2.446663 48.972743 3.094983 88.432183 nan 3.871754 0.000026 719.189855 0.014606
19.501910 2016 830.516223 29.839503 3169.382035 471.835198 0.113675 0.003600 -68.958682 2.116235 -8.953637 1.738871 40.286089 1.361507 77.133710 nan 3.871752 0.000027 719.190949 0.014906
26.501910 2016 650.466484 15.647711 1523.662183 108.356440 0.124466 0.004320 -68.810809 2.061095 -9.917053 1.824889 42.849834 1.588683 81.955920 nan 3.871750 0.000028 719.192095 0.015410
33.501910 2016 244.323183 6.201605 639.235429 29.938231 0.108950 0.005291 -62.919930 1.769980 -10.854564 2.137182 35.838049 2.504384 69.787894 nan 3.871749 0.000029 719.192545 0.016242
40.501910 2016 472.750185 13.784363 1267.158972 108.957028 0.113194 0.005653 -63.268955 3.007898 -8.281057 2.623193 34.884593 2.238488 70.054785 nan 3.871748 0.000030 719.192987 0.016462
47.501910 2016 1541.663236 49.316682 6592.259842 481.301750 0.129424 0.003139 -59.263785 1.352603 -9.034352 1.255489 37.841884 1.158376 76.156466 nan 3.871747 0.000031 719.193919 0.017054
54.501910 2016 1374.287342 37.445392 4193.572414 269.938502 0.123148 0.001822 -56.548490 1.313469 -6.807436 1.146032 36.241419 0.978595 71.313676 nan 3.871746 0.000031 719.194445 0.017172
61.501910 2016 564.506962 16.476735 2027.434414 97.146640 0.103910 0.003007 -48.637055 1.419486 -4.618064 1.419511 38.801743 1.419536 59.485978 nan 3.871746 0.000032 719.194440 0.017763
68.501910 2016 1067.972110 30.207116 3671.728571 278.461261 0.116358 0.003651 -46.685878 1.443702 -2.646192 1.435842 43.277138 1.427982 64.691435 nan 3.871747 0.000032 719.194142 0.018001
75.501910 2016 1094.201949 29.131669 3077.834517 203.118066 0.116284 0.009465 -46.935544 1.361103 -3.608455 2.600916 47.744495 3.840729 65.021049 nan 3.871746 0.000033 719.194385 0.018640
82.501910 2016 832.884238 23.014455 2305.919107 178.183408 0.121708 0.002224 -41.762799 1.143445 1.943295 1.178500 47.555194 1.213554 67.091040 nan 3.871747 0.000034 719.194015 0.018870
88.715799 2016 323.124365 7.443159 711.806856 29.129714 0.127500 0.003850 -39.530782 1.391667 4.326388 1.318991 50.508974 1.246316 70.180489 nan 3.871775 0.000038 719.178333 0.021351
96.501910 2016 813.590301 22.385425 2071.943605 184.426911 0.122863 0.003133 -37.782048 1.443763 6.780742 1.393532 53.874731 1.343301 69.378944 nan 3.871750 0.000036 719.192430 0.020055
103.501910 2016 1065.608762 34.811977 4144.213300 443.471207 0.125214 0.003312 -36.863658 1.243128 7.913394 1.457513 58.685659 1.671897 72.143052 nan 3.871752 0.000036 719.191541 0.020050
110.501910 2016 912.210533 25.145995 2772.752357 199.946200 0.120473 0.002825 -36.707778 1.078639 9.304797 1.269692 59.912571 1.460745 72.246280 nan 3.871753 0.000037 719.190917 0.020615
117.501910 2016 345.748163 6.764735 653.206527 32.298209 0.150111 0.013630 -43.200860 3.378877 11.530853 2.450180 63.488293 1.521483 76.044775 nan 3.871755 0.000038 719.189534 0.021175
124.501910 2016 1240.218997 35.412325 3630.482000 241.031922 0.125411 0.003321 -37.200188 1.008394 11.174204 1.406186 66.201697 1.803978 79.952263 nan 3.871757 0.000038 719.188473 0.021408
131.501910 2016 2955.175072 84.506093 11263.969852 618.578040 0.127778 0.003677 -38.002568 1.155742 10.804306 1.631992 68.931364 2.108242 83.891209 nan 3.871759 0.000039 719.187677 0.021661
138.501910 2016 1392.366989 37.189226 4962.896655 216.683297 0.133868 0.009491 -37.379131 2.668156 11.145609 2.138035 63.708665 1.607915 81.630522 nan 3.871760 0.000039 719.187015 0.021982
145.501910 2016 620.910812 15.586213 2029.488129 76.634604 0.122119 0.003284 -43.003440 1.112154 8.561408 1.447828 64.779721 1.783502 84.119730 nan 3.871762 0.000040 719.186176 0.022326
152.501910 2016 441.023977 9.238404 818.359726 44.625509 0.132819 0.001548 -48.791040 0.645054 6.730219 1.147978 72.335764 1.650903 92.566032 nan 3.871763 0.000041 719.185691 0.022653
159.501910 2016 799.620118 23.739278 2171.677867 280.721992 0.125617 0.002899 -50.236776 1.326347 4.434301 1.459465 63.238665 1.592583 88.251143 nan 3.871762 0.000041 719.185834 0.022825
166.501910 2016 528.559411 13.145756 1107.044852 78.232272 0.130041 0.002288 -72.108332 1.467368 0.969924 1.302685 56.651289 1.138002 91.612774 nan 3.871762 0.000042 719.186023 0.023242
173.501910 2016 296.869597 6.906745 642.358973 44.503151 0.130128 0.003022 -61.366712 1.971634 -0.570396 1.624410 58.937156 1.277187 91.925653 nan 3.871762 0.000043 719.186336 0.023695
180.501910 2016 257.738483 6.273867 763.539494 43.051789 0.132692 0.001845 -63.827180 1.483076 -4.379606 1.249330 52.620298 1.015584 93.130145 nan 3.871760 0.000043 719.187023 0.023978
187.501910 2016 350.963153 14.074675 1202.199962 189.509628 0.124680 0.004824 -66.623589 3.121886 -5.876650 2.178291 52.311122 1.234696 86.531611 nan 3.871758 0.000043 719.188207 0.024133
194.501910 2016 769.630977 17.299100 1767.367270 48.648008 0.142667 0.009758 -66.472222 1.472605 -10.168707 2.254944 42.118507 3.037282 87.614335 nan 3.871757 0.000044 719.188847 0.024522
201.501910 2016 385.384905 8.939320 1051.123016 49.607525 0.122756 0.004071 -63.908661 2.005502 -10.090534 1.763285 38.905350 1.521068 81.907830 nan 3.871754 0.000044 719.190599 0.024691
208.501910 2016 722.251508 19.899601 1891.270297 121.503272 0.136432 0.009868 -64.064657 1.756391 -12.227433 2.258269 37.127986 2.760147 79.644471 nan 3.871752 0.000045 719.191847 0.024878
215.501910 2016 969.250939 28.783484 2884.905077 337.139300 0.132099 0.003346 -62.537819 1.782417 -11.159241 1.376386 38.385241 0.970355 82.080993 nan 3.871751 0.000045 719.192524 0.025196
222.501910 2016 1238.655171 27.608077 2638.683744 106.446685 0.136214 0.002452 -60.982701 1.458019 -10.544187 1.240628 40.123097 1.023237 81.719097 nan 3.871749 0.000045 719.193509 0.025240
229.501910 2016 582.049744 13.781621 1347.030276 72.827225 0.126852 0.002292 -57.739611 1.418081 -9.615415 1.287122 37.053918 1.156163 74.545910 nan 3.871747 0.000046 719.194694 0.025466
236.501910 2016 665.726028 19.734349 1870.675480 232.807750 0.121605 0.004288 -51.643533 1.447634 -8.135030 1.655246 39.708023 1.862858 69.458550 nan 3.871746 0.000046 719.195204 0.025595
243.501910 2016 1215.590956 44.882919 4837.824684 779.230938 0.126955 0.003152 -51.317863 1.602479 -6.049384 1.530035 41.156883 1.457591 70.623507 nan 3.871747 0.000046 719.194659 0.025811
257.501910 2016 1205.489507 35.028083 4314.790464 242.529916 0.119033 0.002696 -43.737234 1.316874 -1.968143 1.320157 40.762250 1.323440 65.122967 nan 3.871748 0.000047 719.194149 0.026297
264.501910 2016 468.180285 11.546115 1144.063709 96.127902 0.128098 0.004451 -49.195201 1.753796 0.575002 1.719387 45.452611 1.684978 69.476895 nan 3.871750 0.000047 719.193287 0.026415
271.501910 2016 2403.449289 78.177082 9864.838048 1045.253802 0.132265 0.004744 -46.669152 1.651191 2.545698 1.613043 48.528466 1.574894 71.715597 nan 3.871753 0.000048 719.191649 0.026748
278.501910 2016 2649.681550 72.806647 8763.371536 399.981314 0.129594 0.003390 -44.795439 1.429336 4.627065 1.413399 49.877607 1.397463 72.261373 nan 3.871755 0.000049 719.190176 0.027043
285.501910 2016 1550.787481 53.285152 6446.973037 874.286307 0.122222 0.003203 -38.750650 1.015445 6.060892 1.350036 52.608340 1.684628 70.455412 nan 3.871757 0.000049 719.189135 0.027325
292.501910 2016 1850.913841 43.083119 5355.038107 229.261281 0.141560 0.002409 -39.744919 0.828126 7.229416 1.197966 58.369403 1.567807 82.343003 nan 3.871760 0.000049 719.187536 0.027583
299.501910 2016 2537.132914 81.057950 9614.324640 932.087824 0.125427 0.003876 -45.077378 1.285222 8.126824 1.495803 58.501960 1.706384 76.262141 nan 3.871764 0.000050 719.185639 0.027915
306.501910 2016 2280.085718 64.057926 8203.047607 425.581078 0.119941 0.009486 -39.823355 2.481190 10.388184 1.981381 60.327627 1.481571 78.948215 nan 3.871765 0.000051 719.184848 0.028322
313.501910 2016 869.857045 24.044563 3108.740310 186.035030 0.117387 0.003301 -38.651848 0.964014 9.317769 1.449034 63.774022 1.934053 76.897967 nan 3.871766 0.000051 719.184302 0.028653
320.501910 2016 532.771392 11.921441 1377.177826 43.172224 0.135597 0.001950 -45.781723 0.713583 8.090183 1.158399 66.606243 1.603215 90.413953 nan 3.871768 0.000052 719.183508 0.029013
327.501910 2016 629.039194 20.025839 1659.909785 185.470428 0.129380 0.009048 -45.413798 2.910817 7.590434 2.311141 66.461582 1.711465 79.840810 nan 3.871769 0.000053 719.183062 0.029357
334.501910 2016 644.934503 14.309322 1605.679526 38.047680 0.132510 0.001436 -48.214413 0.796978 4.607238 1.150742 66.316414 1.504506 92.134569 nan 3.871768 0.000053 719.183446 0.029752
341.501910 2016 567.722426 14.512215 1503.092698 85.935793 0.129060 0.008721 -58.378913 1.346885 1.109871 2.382511 66.466958 3.418137 81.583804 nan 3.871767 0.000055 719.184155 0.030407
348.501910 2016 616.329981 13.250641 1548.020636 48.553100 0.142521 0.009384 -57.562156 1.234026 -2.898614 2.473008 59.756946 3.711990 90.332721 nan 3.871766 0.000055 719.184619 0.030834
355.501910 2016 932.157295 36.968365 4881.944882 1277.528331 0.135111 0.009473 -66.083585 1.500558 -5.723365 2.484975 55.985041 3.469393 84.761127 nan 3.871764 0.000055 719.185976 0.030821
362.501910 2016 1173.028956 27.318445 2655.138730 103.517616 0.131944 0.001779 -68.316134 1.915472 -7.268286 1.494729 49.542766 1.073985 91.944636 nan 3.871761 0.000056 719.187599 0.031220
