342.502211 2004 511.831398 11.809145 1181.266675 64.064630 0.123397 0.002584 -26.215100 1.519921 14.153933 1.335047 52.014431 1.150173 54.798424 nan 3.871904 0.000258 719.153576 0.143554
356.502211 2004 281.848941 6.379664 652.903789 30.721016 0.125214 0.002546 -27.388792 1.554489 16.873067 1.358469 56.994963 1.162449 60.230259 nan 3.871909 0.000258 719.151329 0.143965
11.501794 2005 680.838291 17.540858 2053.337364 150.120657 0.093611 0.014910 -36.827749 2.620303 18.849477 1.774862 59.950636 0.929420 64.157042 nan 3.871898 0.000259 719.157223 0.144066
18.501794 2005 2081.419889 77.707912 10798.427700 1260.228222 0.124252 0.010636 -35.967403 2.541559 16.167310 2.110955 61.835780 1.680351 65.765114 nan 3.871884 0.000259 719.165377 0.144330
25.501794 2005 605.097272 13.723246 1438.401502 74.541670 0.129938 0.002552 -35.379112 1.192617 13.264194 1.183056 61.231805 1.173496 77.224151 nan 3.871877 0.000259 719.169452 0.144356
32.501794 2005 588.225222 12.834028 1268.098219 57.582602 0.142490 0.001926 -38.067663 1.027045 10.367419 1.069500 61.165841 1.111956 84.906947 nan 3.871860 0.000259 719.179071 0.144365
39.501794 2005 1454.585365 41.084384 4926.969636 199.318754 0.189683 0.022671 -46.391435 5.923603 15.242823 3.540691 59.602916 1.157779 61.329077 nan 3.871851 0.000259 719.184212 0.144572
46.501794 2005 1306.258730 33.817332 3753.259724 213.255962 0.126029 0.012046 -38.583892 3.557875 8.718717 2.553472 59.339087 1.549068 72.794720 nan 3.871831 0.000260 719.195164 0.144932
53.501794 2005 757.766492 17.583053 1729.021600 75.473729 0.160628 0.018775 -38.974138 5.564371 9.288640 3.427580 54.812539 1.290790 62.119999 nan 3.871824 0.000260 719.199258 0.145092
60.501794 2005 386.242319 7.396571 817.243342 28.819439 0.164699 0.015443 -43.672581 5.404934 6.710786 3.355058 57.082118 1.305183 71.998845 nan 3.871808 0.000261 719.208619 0.145200
67.501794 2005 2600.250779 67.186756 7678.923893 460.707842 0.186243 0.020956 -44.612171 5.771067 2.876247 5.391234 53.718226 5.011402 59.931958 nan 3.871806 0.000261 719.209987 0.145503
74.501794 2005 1341.207208 37.591023 4160.057107 305.717115 0.132523 0.009453 -45.885979 3.041458 0.952151 2.231874 50.071713 1.422290 67.786614 nan 3.871792 0.000262 719.217746 0.145773
81.501794 2005 440.525682 11.078091 1114.531303 85.872045 0.140338 0.014482 -44.058414 3.237615 -0.204234 3.221494 45.124485 3.205374 60.429915 nan 3.871795 0.000262 719.216129 0.145749
88.501794 2005 526.689153 11.354241 1265.623388 59.113824 0.190278 0.022020 -41.486996 0.696924 -9.712853 3.838533 40.942824 6.980141 51.509576 nan 3.871788 0.000261 719.220031 0.145601
95.501794 2005 1487.505321 43.811566 5860.698476 459.440198 0.108631 0.021827 -42.907920 3.475881 -1.985217 3.774212 41.927402 4.072543 52.603054 nan 3.871796 0.000261 719.215301 0.145615
102.501794 2005 1731.125659 45.192289 4707.016103 301.923245 0.137500 0.008339 -42.227505 2.561340 2.180676 1.775096 41.313569 0.988851 60.272543 nan 3.871794 0.000261 719.216251 0.145529
109.501794 2005 1079.040724 25.939425 2628.479156 135.479282 0.141222 0.008791 -38.170520 2.419787 3.692527 1.562561 37.324160 0.705335 59.027416 nan 3.871808 0.000261 719.208437 0.145176
116.501794 2005 462.962077 10.400306 1170.905533 108.743346 0.157407 0.015994 -35.159386 3.660860 8.044573 2.236415 39.077571 0.811970 51.624228 nan 3.871810 0.000260 719.206780 0.144775
123.501794 2005 993.997485 23.725878 2387.472271 101.410216 0.175631 0.018584 -33.071827 3.850338 11.213867 2.328203 41.940043 0.806068 50.099293 nan 3.871827 0.000260 719.197389 0.144647
130.501794 2005 1339.244682 36.094168 4746.648276 321.615342 0.165338 0.018437 -32.055927 3.138947 12.021782 2.044726 44.122172 0.950505 49.033499 nan 3.871831 0.000259 719.195061 0.144439
137.501794 2005 3194.049150 97.930809 11109.977069 896.669279 0.132000 0.009872 -29.013783 1.878957 11.088545 1.383039 44.981671 0.887122 51.480656 nan 3.871848 0.000259 719.185428 0.144048
144.501794 2005 1206.769022 30.954821 3928.395250 237.169148 0.147222 0.012632 -28.233640 1.979304 13.696892 1.405385 48.136280 0.831466 54.855577 nan 3.871851 0.000258 719.183463 0.143648
151.501794 2005 2214.805205 72.339344 9765.728259 955.612713 0.135577 0.009099 -26.348015 1.670224 13.964487 1.339873 50.275841 1.009522 56.625835 nan 3.871864 0.000258 719.175918 0.143559
158.501794 2005 1369.325440 34.516186 4318.628500 322.169000 0.134509 0.002102 -29.447568 1.440312 15.222102 1.192660 53.486502 0.945007 61.714902 nan 3.871865 0.000257 719.175433 0.143281
165.501794 2005 2614.806593 77.032905 10027.308148 743.421462 0.142000 0.014806 -40.718897 2.359995 15.549715 3.043721 56.019025 3.727448 59.047987 nan 3.871886 0.000256 719.163099 0.142712
172.501794 2005 1429.901782 36.990712 5142.352429 204.486011 0.132304 0.003322 -28.652718 1.461553 16.852424 1.291664 58.659276 1.121776 66.041288 nan 3.871965 0.000255 719.118423 0.141810
179.501794 2005 583.352006 12.916188 1293.812114 68.538786 0.132510 0.003193 -30.527936 1.696509 17.668058 1.362186 61.507760 1.027862 69.954946 nan 3.871965 0.000254 719.118390 0.141586
186.501794 2005 302.990675 8.287013 736.621462 78.770371 0.124486 0.005294 -30.258592 3.225075 18.655287 2.261302 63.996963 1.297529 68.919070 nan 3.871957 0.000253 719.122881 0.141090
193.501794 2005 2633.524935 77.863941 9747.172138 662.610328 0.129527 0.004384 -32.052828 1.946443 16.844703 1.760577 66.700025 1.574711 75.112407 nan 3.871951 0.000252 719.125565 0.140461
200.501794 2005 1942.020023 52.025010 6545.682828 379.687278 0.130555 0.003337 -38.294937 1.635227 15.346977 1.668589 69.601814 1.701951 78.606343 nan 3.871937 0.000251 719.132916 0.139883
207.501794 2005 1054.793558 24.733285 2910.216656 128.628190 0.130453 0.003714 -37.818159 1.397181 13.740774 1.655687 69.538951 1.914193 80.203685 nan 3.871927 0.000251 719.138304 0.139655
214.501794 2005 719.123510 19.092237 1684.214541 151.535556 0.131482 0.002454 -40.282348 1.254966 11.112468 1.441378 63.419088 1.627791 82.570999 nan 3.871912 0.000250 719.146740 0.139245
221.501794 2005 1431.914661 43.422552 3940.861805 711.740035 0.134979 0.002810 -40.407568 0.837880 9.399139 1.284420 66.394337 1.730959 84.990656 nan 3.871899 0.000249 719.153383 0.138725
228.501794 2005 782.385816 15.674980 1687.607568 47.108958 0.138992 0.001930 -44.058921 0.702543 6.432755 1.152035 58.818019 1.601526 87.398107 nan 3.871887 0.000249 719.159695 0.138470
235.501794 2005 1303.571389 45.540547 6919.239412 1148.146217 0.130876 0.003359 -46.020443 1.264025 4.680351 1.393425 56.040159 1.522824 82.343131 nan 3.871873 0.000249 719.167624 0.138502
249.501794 2005 2533.904930 71.079655 8375.200148 502.652920 0.113988 0.012296 -46.971081 3.514036 4.220556 2.433460 51.676586 1.352884 74.871846 nan 3.871857 0.000248 719.176371 0.138052
263.501794 2005 2550.544106 68.711256 9334.438143 465.313941 0.134053 0.001559 -44.743791 0.698578 -0.198577 0.773645 45.683842 0.848712 76.356877 nan 3.871850 0.000248 719.180407 0.137977
270.501794 2005 948.806575 27.231884 3433.548419 295.513560 0.128601 0.002656 -42.259701 0.876812 -0.340028 0.867681 45.887488 0.858549 70.469063 nan 3.871855 0.000247 719.177413 0.137724
277.501794 2005 572.795173 12.838899 1280.139807 78.106483 0.129424 0.002914 -44.238383 1.072897 0.143701 0.980401 41.956157 0.887905 68.021310 nan 3.871856 0.000247 719.176545 0.137425
284.501794 2005 382.148932 10.057147 869.393079 65.892689 0.139095 0.001785 -41.848125 0.912572 0.926680 0.717037 40.868072 0.521501 69.149949 nan 3.871866 0.000246 719.171073 0.137285
291.501794 2005 275.124185 18.428799 871.843696 59.127224 0.102469 0.022611 -36.030575 2.281485 2.289285 2.272412 39.380992 2.263340 57.700144 nan 3.871868 0.000246 719.170011 0.137332
298.501794 2005 301.914971 9.004827 1054.408492 73.872972 0.048148 0.048743 -32.736114 2.055057 2.216761 2.534779 40.685736 3.014501 51.141912 nan 3.871883 0.000246 719.161184 0.137135
305.501794 2005 914.046576 26.482247 2987.442409 311.302642 0.113602 0.011384 -40.670174 2.460670 4.991637 2.488917 43.854283 2.517164 53.534669 nan 3.871888 0.000246 719.158682 0.136981
312.501794 2005 726.795414 15.292524 1619.484737 52.412761 0.137243 0.002018 -30.637644 1.227568 7.731630 1.026525 45.090308 0.825482 59.819002 nan 3.871904 0.000246 719.149348 0.137112
319.501794 2005 426.341196 9.375594 1050.707314 39.448819 0.128086 0.001872 -27.499182 1.285135 10.220024 1.129005 47.631479 0.972875 56.260590 nan 3.871906 0.000247 719.148536 0.137369
326.501794 2005 239.475567 6.045356 701.688220 47.732732 0.128526 0.002520 -28.075043 1.411223 12.251077 1.225185 51.979309 1.039148 56.948624 nan 3.871921 0.000247 719.140456 0.137375
333.501794 2005 322.211689 8.237046 912.499342 47.291697 0.134509 0.002547 -29.383052 1.635279 13.404108 1.400436 58.286451 1.165594 61.278408 nan 3.871920 0.000247 719.140982 0.137406
340.501794 2005 302.905807 6.987573 882.919172 37.617629 0.133761 0.003462 -30.832423 1.776465 15.646794 1.484355 59.059234 1.192246 62.302682 nan 3.871929 0.000247 719.135772 0.137662
347.501794 2005 497.079185 15.837192 1188.201544 130.224847 0.132585 0.002215 -29.818822 1.520144 16.733812 1.361146 58.772555 1.202148 65.266939 nan 3.871922 0.000248 719.140138 0.137896
354.501794 2005 205.624416 4.881085 588.296132 30.930607 0.130128 0.002844 -30.709699 1.551569 17.713337 1.422810 61.585029 1.294052 67.444463 nan 3.871926 0.000247 719.137717 0.137840
361.635127 2005 454.652476 13.267594 1483.783259 76.821406 0.125961 0.019844 -39.373253 4.074524 21.068448 2.673576 64.338515 1.272628 64.482744 nan 3.871531 0.000242 719.357709 0.134938
3.501782 2006 342.866924 8.582902 899.020472 63.756585 0.133226 0.009524 -36.982445 2.054787 17.929163 1.597754 63.017298 1.140721 70.963177 nan 3.871912 0.000248 719.145640 0.138017
10.501782 2006 145.173323 3.172491 333.036856 12.953515 0.103601 0.004538 -28.031343 1.644401 16.486879 1.621925 61.295122 1.599449 62.381946 nan 3.871895 0.000248 719.155427 0.138159
17.501782 2006 152.247664 4.053836 440.343330 27.313104 0.067565 0.026419 -61.027012 5.172942 19.181636 4.951152 70.602700 4.729361 55.176680 nan 3.871888 0.000248 719.158861 0.138096
24.501782 2006 548.944708 20.751729 1667.243749 184.502284 0.077682 0.038408 -61.646226 6.261781 20.453584 5.053475 67.642505 3.845169 61.806205 nan 3.871869 0.000248 719.169487 0.138144
31.501782 2006 307.319182 7.324153 845.427802 55.190352 0.142667 0.013828 -42.806850 3.740107 10.873929 2.736670 63.592540 1.733232 73.822678 nan 3.871861 0.000249 719.174226 0.138504
38.501782 2006 244.560078 6.182626 732.378328 51.673473 0.098851 0.018247 -61.832611 2.702683 5.893100 3.354962 63.959425 4.007242 76.133031 nan 3.871843 0.000249 719.184815 0.138779
45.501782 2006 112.413710 3.161697 405.033544 36.044464 -1.424359 0.332431 -43.849847 3.624214 9.010315 2.798376 61.055356 1.972538 54.979732 nan 3.871837 0.000249 719.188247 0.138862
52.501782 2006 706.039387 24.292052 2232.050857 175.933419 0.159662 0.015984 -49.975361 5.610047 7.253389 3.553971 60.317232 1.497896 70.654068 nan 3.871821 0.000249 719.197128 0.139011
59.501782 2006 253.930717 5.840903 668.547007 44.747656 0.132667 0.008378 -47.531639 2.941352 1.874583 2.178285 53.282776 1.415218 73.614221 nan 3.871818 0.000250 719.198982 0.139415
66.501782 2006 228.217321 6.371482 679.777788 56.968809 0.120299 0.003448 -47.659532 0.979957 -0.394686 1.479288 52.958774 1.978619 72.355532 nan 3.871808 0.000251 719.204745 0.139607
73.501782 2006 245.133187 7.944416 746.898645 76.926714 0.146860 0.015404 -45.999108 3.151850 -2.769317 3.841807 47.209639 4.531763 63.941888 nan 3.871810 0.000250 719.203649 0.139509
80.501782 2006 1749.316958 40.983551 3976.857676 210.435956 0.183838 0.025397 -54.910011 7.041959 7.819283 5.269106 42.842467 3.496253 49.968658 nan 3.871806 0.000250 719.205559 0.139435
87.501782 2006 613.194832 15.988995 1713.926414 105.155098 0.154398 0.015668 -46.746738 4.017959 1.484214 3.541222 41.138886 3.064485 58.455937 nan 3.871812 0.000251 719.202526 0.139574
94.501782 2006 808.153487 36.143661 3261.044270 678.874728 0.139931 0.014040 -43.923116 3.826331 4.504348 2.494377 40.744165 1.162423 56.724993 nan 3.871815 0.000250 719.200877 0.139428
101.501782 2006 2252.089143 89.908882 8540.306148 1490.682737 0.159058 0.015861 -41.821984 3.752521 4.839607 3.221811 42.667276 2.691100 55.609006 nan 3.871823 0.000250 719.195996 0.139049
115.501782 2006 1170.881594 34.679095 4642.427621 265.524639 0.119856 0.002575 -37.462206 1.350941 6.097740 1.054033 41.145696 0.757124 56.051922 nan 3.871840 0.000249 719.186226 0.138848
122.501782 2006 594.253932 17.488545 2156.078172 161.934086 0.110185 0.004011 -31.792478 1.556553 9.030659 1.362284 49.364896 1.168016 51.102298 nan 3.871851 0.000249 719.179811 0.138581
129.501782 2006 959.578730 21.621432 2155.795455 109.552417 0.157889 0.017085 -35.399732 3.436804 13.520659 2.163313 50.082719 0.889821 55.662685 nan 3.871862 0.000248 719.173834 0.138304
136.501782 2006 533.933227 11.728575 1326.386145 58.455802 0.143056 0.009325 -36.109506 1.937410 12.281761 1.401886 50.743399 0.866362 60.058365 nan 3.871869 0.000248 719.169476 0.138034
150.501782 2006 66.690025 2.064883 205.639773 27.766307 1.746528 0.182879 -26.123537 2.505212 24.413247 1.586901 53.859321 0.668589 39.173870 nan 3.871880 0.000247 719.163453 0.137716
157.501782 2006 724.050360 21.147905 2600.908375 76.060357 0.100298 0.026530 -30.594767 1.508784 16.107366 1.242658 58.239352 0.976533 67.035811 nan 3.871877 0.000246 719.164840 0.137278
171.501782 2006 444.862293 8.951728 997.689718 38.208038 0.131151 0.007655 -29.334204 2.012434 18.124312 1.656142 69.721988 1.299850 72.181582 nan 3.871870 0.000246 719.168160 0.136796
178.501782 2006 274.354455 6.089063 635.196546 24.144809 0.125214 0.010637 -32.090420 2.016775 19.211101 1.882100 67.292162 1.747424 66.411643 nan 3.871869 0.000245 719.168609 0.136251
185.501782 2006 587.397866 20.182828 1820.273846 241.225883 0.134054 0.005639 -35.600032 2.940726 17.898245 2.134725 70.690823 1.328724 79.699659 nan 3.871854 0.000244 719.176260 0.135694
192.501782 2006 310.125252 6.783066 791.874061 30.498921 0.131687 0.002620 -33.499667 1.372796 15.622349 1.518136 72.402033 1.663476 81.391643 nan 3.871849 0.000243 719.178943 0.135349
206.501782 2006 310.516221 15.110634 2423.940667 464.819473 1.872510 0.307298 -37.716674 4.827373 24.906770 3.710493 64.016349 2.593613 49.856928 nan 3.871825 0.000242 719.192256 0.134708
213.501782 2006 413.798300 9.686216 1011.469794 48.416422 0.136420 0.002051 -42.952451 0.733677 8.480168 1.301195 66.948474 1.868713 88.523083 nan 3.871806 0.000241 719.202642 0.134349
220.501782 2006 708.129456 26.976524 2091.289455 470.297979 0.139316 0.002729 -48.221450 1.019489 6.910626 1.434258 63.813896 1.849027 90.466954 nan 3.871801 0.000241 719.205216 0.134282
227.501782 2006 349.639245 9.133322 946.522820 90.015749 0.129167 0.002965 -47.524694 1.032899 4.544838 1.303642 60.850938 1.574386 83.914713 nan 3.871784 0.000241 719.214913 0.134323
234.501782 2006 1135.053341 29.308240 2804.723325 240.040254 0.138355 0.001862 -50.207023 0.719321 3.178560 1.064826 60.481534 1.410331 88.175345 nan 3.871781 0.000241 719.216325 0.134071
241.501782 2006 536.487455 12.960707 1278.069539 66.706815 0.130144 0.003063 -47.927738 0.869807 0.778370 1.044807 53.009602 1.219807 81.666069 nan 3.871767 0.000240 719.223653 0.133875
248.501782 2006 605.353401 13.820328 1542.585588 48.215704 0.141049 0.002236 -52.608119 0.953571 0.454017 1.103000 57.060010 1.252429 85.616569 nan 3.871770 0.000240 719.221988 0.133922
255.501782 2006 211.842907 4.996403 521.344243 36.708056 0.125309 0.001198 -45.242808 0.780274 -1.003575 0.765068 42.254333 0.749862 74.703397 nan 3.871761 0.000240 719.227027 0.133950
262.501782 2006 657.259401 15.853475 1809.307159 63.985593 0.135905 0.002898 -47.317712 1.309022 -0.016299 1.190840 47.271619 1.072658 77.126103 nan 3.871770 0.000240 719.222095 0.133648
269.501782 2006 569.835315 14.950235 1349.488354 108.177071 0.137551 0.002616 -46.487588 1.234750 -0.357911 0.993964 43.453770 0.753177 74.860529 nan 3.871766 0.000239 719.223876 0.133424
276.501782 2006 630.083035 15.734752 1641.347960 72.202269 0.136831 0.002110 -45.032738 1.234093 0.952615 0.894936 42.505097 0.555778 71.454350 nan 3.871778 0.000240 719.217548 0.133472
283.501782 2006 427.624180 15.908728 1087.287241 165.165529 0.124177 0.002886 -38.655398 1.159650 2.259017 0.956278 41.953136 0.752906 63.032329 nan 3.871779 0.000240 719.217002 0.133461
290.501782 2006 804.902819 18.142076 2174.329660 73.968539 0.120402 0.011294 -40.376813 3.102332 5.506301 1.843471 42.649910 0.584610 61.324932 nan 3.871792 0.000239 719.209400 0.133238
297.501782 2006 489.469951 10.950621 1063.688888 60.900323 0.138478 0.002554 -36.269001 1.392586 5.441496 1.057726 46.575588 0.722866 64.509425 nan 3.871796 0.000239 719.207408 0.133175
304.501782 2006 595.867425 15.826990 1544.251229 74.477730 0.132407 0.002507 -33.505118 1.523704 7.459052 1.179866 46.700478 0.836028 61.406361 nan 3.871810 0.000240 719.199595 0.133469
311.501782 2006 498.601207 19.174116 1174.171660 209.082444 0.126816 0.004311 -38.268761 1.921669 9.815638 1.503173 50.292590 1.084678 58.386336 nan 3.871814 0.000240 719.197274 0.133599
318.501782 2006 567.906238 13.728840 1445.151525 84.535290 0.139530 0.002481 -32.671572 1.597993 11.308469 1.278621 52.416117 0.959250 63.782566 nan 3.871825 0.000240 719.191554 0.133568
325.501782 2006 385.394026 10.000123 871.111743 76.129762 0.153357 0.014293 -32.092042 2.828702 15.416651 1.973813 54.906154 1.118925 60.891021 nan 3.871826 0.000240 719.190667 0.133691
332.501782 2006 877.507997 27.292893 2200.676167 231.801740 0.154630 0.013851 -32.057038 2.589760 17.184039 1.883855 58.596024 1.177950 63.820578 nan 3.871833 0.000241 719.187425 0.134063
339.501782 2006 1091.840574 28.522242 2823.471207 217.235960 0.159420 0.034731 -0.000000 0.000000 0.000000 0.000000 -0.000000 0.000000 0.000000 nan 3.871830 0.000241 719.188884 0.134195
346.501782 2006 2158.702454 82.054169 6668.912158 1225.679928 0.118100 0.026353 -39.079489 4.376199 23.555223 2.757331 64.763016 1.138463 61.161298 nan 3.871830 0.000241 719.189030 0.134124
353.501782 2006 3466.039758 94.795520 13362.399607 570.761796 0.140517 0.007798 -37.751018 3.948692 19.731959 2.441682 64.297945 0.934672 73.610449 nan 3.871824 0.000241 719.192399 0.134186
360.501782 2006 2101.543244 51.369557 7139.862103 112.675377 0.103819 0.021730 -33.815098 4.564261 23.070069 2.815236 70.953057 1.066212 66.236433 nan 3.871818 0.000241 719.196102 0.134504
2.501782 2007 1222.673383 31.874589 4118.257448 264.419306 -13.382407 13.519595 -38.620325 4.203767 20.349768 2.676284 64.540109 1.148801 70.644385 nan 3.871809 0.000241 719.201045 0.134513
9.501782 2007 640.050065 14.243274 1949.370138 57.325788 0.142521 0.009024 -34.933079 2.251365 14.911300 1.790248 66.005796 1.329132 81.813316 nan 3.871796 0.000241 719.207834 0.134443
16.501782 2007 691.375690 14.654628 1587.048583 52.550690 0.173550 0.021193 -64.661001 5.616875 13.983713 5.399298 65.623203 5.181720 67.492756 nan 3.871786 0.000242 719.213878 0.134601
23.501782 2007 529.896097 10.517602 1147.185730 34.319367 0.171981 0.018523 -42.329616 5.604328 14.409865 3.693822 74.879587 1.783316 73.859599 nan 3.871771 0.000242 719.222451 0.134985
30.501782 2007 798.870843 19.641842 2181.257119 126.910363 0.165821 0.018758 -46.069735 5.705718 13.776756 3.731550 70.243925 1.757382 69.771705 nan 3.871761 0.000242 719.227825 0.135125
37.501782 2007 423.849292 9.014927 1034.345435 45.039128 0.141667 0.009548 -48.498239 3.456235 5.726674 2.509895 63.913750 1.563555 82.661878 nan 3.871746 0.000243 719.236308 0.135217
44.501782 2007 520.549749 15.025350 1685.660248 91.199029 0.140857 0.017942 -50.451828 5.482623 5.617726 4.700642 55.845953 3.918661 61.926650 nan 3.871737 0.000243 719.241331 0.135429
51.501782 2007 293.596671 6.412127 793.280121 31.604681 0.139236 0.009575 -57.693230 3.675859 1.378141 2.439489 54.307066 1.203120 78.655001 nan 3.871732 0.000243 719.244538 0.135536
58.501782 2007 440.630354 12.682196 1469.099021 96.700635 0.147947 0.017261 -54.983505 1.620115 -5.353069 3.586428 54.846860 5.552741 62.777681 nan 3.871727 0.000243 719.247078 0.135601
72.501782 2007 483.485361 11.012147 1216.130872 48.562501 0.138675 0.020901 -53.108589 3.129676 -4.443947 4.178016 48.739222 5.226355 61.982552 nan 3.871716 0.000244 719.253735 0.136154
86.501782 2007 627.963131 18.375353 1564.361880 216.597313 0.160145 0.016523 -45.867554 5.012491 5.711583 2.751279 38.791824 0.490068 60.069034 nan 3.871891 0.000242 719.155501 0.134932
93.501782 2007 1193.468770 27.964385 3105.588617 78.170394 0.153778 0.012544 -46.108367 3.602142 4.134893 2.397619 42.390848 1.193095 64.125735 nan 3.871892 0.000242 719.154600 0.134704
107.501782 2007 273.610367 7.268230 690.664264 54.883487 0.125309 0.003260 -37.273978 1.561887 5.698216 1.162194 43.116091 0.762501 60.811351 nan 3.871909 0.000242 719.145443 0.134739
114.501782 2007 477.325152 19.421091 1450.111085 217.946497 0.121708 0.011919 -54.609512 3.152673 6.601677 3.519942 46.048000 3.887211 53.060879 nan 3.871923 0.000241 719.137206 0.134517
121.501944 2007 1200.025159 29.815751 2895.987135 77.417588 0.139744 0.013543 -34.074358 2.848980 11.286710 1.840838 54.115223 0.832697 62.481947 nan 3.871888 0.000241 719.156494 0.134240
128.501944 2007 473.301910 12.676799 1212.358119 115.327148 0.140111 0.009663 -30.929222 1.981928 12.642238 1.429431 49.264502 0.876934 61.363315 nan 3.871905 0.000241 719.146944 0.134246
135.501944 2007 160.911212 3.704285 414.742795 24.071536 0.093697 0.005505 -24.235455 2.323078 15.928990 1.860635 52.097650 1.398192 47.293225 nan 3.871902 0.000241 719.149006 0.134410
149.501944 2007 1777.508786 40.410080 4085.662676 118.879446 0.150855 0.008987 -32.161145 1.950467 16.149349 1.476394 60.055442 1.002320 71.531711 nan 3.871916 0.000240 719.140600 0.133877
156.501944 2007 1085.482019 27.604381 3175.247607 123.269092 0.136966 0.009337 -28.758322 1.952984 18.024300 1.588510 63.049547 1.224036 69.305129 nan 3.871920 0.000240 719.138452 0.133787
163.501944 2007 587.156633 13.180023 1558.194185 65.979995 0.131173 0.003326 -29.994320 1.624763 17.662651 1.488988 68.240631 1.353214 74.428415 nan 3.871910 0.000240 719.144045 0.133708
170.501944 2007 370.748967 8.268991 966.239831 65.817884 0.137551 0.002531 -33.740696 1.238239 17.201023 1.340744 70.513418 1.443250 80.677952 nan 3.871908 0.000239 719.144838 0.133163
177.501944 2007 223.510678 5.333981 535.535802 43.364902 0.115741 0.005769 -30.674194 2.240568 17.328080 2.193161 67.640268 2.145754 71.710463 nan 3.871886 0.000238 719.156612 0.132788
184.501944 2007 214.255373 6.049037 699.903400 59.741592 0.069650 0.022895 -37.907986 4.259754 16.551181 3.902056 72.951058 3.544358 55.993334 nan 3.871890 0.000238 719.154293 0.132637
191.501944 2007 448.257589 17.389581 1563.384650 229.282427 0.124466 0.023238 -39.628530 2.615368 14.615721 2.092001 67.575172 1.568634 85.948008 nan 3.871871 0.000238 719.165078 0.132498
198.501944 2007 590.852395 14.145034 1516.143213 56.813022 0.138272 0.002751 -43.059738 1.131217 11.210899 1.396907 66.586300 1.662598 90.974860 nan 3.871867 0.000237 719.167206 0.132071
205.501944 2007 291.599866 6.699761 749.904361 48.469226 0.138580 0.001836 -44.885052 0.656132 8.245647 1.173400 66.369693 1.690668 92.207653 nan 3.871855 0.000237 719.173701 0.131843
212.501944 2007 336.708581 8.275208 1088.057843 49.671215 0.144979 0.001937 -51.762316 0.780664 6.240777 1.183114 68.013023 1.585565 96.480526 nan 3.871844 0.000237 719.180024 0.131941
219.501944 2007 495.766672 13.714602 1248.978917 98.805522 0.124206 0.010097 -51.179834 3.775572 5.311613 3.322631 61.879226 2.869690 85.132366 nan 3.871825 0.000237 719.190475 0.131966
226.501944 2007 316.266093 7.380797 831.194657 43.654206 0.137607 0.001535 -50.764587 0.788027 1.817268 1.082037 60.488437 1.376047 90.394925 nan 3.871813 0.000236 719.197053 0.131688
240.501944 2007 271.005889 7.452265 950.645604 83.260886 0.131070 0.006793 -55.429624 2.976212 -0.975245 2.992179 53.652880 3.008147 81.874198 nan 3.871799 0.000237 719.204673 0.131831
247.501944 2007 743.992289 17.209443 1907.311987 51.426483 0.142901 0.001666 -54.265948 1.011502 -1.402826 0.914209 49.410538 0.816916 86.727242 nan 3.871801 0.000237 719.203766 0.131806
254.501944 2007 336.943376 7.538106 951.973133 41.699752 0.127161 0.002196 -50.718852 1.110751 -1.711772 0.947008 44.409846 0.783266 75.485435 nan 3.871802 0.000236 719.202664 0.131535
261.501944 2007 185.601240 4.401707 462.962672 23.363630 0.106276 0.003109 -43.417557 1.261579 -1.202623 1.042519 38.747080 0.823460 61.489781 nan 3.871810 0.000236 719.198580 0.131431
268.501944 2007 578.639355 17.923326 1502.372235 125.752810 0.142181 0.002459 -46.767894 1.453446 0.405416 1.001307 44.531881 0.549168 76.624751 nan 3.871809 0.000236 719.198873 0.131563
275.501944 2007 954.948072 21.268608 2496.171446 62.580707 0.135516 0.008400 -47.608235 3.003618 2.426346 1.744765 43.383122 0.485913 71.818734 nan 3.871819 0.000236 719.193495 0.131476
282.501944 2007 595.810143 13.686205 1480.171624 37.339788 0.123045 0.002390 -40.798000 1.357056 2.769980 1.005170 40.836029 0.653283 62.979928 nan 3.871825 0.000236 719.189769 0.131258
289.501944 2007 347.977787 8.516510 853.978682 52.614506 0.107586 0.003978 -35.540946 1.485552 5.363225 1.300192 46.774264 1.114831 54.097153 nan 3.871833 0.000236 719.185498 0.131301
296.501944 2007 522.337264 14.541998 1262.439457 102.871253 0.134980 0.008064 -43.454261 3.013716 8.624129 1.980329 51.111709 0.946943 65.808123 nan 3.871841 0.000236 719.181017 0.131640
303.501944 2007 578.794188 14.665647 1491.244041 65.213544 0.160185 0.013594 -40.408830 3.151028 11.115445 2.093258 54.176189 1.035489 63.873014 nan 3.871851 0.000236 719.175936 0.131713
310.501944 2007 193.138247 4.201164 526.738095 15.590859 0.114102 0.001973 -29.399076 1.503272 11.788415 1.201562 45.990159 0.899852 56.397790 nan 3.871852 0.000236 719.175203 0.131700
317.501944 2007 163.076538 3.313286 334.827484 14.571397 0.123504 0.005594 -34.983107 1.978170 13.418428 1.668070 55.101202 1.357971 60.334498 nan 3.871862 0.000237 719.169535 0.131857
324.501944 2007 669.537773 19.858723 2334.436000 162.041735 0.137393 0.004240 -35.622151 1.739675 13.810306 1.516389 57.620157 1.293103 68.124189 nan 3.871867 0.000237 719.167273 0.132272
331.501944 2007 534.893557 11.373707 1194.916721 49.764467 0.104293 0.016292 -55.235246 4.000135 16.354020 4.213427 59.961534 4.426719 59.619097 nan 3.871875 0.000237 719.162508 0.132299
338.501944 2007 285.904539 6.321562 661.223615 12.402230 0.099306 0.010388 -25.120424 1.547550 18.304248 1.289503 59.780583 1.031456 61.040766 nan 3.871863 0.000237 719.169288 0.132238
345.501944 2007 278.790172 7.003335 808.545169 41.343240 0.128205 0.011012 -33.113225 3.220420 19.035036 2.380024 65.830995 1.539628 67.572297 nan 3.871854 0.000238 719.174486 0.132339
352.501944 2007 606.637603 14.583098 1751.826700 69.039802 0.163778 0.018607 -43.286222 4.326027 19.517661 2.741589 73.231157 1.157152 75.372191 nan 3.871839 0.000238 719.182735 0.132674
359.501944 2007 371.280723 7.451348 961.464845 30.230543 0.149786 0.014737 -34.948009 4.303664 18.815215 2.730407 66.846758 1.157151 77.098212 nan 3.871837 0.000238 719.184175 0.132580
1.501944 2008 228.153213 5.295358 533.878991 19.675057 -13.411934 13.518879 -33.823008 1.374505 15.159125 1.418788 64.730846 1.463070 69.739674 nan 3.871818 0.000238 719.194866 0.132514
8.501944 2008 409.348121 9.356059 1223.398800 45.222051 0.191035 0.020054 -43.616622 6.240884 17.409540 3.712490 68.633778 1.184096 75.717184 nan 3.871811 0.000238 719.198852 0.132706
15.501944 2008 550.929400 11.677435 1427.275259 45.845086 0.169203 0.015369 -53.092112 5.220389 11.994348 3.375340 69.683637 1.530291 83.122154 nan 3.871798 0.000239 719.205971 0.133056
22.501944 2008 400.222683 8.490197 1015.310700 50.329025 0.174471 0.019193 -48.686906 6.702024 12.288683 4.031190 67.985252 1.360357 72.557818 nan 3.871790 0.000239 719.210597 0.133089
29.501944 2008 385.763226 14.386979 1063.053150 185.011868 0.155556 0.016203 -48.300176 5.682038 7.460810 3.736618 60.753930 1.791198 72.926255 nan 3.871773 0.000239 719.219890 0.133233
36.501944 2008 565.838867 13.215163 1508.298811 59.414609 0.187917 0.021715 -49.641066 8.344059 11.103893 4.681404 52.559481 1.018750 64.247443 nan 3.871771 0.000240 719.221640 0.133587
43.501944 2008 710.967595 15.191973 1789.457855 54.557831 0.200833 0.022767 -51.004716 6.952098 -0.575949 6.927239 48.148828 6.902379 59.492502 nan 3.871754 0.000241 719.231196 0.134037
50.501944 2008 579.414775 11.658073 1370.588104 66.876906 0.179101 0.019045 -57.362305 1.029538 -9.272391 4.112384 51.695755 7.195230 69.695849 nan 3.871746 0.000241 719.235624 0.134023
57.501944 2008 718.534352 21.832927 2183.995587 246.502633 0.131222 0.025602 -54.128853 0.953308 -11.747608 3.721300 45.673468 6.489292 57.301362 nan 3.871741 0.000241 719.238584 0.134078
64.465833 2008 908.568665 20.906899 2339.945667 78.985732 0.176058 0.019580 -52.456505 0.998207 -9.165141 3.807618 43.249738 6.617030 63.837947 nan 3.871915 0.000241 719.141267 0.134408
71.501944 2008 1165.469211 26.473323 2923.433364 130.901192 0.189418 0.021317 -50.977497 0.901550 -9.651794 3.924498 43.765839 6.947445 59.281937 nan 3.871744 0.000241 719.237084 0.134474
78.501944 2008 854.011093 19.308034 2095.437415 109.588120 0.157176 0.012648 -51.132619 3.142216 -0.201843 3.154262 47.934878 3.166308 69.568648 nan 3.871744 0.000241 719.236755 0.134219
85.501944 2008 1187.587192 35.294241 3636.078103 311.160264 0.168720 0.017720 -45.156997 5.273488 5.844148 3.010264 41.880920 0.747039 59.336626 nan 3.871755 0.000241 719.230535 0.134120
92.501944 2008 1700.583292 40.649049 4258.057870 175.581687 0.191035 0.019985 -44.791397 5.681999 10.145954 3.259359 49.491293 0.836718 59.398647 nan 3.871769 0.000241 719.222858 0.134235
99.501944 2008 1043.163978 20.398098 2200.692882 56.594920 0.196958 0.020682 -39.866657 5.471214 11.631062 3.175890 51.538646 0.880566 60.206337 nan 3.871766 0.000241 719.224793 0.134340
106.501944 2008 670.637049 13.656592 1387.882693 65.638745 0.156250 0.013729 -38.183852 3.285550 8.787379 2.131154 54.958052 0.976758 63.837310 nan 3.871784 0.000241 719.214623 0.134101
113.501944 2008 692.967533 19.633906 2560.731066 117.299840 0.137778 0.009800 -36.864710 2.149578 9.791415 1.482618 46.863672 0.815659 62.729002 nan 3.871787 0.000241 719.213018 0.134032
120.501944 2008 849.644695 19.500561 2383.800038 75.359581 0.147111 0.009298 -36.256421 2.148102 11.331029 1.483715 50.919436 0.819329 66.910711 nan 3.871797 0.000241 719.207307 0.134261
127.465833 2008 521.016867 9.631821 1073.113198 28.795601 0.159954 0.013104 -34.832817 2.637811 13.488294 1.768738 54.373560 0.899666 68.238846 nan 3.871716 0.000243 719.253012 0.135328
134.501944 2008 251.806913 5.363486 590.992982 14.653981 0.111111 0.002189 -26.019350 1.571549 15.329594 1.309315 54.544745 1.047080 59.232024 nan 3.871803 0.000241 719.203753 0.134079
141.501944 2008 287.223619 6.706166 703.371200 42.473362 0.134188 0.008448 -35.671276 1.985746 15.115756 1.739842 62.741282 1.493937 67.742586 nan 3.871818 0.000241 719.195471 0.134040
148.501944 2008 206.406318 4.638262 582.775468 26.289941 0.138169 0.002389 -38.542614 1.717520 15.738207 1.488466 66.863632 1.259412 76.353730 nan 3.871809 0.000241 719.200509 0.134097
155.501944 2008 164.088645 3.851984 497.764538 26.766259 0.086831 0.030061 -34.916325 1.503399 14.377447 2.337973 66.638513 3.172547 72.192232 nan 3.871807 0.000240 719.201453 0.134001
162.501944 2008 145.184946 3.465085 444.983969 27.398931 0.141987 0.010365 -32.564653 2.059514 15.756394 2.387060 69.709335 2.714605 79.620294 nan 3.871799 0.000240 719.205668 0.133623
169.501944 2008 614.406832 14.095244 1596.240238 59.999394 0.141461 0.003049 -37.379011 1.071395 15.544812 1.369371 73.211227 1.667347 88.703382 nan 3.871787 0.000239 719.212484 0.133395
176.501944 2008 297.677154 6.417413 806.153202 36.098717 0.133128 0.003384 -46.063609 1.378329 14.336376 1.633191 73.693492 1.888053 86.594771 nan 3.871779 0.000239 719.216875 0.133443
190.501944 2008 154.520241 9.588414 1638.930617 312.161592 -5.777058 0.327927 -38.615697 0.331483 -1.019763 1.093136 63.826217 1.854789 57.954751 nan 3.871764 0.000239 719.224982 0.132903
197.501944 2008 415.673796 9.754152 1169.109120 44.643530 0.145085 0.001319 -51.410787 0.746998 7.871878 1.206141 69.685609 1.665283 98.573660 nan 3.871742 0.000238 719.237351 0.132831
204.501944 2008 344.282312 8.712949 973.691087 56.896112 0.138996 0.002187 -51.435508 0.851992 4.734096 1.241038 64.500082 1.630085 94.809335 nan 3.871735 0.000239 719.241118 0.133069
211.501944 2008 157.379752 3.433400 422.002679 17.784396 0.126923 0.002406 -51.302269 0.960516 2.297528 1.194083 59.159149 1.427651 86.371941 nan 3.871723 0.000239 719.247960 0.133009
218.501944 2008 80.570339 1.823370 192.462807 8.016985 -0.634980 0.198782 -45.726761 5.243607 5.377833 4.038057 45.759872 2.832507 40.003306 nan 3.871705 0.000238 719.257889 0.132868
225.501944 2008 448.648597 12.006342 1162.487133 82.294945 0.142695 0.001376 -58.969505 1.018762 -1.651382 1.009650 54.577289 1.000539 93.967045 nan 3.871698 0.000239 719.261752 0.132971
232.501944 2008 355.349424 11.215019 1037.873064 112.709836 0.136831 0.002095 -57.656178 1.188847 -2.345730 1.026755 51.040578 0.864664 88.106436 nan 3.871692 0.000239 719.265387 0.133267
239.501944 2008 136.301546 3.075093 351.017547 13.688080 0.114095 0.001967 -52.837851 1.187349 -3.398730 0.973728 42.586078 0.760108 72.394836 nan 3.871694 0.000239 719.264115 0.133175
246.501944 2008 445.946557 16.237916 2244.436409 167.176764 0.117628 0.011930 -54.178040 1.846477 -4.804621 2.405485 45.864730 2.964494 63.250239 nan 3.871691 0.000239 719.265413 0.133011
253.501944 2008 329.299247 6.516548 788.289875 30.888797 0.141872 0.002038 -56.916129 1.379513 -2.535583 0.967890 45.987649 0.556267 82.115738 nan 3.871691 0.000239 719.265881 0.133051
260.501944 2008 306.180808 8.653542 887.328936 65.780756 0.140812 0.009965 -48.847389 1.508702 -3.572177 2.257250 42.466815 3.005799 71.016819 nan 3.871700 0.000239 719.260542 0.133261
274.501944 2008 264.582704 10.712145 1609.386332 103.568211 1.517747 0.273763 -46.869454 2.812473 -2.452014 3.039016 46.869454 3.265558 72.028334 nan 3.871707 0.000239 719.256997 0.132970
281.501944 2008 476.387029 16.588696 1383.170266 140.375147 0.126190 0.012532 -41.777555 1.370121 2.614139 1.794708 52.511701 2.219295 68.890752 nan 3.871723 0.000239 719.247972 0.133142
288.318611 2008 591.574771 16.428958 1463.055498 112.406159 0.142556 0.002058 -43.994713 1.571166 5.506848 1.215280 48.299593 0.859394 70.555260 nan 3.872003 0.000247 719.092247 0.137511
295.501944 2008 179.185878 3.771055 408.949726 27.979303 0.130662 0.003107 -39.535706 1.588315 7.795418 1.242223 47.184681 0.896132 65.204369 nan 3.871732 0.000239 719.243112 0.133440
302.501944 2008 212.003611 5.845460 872.015224 58.887635 -0.107222 0.100323 -38.972647 3.175416 11.983868 2.615365 54.588146 2.055314 50.802945 nan 3.871825 0.000239 719.190981 0.133407
309.501944 2008 148.436651 4.437703 434.930367 38.467882 0.044551 0.050899 -48.550697 3.441510 10.047267 3.162122 54.421356 2.882735 59.112751 nan 3.871915 0.000240 719.141059 0.133633
316.501944 2008 200.873933 5.559084 649.116077 28.965927 0.053030 0.006587 -33.967004 4.552330 14.462156 4.311666 57.117648 4.071003 26.415093 nan 3.871922 0.000241 719.137633 0.134023
337.501944 2008 92.369084 4.871182 310.406525 40.905969 -0.294097 0.047861 -60.953048 5.667522 20.159489 5.474504 68.100466 5.281487 16.732971 nan 3.871924 0.000241 719.136532 0.134408
365.501944 2008 57.310003 2.576401 225.264032 21.347508 -187.409052 23.984395 -48.097335 4.626922 7.695892 4.520385 70.155601 4.413847 56.377407 nan 3.871876 0.000242 719.163582 0.134842
34.501944 2009 132.550890 5.309822 548.489748 66.879586 1.857307 0.248553 -60.501917 3.314971 -21.804216 4.170998 53.700696 5.027026 17.818078 nan 3.871805 0.000244 719.203994 0.136183
41.501944 2009 76.326617 6.027423 218.495267 33.468463 -3.629802 0.280666 -55.722271 2.543712 -3.870264 2.676141 47.855687 2.808569 55.412130 nan 3.871804 0.000245 719.205020 0.136254
48.501944 2009 224.366018 6.654934 680.252361 50.049700 0.060139 0.011440 -59.265459 4.888773 -4.489727 5.011153 47.563347 5.133532 29.673969 nan 3.871795 0.000245 719.209687 0.136467
55.501944 2009 98.408459 3.079984 339.461459 28.372566 -0.434749 0.111291 -56.779507 4.361342 -2.377668 4.407846 44.546584 4.454351 28.922876 nan 3.871800 0.000246 719.207399 0.136830
62.501944 2009 78.849389 2.446631 293.684155 12.739518 -0.025588 0.022647 -54.719973 4.532904 -1.760734 4.607820 45.045275 4.682737 14.357965 nan 3.871809 0.000246 719.202479 0.136949
69.501944 2009 149.948319 8.051907 608.208925 141.571761 0.337309 0.217086 -49.668393 4.421270 4.243970 4.283497 48.599518 4.145725 25.190487 nan 3.871806 0.000246 719.203749 0.136799
76.501944 2009 159.294167 5.060214 584.830000 53.265268 0.040000 0.009256 -55.251395 4.037038 -0.692677 4.206046 58.031527 4.375054 21.124351 nan 3.871812 0.000246 719.200590 0.136857
83.501944 2009 155.053905 14.994349 484.740507 54.810960 -0.006421 0.014899 -53.736145 3.585186 5.642484 3.801369 54.578607 4.017551 17.980378 nan 3.871816 0.000246 719.198884 0.137142
97.501944 2009 83.058067 6.306550 613.339108 50.966522 -0.039858 0.021908 -57.256802 4.664613 0.575132 4.772648 58.578542 4.880683 17.523629 nan 3.871831 0.000246 719.190179 0.137092
104.501944 2009 87.980737 3.244357 345.050412 24.060473 -0.235967 0.069104 -59.873189 4.346468 1.329022 4.191216 48.269003 4.035964 14.467208 nan 3.871842 0.000246 719.184121 0.137252
125.501944 2009 151.704298 13.205115 713.546559 77.211725 -0.156609 0.076179 -64.518868 7.072371 13.982940 7.115527 67.087034 7.158683 25.524731 nan 3.871862 0.000247 719.173282 0.137591
132.501944 2009 103.667780 8.766927 435.493125 91.830505 -0.374820 0.052213 -68.319999 5.397338 21.477279 5.356245 68.319999 5.315152 12.182714 nan 3.871868 0.000247 719.170177 0.137762
153.501944 2009 36.166425 4.958775 187.239728 29.856052 -0.076975 0.154598 -52.209578 4.609454 40.161141 4.847245 74.089862 5.085036 18.763784 nan 3.871847 0.000247 719.181653 0.137667
160.501944 2009 11.528975 1.457539 156.577545 41.485706 -1.769264 0.333611 -63.370039 2.863255 59.827542 2.897020 73.398007 2.930785 8.925710 nan 3.871845 0.000247 719.182574 0.137659
174.501944 2009 19.117439 1.216204 247.029440 13.620388 -0.037135 0.029388 -44.412859 9.943410 0.029989 9.915684 69.208050 9.887957 12.417468 nan 3.871828 0.000247 719.192089 0.137522
195.501944 2009 71.808614 2.624140 320.508072 21.574668 1.808379 0.296008 -55.331296 4.529888 5.388242 4.734882 61.883561 4.939877 43.743905 nan 3.871782 0.000247 719.217627 0.137654
202.501944 2009 420.868258 17.714739 2125.996437 424.191344 -0.077431 0.047223 -58.159449 5.645645 0.180533 5.586901 58.969697 5.528157 51.937153 nan 3.871775 0.000247 719.221783 0.137609
216.501944 2009 122.767958 3.644130 415.020305 31.002166 0.973519 0.335784 -57.625984 4.725198 -4.771437 4.660626 49.001194 4.596054 46.365554 nan 3.871749 0.000247 719.236657 0.137908
230.501944 2009 107.048508 4.654626 719.622427 73.082968 2.053282 0.188008 -58.406425 2.911218 -28.189304 3.436497 42.854670 3.961777 23.547357 nan 3.871743 0.000248 719.239710 0.138011
249.774167 2009 28.785443 2.825641 122.493942 25.669689 0.316826 0.160950 -35.157624 3.456123 13.429841 3.733940 40.177174 4.011758 19.510801 nan 3.871647 0.000347 719.293402 0.193556
279.501944 2009 12.839047 3.277530 740.662967 362.579810 0.557738 0.651030 -48.715697 9.021504 16.572789 9.144349 48.781943 9.267195 14.116704 nan 3.871771 0.000248 719.224369 0.138433
293.501944 2009 116.267408 8.064170 919.788305 61.302411 0.670752 0.411695 -53.195915 7.651725 6.473263 7.398334 51.976508 7.144943 46.457901 nan 3.871798 0.000249 719.209705 0.138623
300.501944 2009 135.943372 5.254508 547.797563 53.076236 -0.252568 0.067806 -40.106303 4.183622 6.680810 3.899512 55.973856 3.615402 27.037269 nan 3.871802 0.000249 719.207677 0.139019
307.501944 2009 122.906054 4.720979 450.469482 35.808733 -0.006481 0.010590 -47.353595 4.013707 17.691949 3.777565 59.065831 3.541423 23.329029 nan 3.871807 0.000250 719.205190 0.139243
314.501944 2009 56.648224 5.655351 201.586685 20.343261 0.440054 0.255044 -57.029144 5.261720 3.385186 5.326413 63.113075 5.391106 13.360493 nan 3.871815 0.000250 719.200545 0.139245
321.501944 2009 81.075964 10.159326 256.987923 17.638038 0.217982 0.191840 -68.226427 4.516662 11.068407 4.457997 67.797536 4.399333 20.697039 nan 3.871805 0.000250 719.206430 0.139441
328.501944 2009 57.415010 2.651272 231.693499 16.495372 -0.233120 0.034069 -70.958441 4.800600 12.105881 4.590189 64.675041 4.379777 29.141856 nan 3.871805 0.000251 719.206266 0.139778
342.501944 2009 15.600600 2.379454 232.055540 105.917923 -0.210736 0.050530 -73.483733 7.633842 38.004413 7.509031 75.176546 7.384220 8.488918 nan 3.871776 0.000251 719.222438 0.139794
349.501944 2009 4.184405 0.898151 149.711443 62.798412 -1.765952 0.165391 -72.179405 7.071680 46.624167 6.724918 72.497975 6.378156 11.080059 nan 3.871771 0.000251 719.225577 0.139914
19.501944 2010 100.725728 3.927842 420.076667 43.108331 2.363287 0.170597 -60.348693 2.017098 -4.812636 2.290490 55.142586 2.563883 73.756634 nan 3.871698 0.000254 719.267284 0.141326
47.501944 2010 202.671849 7.165169 740.410731 62.111472 1.036806 0.324210 -58.456574 3.464290 -12.085118 4.052069 53.483784 4.639848 38.908331 nan 3.871675 0.000256 719.280784 0.142591
54.501944 2010 59.392663 2.198195 142.980630 10.685669 -0.340887 0.046672 -61.076571 3.599865 8.229972 3.607445 61.076571 3.615026 21.260396 nan 3.871682 0.000256 719.276791 0.142698
68.501944 2010 138.400895 11.379825 542.963389 102.486204 0.087401 0.120825 -51.824165 3.861701 3.350788 3.907313 52.309017 3.952926 22.258465 nan 3.871692 0.000257 719.271472 0.142993
75.501944 2010 108.812876 12.418981 352.064249 32.896078 -0.311770 0.074791 -47.317763 3.697369 13.004641 3.972413 61.017337 4.247457 17.904278 nan 3.871691 0.000257 719.272548 0.143280
82.290833 2010 59.036853 4.187475 186.405153 13.654138 -0.205449 0.026296 -59.960482 2.925903 4.394860 3.253766 58.806476 3.581629 15.241819 nan 3.871773 0.000264 719.226229 0.147342
89.501944 2010 140.185923 6.707862 530.566996 64.273234 -0.343254 0.069471 -61.174787 4.499284 1.484050 4.683266 61.174787 4.867248 28.986814 nan 3.871704 0.000257 719.265376 0.143478
96.501944 2010 4486.073164 142.645269 17311.350609 1316.526155 0.137073 0.017605 -40.962165 3.814798 8.413947 2.503212 51.863344 1.191626 63.667150 nan 3.871756 0.000258 719.236439 0.143834
103.501944 2010 1887.144510 68.211933 6630.624179 900.026451 0.125794 0.007588 -41.524953 2.544330 8.689624 1.810289 52.729908 1.076249 67.808868 nan 3.871898 0.000259 719.157494 0.144249
110.501944 2010 375.426497 9.665511 1383.243738 78.134310 0.128846 0.009078 -32.454154 1.913923 10.664254 1.738910 64.558974 1.563897 64.080685 nan 3.871917 0.000259 719.147287 0.144414
117.501944 2010 191.978793 4.489212 628.686450 31.499981 0.046875 0.014417 -65.232114 4.639402 -0.086694 5.586638 61.312212 6.533874 42.130201 nan 3.871925 0.000260 719.142908 0.144650
124.501944 2010 1675.866530 61.136854 4115.341176 236.169119 0.105018 0.020377 -57.654578 4.266703 11.507749 4.458678 67.047830 4.650653 67.563580 nan 3.871929 0.000260 719.140796 0.145017
131.501944 2010 1129.508127 30.633416 2780.622308 249.461862 0.098433 0.016596 -70.470931 5.522401 3.797226 6.440943 65.347860 7.359484 55.948141 nan 3.871924 0.000261 719.144071 0.145303
138.501944 2010 503.360905 12.970253 1626.638342 230.223279 0.105208 0.017446 -71.615004 4.955133 7.521503 5.944735 68.430614 6.934338 62.605076 nan 3.872281 0.000256 718.943455 0.142749
145.501944 2010 374.783862 17.970324 1245.269141 258.596481 0.094856 0.004932 -37.777290 2.074192 14.155339 2.220534 64.035904 2.366875 61.394225 nan 3.871919 0.000261 719.146590 0.145366
159.501944 2010 768.985216 17.348620 1752.879581 57.620030 0.129732 0.002158 -43.799422 0.841613 11.390021 1.242826 67.797268 1.644040 87.466207 nan 3.871898 0.000261 719.158450 0.145641
166.501944 2010 498.666358 10.639140 1056.922741 53.667832 0.128846 0.004045 -52.403206 1.614193 10.431034 1.797845 76.190227 1.981497 88.556137 nan 3.871879 0.000261 719.168882 0.145483
173.501944 2010 274.247331 5.417413 593.758562 14.992224 0.125427 0.002733 -47.133158 1.326356 7.609119 1.497126 67.410439 1.667895 87.404199 nan 3.871878 0.000261 719.169846 0.145512
180.501944 2010 453.687638 9.706405 1152.864204 47.738451 0.118870 0.014106 -56.809248 5.602517 9.285775 3.535831 67.640491 1.469146 90.417113 nan 3.871861 0.000262 719.178968 0.145737
187.501944 2010 241.533250 5.264779 688.981546 30.091152 0.134774 0.001394 -54.717890 0.935960 1.157831 1.093305 61.756785 1.250650 94.401608 nan 3.871842 0.000262 719.189763 0.145918
194.501944 2010 159.746313 3.376342 410.883041 14.896847 0.120782 0.003450 -60.448147 1.639387 -1.156921 1.470926 52.852232 1.302465 84.287368 nan 3.871826 0.000262 719.199069 0.145927
208.501944 2010 333.500077 9.337743 1187.730134 61.516042 0.116346 0.024182 -65.723090 3.581467 -7.878039 4.484226 48.705609 5.386986 81.907362 nan 3.871800 0.000263 719.213626 0.146523
215.501944 2010 1189.054800 41.336636 5749.011706 465.577991 0.138580 0.002641 -64.846863 1.613839 -6.708447 1.393686 49.394620 1.173533 91.000751 nan 3.871792 0.000263 719.218133 0.146705
222.501944 2010 786.515737 21.163992 2394.588517 210.873798 0.132716 0.001860 -63.828013 1.438299 -7.805406 1.079694 44.702471 0.721088 85.306879 nan 3.871792 0.000263 719.218565 0.146648
229.501944 2010 337.206409 7.599350 984.334424 35.376149 0.119445 0.002921 -57.350172 1.448942 -8.321588 1.301409 36.916272 1.153876 74.778489 nan 3.871792 0.000263 719.218537 0.146748
236.501944 2010 517.929676 12.882269 1583.235623 72.886939 0.123457 0.007739 -59.803533 3.045891 -6.208709 2.551622 45.736252 2.057352 73.630667 nan 3.871799 0.000264 719.214515 0.146957
243.501944 2010 437.384126 9.187417 1179.432231 47.479276 0.142696 0.002569 -56.200524 1.439284 -5.374502 1.107359 41.714999 0.775434 81.746747 nan 3.871801 0.000264 719.213381 0.146957
250.446389 2010 228.223554 4.399251 462.465590 13.051652 0.135363 0.002539 -54.477301 1.468560 -4.409691 1.255203 46.548561 1.041846 75.536538 nan 3.872051 0.000265 719.073836 0.147420
257.501944 2010 188.240874 4.999730 524.761489 46.718986 0.120679 0.010019 -51.116514 3.746595 -0.996464 3.561104 51.893383 3.375614 65.913045 nan 3.871811 0.000264 719.207777 0.146917
264.501944 2010 363.955089 39.202399 3832.215037 1366.237885 -0.198718 0.066657 -51.310112 6.049664 12.571872 5.509315 56.097731 4.968965 33.684276 nan 3.871810 0.000264 719.208780 0.147186
285.501944 2010 480.718096 13.729934 1488.333374 82.551222 -0.350087 0.126573 -41.215430 3.295643 12.999229 2.324947 55.238681 1.354251 61.667659 nan 3.871856 0.000265 719.183513 0.147697
292.501944 2010 225.573256 9.531616 727.964517 93.839244 0.033224 0.012428 -55.745619 4.604538 6.795280 4.690934 59.042522 4.777329 30.411715 nan 3.871855 0.000266 719.184308 0.148125
299.501944 2010 769.344731 35.425184 1784.471894 174.787862 0.108761 0.019260 -61.475639 5.779260 8.839899 6.134063 59.661402 6.488865 48.919632 nan 3.871869 0.000266 719.176413 0.148299
313.501944 2010 305.855898 11.384554 1425.176157 157.528960 0.029910 0.015841 -58.354925 4.673849 21.744143 3.923669 69.155874 3.173488 45.469362 nan 3.871867 0.000267 719.178194 0.148702
320.501944 2010 245.868139 5.243194 631.832758 39.219059 0.165856 0.028107 -57.977574 6.399200 17.831181 5.394215 61.090848 4.389230 61.795860 nan 3.871850 0.000267 719.187478 0.148973
327.501944 2010 125.733961 2.687332 270.253497 15.630614 0.112739 0.017211 -35.977417 5.635827 20.889273 3.739046 73.522427 1.842264 63.804197 nan 3.871848 0.000267 719.188829 0.149027
341.501944 2010 27.189365 1.352158 161.034642 11.206802 0.416667 0.365454 -61.022669 6.291402 -2.406831 6.633350 70.539391 6.975298 30.736932 nan 3.871833 0.000268 719.197070 0.149228
348.501944 2010 148.505242 4.915921 521.613267 42.725717 -0.079564 0.051886 -58.131568 5.889703 5.127423 5.905384 69.712597 5.921064 33.746835 nan 3.871812 0.000268 719.209085 0.149487
4.501944 2011 69.324837 3.192282 237.881969 33.706021 1.511859 0.084705 -50.828348 1.862323 6.359576 1.645478 48.296343 1.428634 69.397292 nan 3.871765 0.000270 719.235885 0.150252
11.501944 2011 186.225323 4.794715 632.608753 22.390345 0.051605 0.008914 -68.236784 5.190738 -1.719067 5.140837 58.288886 5.090937 30.993722 nan 3.871747 0.000271 719.246464 0.150728
18.501944 2011 131.063775 3.231072 376.229826 24.628032 0.082484 0.010370 -68.466990 5.574471 -4.959127 5.639647 52.694956 5.704823 53.009373 nan 3.871738 0.000271 719.251320 0.150996
39.501944 2011 436.410609 11.067775 1245.601800 64.667433 0.149074 0.020483 -57.690984 2.765386 -13.800825 4.280982 38.179385 5.796578 58.697835 nan 3.871722 0.000273 719.261197 0.152172
46.501944 2011 230.495073 5.924589 560.458985 35.411022 0.117063 0.016079 -57.541511 4.096723 -7.241848 4.369116 52.593971 4.641508 60.951938 nan 3.871728 0.000273 719.257933 0.152241
53.501944 2011 140.890528 5.970193 665.349441 130.465254 0.029887 0.005061 -55.601340 4.124405 -6.372870 4.381342 61.038338 4.638279 20.255614 nan 3.871737 0.000274 719.252876 0.152489
60.501944 2011 932.928778 30.385910 3298.179414 202.674006 -0.136042 0.048481 -50.763749 5.097221 3.241987 4.655232 59.929381 4.213242 41.645182 nan 3.871735 0.000274 719.254313 0.152825
67.501944 2011 1441.952306 61.054698 4396.647229 519.967225 0.119259 0.012889 -53.054755 4.314448 0.941366 4.180976 62.832564 4.047504 68.556219 nan 3.871736 0.000275 719.254275 0.153123
74.501944 2011 965.570696 32.226137 3141.618971 534.546529 0.129218 0.015086 -63.188195 1.661836 -4.887705 3.479986 63.059961 5.298136 64.960873 nan 3.871745 0.000275 719.249038 0.153249
81.501944 2011 258.815937 5.464328 534.310312 29.053050 0.137333 0.010104 -45.702590 2.801895 1.666064 2.086697 45.958033 1.371499 67.115352 nan 3.871759 0.000275 719.241709 0.153499
88.501944 2011 218.787984 11.266733 625.376690 115.960398 0.042241 0.018201 -38.685921 2.760568 3.427004 2.468925 54.155362 2.177281 37.736363 nan 3.871763 0.000276 719.239722 0.154044
95.501944 2011 867.411745 22.088115 2321.102244 130.644879 0.134156 0.003081 -40.045565 1.455233 4.892587 1.329121 51.860445 1.203009 71.910098 nan 3.871786 0.000277 719.226901 0.154402
101.163056 2011 867.394417 30.624353 1984.979527 250.854899 0.132986 0.003621 -41.474887 1.955831 6.179241 1.817692 55.081534 1.679553 72.442134 nan 3.871986 0.000355 719.116607 0.197856
108.252083 2011 405.923390 12.502423 889.482745 32.612150 0.112654 0.012419 -32.991136 3.359791 10.984883 2.883960 66.330653 2.408129 68.224761 nan 3.871816 0.000347 719.210739 0.193192
116.502083 2011 316.754229 18.556356 3308.853553 1169.927503 0.045833 0.029291 -67.330779 4.829939 5.245141 5.721717 65.944881 6.613494 58.131206 nan 3.871808 0.000279 719.215744 0.155501
123.502083 2011 1379.766588 32.053640 2972.886600 133.065952 0.124352 0.011367 -68.869302 3.800203 10.752388 4.051172 67.203955 4.302141 76.434631 nan 3.871793 0.000280 719.224183 0.155765
130.502083 2011 642.215319 15.050248 1552.428967 79.958924 0.090605 0.015474 -70.236652 4.331773 12.621109 4.616381 70.236652 4.900988 72.238879 nan 3.871789 0.000280 719.226606 0.155780
137.502083 2011 379.449130 7.685599 775.674300 31.503270 0.125595 0.008203 -38.170005 2.532660 13.368137 2.080825 68.617523 1.628991 83.259203 nan 3.871781 0.000280 719.230833 0.156031
144.502083 2011 373.627345 23.170372 1544.794243 520.898646 0.075096 0.009850 -64.864564 2.673945 8.643883 3.309340 57.264568 3.944735 54.944120 nan 3.871778 0.000280 719.232827 0.156250
151.502083 2011 1674.768423 40.945421 4384.266581 376.315368 0.141560 0.002132 -60.237667 1.162262 9.202490 1.403099 67.152798 1.643937 95.825935 nan 3.871772 0.000281 719.236319 0.156372
158.502083 2011 675.782448 18.244428 1722.170030 177.479685 0.131731 0.002670 -49.663228 1.048486 7.521560 1.432794 69.965114 1.817101 91.071206 nan 3.871756 0.000280 719.245383 0.156258
165.502083 2011 269.900317 5.734706 656.873859 35.384849 0.133975 0.001857 -56.198350 0.950004 4.779091 1.243015 67.686238 1.536025 93.541616 nan 3.871749 0.000281 719.249127 0.156414
172.502083 2011 352.360835 10.765387 1460.685144 101.810055 0.128444 0.004613 -60.391282 2.796797 2.920076 2.328052 65.268906 1.859306 89.939478 nan 3.871721 0.000281 719.264812 0.156724
179.502083 2011 353.323701 8.675287 1031.307413 44.542071 0.134465 0.002303 -58.653285 1.251463 -1.093148 1.283466 56.567584 1.315469 94.531422 nan 3.871710 0.000281 719.271010 0.156839
186.502083 2011 466.636107 14.041898 1174.840896 81.701973 0.121131 0.005432 -60.943182 2.689542 -3.747200 2.673481 49.615784 2.657420 84.596255 nan 3.871692 0.000282 719.281084 0.156954
193.502083 2011 345.135750 7.270454 925.326800 35.471555 0.153205 0.010278 -67.005504 4.278718 -4.225898 2.579057 54.564431 0.879396 95.110809 nan 3.871683 0.000282 719.286769 0.157267
200.502083 2011 418.034585 10.758532 1340.193977 88.236040 0.137449 0.002327 -65.992549 1.612372 -8.011067 1.160475 46.111832 0.708578 92.954157 nan 3.871661 0.000283 719.299094 0.157678
207.502083 2011 316.251427 7.111386 902.316043 41.574536 0.133333 0.002143 -65.304904 1.421734 -9.419873 1.170150 46.468176 0.918567 88.384377 nan 3.871663 0.000283 719.298185 0.157881
214.502083 2011 433.769841 22.909300 1869.850200 516.502705 0.061523 0.044213 -64.302573 3.422439 -7.420222 2.182723 40.668050 0.943008 77.474041 nan 3.871655 0.000283 719.302725 0.157940
228.502083 2011 322.573804 6.627386 698.458053 36.388459 0.135494 0.002109 -59.210663 1.345272 -9.675631 1.038349 36.403841 0.731426 81.119088 nan 3.871660 0.000284 719.300024 0.158379
235.502083 2011 140.757907 2.951624 289.917609 16.899117 0.103175 0.013908 -58.934196 5.158097 -1.293835 3.942703 62.402014 2.727310 66.929588 nan 3.871668 0.000284 719.295549 0.158359
242.502083 2011 84.705114 7.365075 370.460419 133.345276 -0.276829 0.050878 -53.177168 6.218103 7.245258 5.598550 60.136295 4.978998 33.877025 nan 3.871753 0.000285 719.248535 0.158606
249.502083 2011 473.741170 25.153101 1382.525000 319.035918 0.067292 0.008126 -52.723875 4.485627 -5.155587 4.550953 49.675721 4.616280 37.317877 nan 3.871851 0.000285 719.194130 0.159000
256.502083 2011 1809.233009 48.702137 5693.652500 358.000654 0.113793 0.010808 -53.720480 5.287904 1.472368 3.522707 52.492719 1.757510 63.634456 nan 3.871857 0.000286 719.191291 0.159275
263.502083 2011 492.160712 17.769595 1781.007118 295.244351 0.118803 0.004293 -48.092161 1.730981 -1.126103 1.666510 42.042882 1.602040 63.673934 nan 3.871874 0.000286 719.181474 0.159323
270.502083 2011 1223.682629 40.478889 5463.847619 416.220168 0.117949 0.007424 -45.644026 2.197428 2.053966 2.291528 53.782294 2.385628 62.148942 nan 3.871893 0.000286 719.171320 0.159534
277.502083 2011 829.546342 20.194845 1997.285353 189.091257 0.092172 0.015858 -49.924698 3.672553 -0.584629 4.030507 52.308987 4.388461 60.864136 nan 3.871902 0.000287 719.166417 0.159973
284.502083 2011 322.138695 10.588570 791.090611 54.223511 0.080952 0.017920 -42.209182 4.683214 14.235554 3.580914 57.036413 2.478613 52.333210 nan 3.871910 0.000288 719.162518 0.160365
291.502083 2011 105.519683 3.708751 236.964035 24.958688 -0.042488 0.028341 -61.050348 5.105883 20.835539 5.098509 61.177399 5.091134 27.962589 nan 3.871934 0.000288 719.149086 0.160555
298.502083 2011 407.485611 15.007002 1917.146685 305.783483 -0.092698 0.052980 -53.380828 6.284143 21.621452 3.854158 65.000530 1.424172 52.882064 nan 3.871918 0.000289 719.158350 0.160770
305.502083 2011 508.280026 17.669520 1539.744778 173.914833 0.081801 0.024155 -52.515662 4.567657 12.284221 3.816684 57.857770 3.065711 63.106024 nan 3.871919 0.000289 719.158233 0.161167
311.435417 2011 266.567409 7.455587 658.452257 44.644965 0.098809 0.015819 -68.766614 4.800887 10.268813 5.296663 60.291598 5.792439 68.423438 nan 3.871464 0.000346 719.411417 0.192662
326.502083 2011 56.360202 1.512690 157.929727 12.328953 0.514497 0.477956 -61.817809 7.549628 12.495735 5.294141 66.675810 3.038654 52.614892 nan 3.871890 0.000290 719.174308 0.161639
333.502083 2011 162.969739 4.857398 533.119360 38.604083 0.071650 0.013897 -42.668150 5.952159 10.931536 5.643102 68.687252 5.334046 43.925543 nan 3.871877 0.000291 719.182142 0.161910
340.502083 2011 139.534482 4.591480 557.268245 39.852743 -0.223944 0.074378 -48.568297 4.696982 3.096687 4.678087 66.014953 4.659192 31.961716 nan 3.871862 0.000291 719.190351 0.162141
354.502083 2011 26.215137 1.169474 140.554534 8.374907 1.581130 0.151026 -57.087075 3.831543 -0.319487 3.841514 52.345422 3.851484 52.040465 nan 3.871829 0.000292 719.209122 0.162538
10.502083 2012 78.364836 2.371125 314.281868 9.746664 0.027233 0.004130 -67.936079 5.357535 -4.597080 5.441247 55.324694 5.524959 14.719847 nan 3.871783 0.000294 719.235948 0.163874
31.502083 2012 383.363652 9.334432 883.238524 45.703476 0.140556 0.019296 -62.887692 1.303925 -14.292073 2.651479 42.425802 3.999033 70.236952 nan 3.871780 0.000297 719.238755 0.165349
38.502083 2012 316.725388 7.453684 860.447513 43.831908 0.117050 0.018525 -67.456023 4.777278 -11.510948 5.186023 64.882201 5.594768 65.308702 nan 3.871765 0.000297 719.246967 0.165480
45.502083 2012 764.252260 23.911802 2495.722652 221.126767 0.099392 0.017391 -64.573349 3.510999 -12.374832 4.122685 61.172848 4.734371 62.958793 nan 3.871771 0.000298 719.244033 0.165839
52.502083 2012 668.061543 17.991151 1668.301441 128.567566 0.118750 0.009489 -51.146180 0.927408 -9.547859 2.202783 46.007528 3.478158 68.399092 nan 3.871772 0.000299 719.243994 0.166343
59.502083 2012 796.522808 27.625559 2662.958269 390.600034 0.118849 0.023003 -54.581352 4.450197 -6.956205 4.943260 64.176975 5.436323 56.087957 nan 3.871781 0.000299 719.238935 0.166607
66.502083 2012 1403.328314 55.336545 6939.677516 1173.946987 0.182672 0.072665 -50.452659 1.459413 -5.990854 2.045142 43.818266 2.630871 66.235260 nan 3.871784 0.000299 719.237411 0.166853
73.502083 2012 1696.450780 50.081979 6457.986345 532.796806 0.131379 0.003328 -46.941676 1.636818 -1.466516 1.533231 47.514040 1.429644 70.170895 nan 3.871806 0.000300 719.225583 0.167246
80.502083 2012 1719.952505 44.647314 4897.723929 279.622192 0.140919 0.009302 -43.733945 2.647465 0.940630 2.071976 47.483253 1.496488 68.713764 nan 3.871810 0.000301 719.223675 0.167855
87.502083 2012 909.126024 22.887962 2618.862531 177.359492 0.104841 0.017164 -63.440521 6.088864 12.545088 5.394458 63.311272 4.700052 53.464027 nan 3.871845 0.000302 719.204858 0.168240
94.502083 2012 756.694592 25.587924 2635.938933 387.032687 0.098755 0.020423 -39.285046 4.014495 8.574135 2.768992 64.881373 1.523489 66.936763 nan 3.871841 0.000303 719.207174 0.168602
101.502083 2012 722.106883 19.786890 2138.151231 203.218310 0.090046 0.016261 -50.771107 5.924817 15.412607 5.029896 65.965538 4.134975 53.700902 nan 3.871847 0.000303 719.204171 0.169097
108.221528 2012 448.986610 13.400938 1251.479650 68.941619 0.072222 0.021693 -66.189267 6.644396 9.861123 6.411037 66.411239 6.177679 56.265540 nan 3.871609 0.000381 719.337013 0.212428
116.096528 2012 2416.727113 81.881953 10908.177952 664.567176 0.107854 0.015827 -68.324335 5.642466 10.351989 5.812961 67.668876 5.983457 64.467687 nan 3.871974 0.000323 719.133663 0.180040
129.502083 2012 1057.101595 27.920865 3189.560794 170.280892 0.107037 0.009770 -71.240205 2.901318 5.884574 4.316021 63.708693 5.730723 72.494904 nan 3.871839 0.000306 719.209537 0.170393
136.502083 2012 694.211869 15.800068 1480.764154 60.860429 0.129273 0.001543 -40.735775 0.723236 8.819749 1.105085 62.030275 1.486934 86.256057 nan 3.871823 0.000306 719.218969 0.170693
143.502083 2012 646.085919 18.305736 1329.719419 133.869165 0.131624 0.003063 -47.737612 0.990400 6.960224 1.462666 63.991433 1.934932 89.722273 nan 3.871814 0.000306 719.224050 0.170650
150.502083 2012 271.215109 5.393083 609.967349 25.634628 0.126496 0.001914 -47.592437 0.775151 4.942076 1.078191 61.433494 1.381231 87.681510 nan 3.871803 0.000306 719.229954 0.170657
157.502083 2012 1019.258747 24.589549 2647.923833 81.280029 0.122016 0.009455 -54.943431 3.874447 4.966920 2.685368 61.849643 1.496289 87.823837 nan 3.871783 0.000307 719.241405 0.170923
164.502083 2012 954.056807 26.156866 2539.892519 264.382412 0.131838 0.001882 -56.506585 1.199226 0.245901 1.208610 56.159462 1.217995 92.493157 nan 3.871762 0.000307 719.253229 0.171175
171.502083 2012 1331.593982 38.442856 4567.114286 424.719743 0.134774 0.003174 -67.265063 1.735264 -3.017782 1.572304 57.593813 1.409343 94.502323 nan 3.871755 0.000307 719.257474 0.171302
178.354861 2012 505.388285 13.799547 1697.838157 181.170920 0.125555 0.001958 -60.444973 1.470221 -5.519401 1.193033 47.726636 0.915845 87.439937 nan 3.871276 0.000315 719.524711 0.175475
185.502083 2012 1178.685016 27.426915 2846.829975 151.729612 0.136831 0.002510 -68.015727 1.706933 -8.395867 1.298815 49.250909 0.890697 94.153764 nan 3.871707 0.000309 719.284247 0.171923
192.502083 2012 1685.320087 46.225416 5110.547607 400.212102 0.095788 0.015911 -66.902008 1.470011 -14.077660 2.424917 42.360096 3.379823 80.599667 nan 3.871702 0.000309 719.287605 0.172326
199.502083 2012 3401.281675 105.117536 14897.047714 643.078695 0.124485 0.004782 -72.647156 2.166920 -11.014600 1.908351 43.685830 1.649781 82.132120 nan 3.871691 0.000309 719.293953 0.172365
206.502083 2012 1784.829593 50.284726 7356.714214 311.274402 0.142798 0.003107 -67.553269 1.556040 -11.105840 1.529151 54.604218 1.502262 90.881134 nan 3.871702 0.000310 719.287802 0.172523
213.502083 2012 880.156736 23.314147 3334.349483 177.752038 0.125595 0.008329 -62.927183 1.457254 -11.673324 2.172431 50.249236 2.887607 80.869557 nan 3.871698 0.000310 719.290146 0.172770
220.502083 2012 435.765717 10.429278 1171.363651 65.596600 0.107348 0.013637 -60.608979 5.956375 -2.393798 4.045410 54.109435 2.134445 70.742858 nan 3.871695 0.000310 719.291825 0.172932
227.502083 2012 343.480884 8.845993 946.310850 82.269002 0.114464 0.009512 -63.976552 3.836913 -11.365773 3.877683 55.922853 3.918452 67.486593 nan 3.871700 0.000310 719.289138 0.172786
234.502083 2012 560.954180 53.397143 1290.010574 275.314677 0.126984 0.008448 -63.352866 3.904902 -7.887931 3.427082 62.405171 2.949262 72.038239 nan 3.871701 0.000310 719.288666 0.172928
241.502083 2012 267.871636 6.523812 612.911849 39.774389 0.071003 0.014936 -58.714240 4.804908 -9.447408 4.982225 55.971366 5.159542 52.098715 nan 3.871709 0.000311 719.284179 0.173205
248.502083 2012 1030.458800 34.354990 4256.837400 441.288008 0.099329 0.009186 -50.684288 4.730897 0.559806 3.355875 51.502571 1.980854 54.807300 nan 3.871722 0.000311 719.277252 0.173410
255.502083 2012 527.529443 11.982812 1272.821042 59.991113 0.122839 0.005289 -49.054030 3.500475 -1.385781 2.457857 51.196181 1.415239 64.879383 nan 3.871736 0.000311 719.269285 0.173459
262.502083 2012 425.374888 11.978592 1061.339952 111.014547 0.126341 0.013168 -51.708510 4.072466 -0.020905 3.710721 54.338402 3.348976 62.989030 nan 3.871753 0.000312 719.260387 0.173771
276.502083 2012 424.049613 17.650849 1974.303968 406.135130 0.054738 0.022384 -57.357516 4.489081 2.632542 4.536941 57.357516 4.584802 52.023963 nan 3.871782 0.000313 719.244682 0.174576
283.199306 2012 2389.622334 94.083515 13669.813050 1255.545904 0.131642 0.011551 -48.560760 3.137755 5.716520 2.450519 51.555837 1.763283 65.937004 nan 3.871585 0.000329 719.355228 0.183163
290.502083 2012 2543.665581 74.318013 9538.280931 699.580371 0.135516 0.025245 -44.209347 6.109670 17.262861 3.834252 63.943479 1.558834 60.277153 nan 3.871776 0.000314 719.248470 0.175055
304.502083 2012 826.394276 22.957904 3061.385000 190.659500 0.065741 0.017263 -68.713499 5.033940 9.500315 5.217141 69.281780 5.400341 53.912051 nan 3.871776 0.000315 719.249066 0.175743
311.502083 2012 338.639061 7.322545 714.403237 47.738197 0.120498 0.011492 -63.955801 4.421753 5.586193 4.857197 71.387187 5.292640 72.562805 nan 3.871765 0.000315 719.255344 0.175697
15.082639 2013 288.733213 16.570900 932.335667 60.755383 0.064423 0.034097 -66.319077 4.873541 -9.668946 4.975528 48.522674 5.077516 64.503455 nan 3.871521 0.000345 719.395269 0.192387
22.374306 2013 230.619664 9.317037 629.518878 37.643016 0.045044 0.012109 -71.128023 5.701402 -11.345475 5.776484 71.128023 5.851566 46.031952 nan 3.871926 0.000331 719.170055 0.184686
36.179861 2013 233.260409 15.854845 1192.296269 315.655655 -0.016082 0.032909 -67.559391 4.505661 -11.125177 5.499673 67.559391 6.493685 41.667829 nan 3.872235 0.000341 718.997957 0.189997
50.502083 2013 138.555494 5.106193 491.623923 39.084159 -0.001132 0.014053 -63.876654 3.923933 -7.970099 4.115750 64.360051 4.307567 27.950325 nan 3.871737 0.000330 719.277470 0.183802
57.502083 2013 369.842408 18.799627 1283.160700 289.228389 -0.088111 0.043562 -62.429443 3.818119 -3.729876 4.017383 42.158336 4.216648 24.378756 nan 3.871751 0.000331 719.270228 0.184208
64.502083 2013 478.154417 10.973523 1263.345685 54.819128 0.125671 0.012934 -62.715470 1.366588 -5.150693 2.420770 52.946197 3.474952 70.147320 nan 3.871765 0.000331 719.262879 0.184537
71.502083 2013 211.364455 5.577208 507.126238 44.559250 0.087037 0.015373 -62.139934 3.937474 -5.290385 4.723386 62.129572 5.509298 46.688516 nan 3.871776 0.000332 719.256763 0.185088
78.502083 2013 1412.253167 41.740073 5406.851452 520.916144 0.095833 0.015712 -60.737671 5.221801 0.481333 5.326267 62.508280 5.430732 52.935269 nan 3.871787 0.000333 719.251072 0.185631
85.502083 2013 1187.618402 34.107255 3567.995533 381.067807 0.110305 0.016686 -58.178361 5.322176 8.035061 4.032656 61.498164 2.743135 62.173817 nan 3.871800 0.000334 719.244811 0.186186
92.502083 2013 914.180456 25.247701 2359.278138 269.481660 0.136934 0.002511 -56.760526 1.285377 3.318917 1.358004 52.934066 1.430630 76.666077 nan 3.871808 0.000335 719.240614 0.186530
99.502083 2013 284.848039 6.755933 820.904586 31.911664 0.096528 0.009131 -43.241076 2.081855 6.322231 1.704268 46.218444 1.326681 60.980323 nan 3.871811 0.000336 719.239324 0.187028
106.502083 2013 131.379227 3.308880 439.911663 18.411852 0.024510 0.018595 -59.237632 3.260585 7.534429 3.214405 53.645612 3.168225 36.647086 nan 3.871810 0.000336 719.240312 0.187420
120.502083 2013 1128.000587 37.377442 3368.096848 457.203040 0.133440 0.003552 -46.328458 1.101333 6.543637 1.410268 61.336411 1.719203 86.231601 nan 3.871797 0.000337 719.247858 0.187730
127.502083 2013 627.992588 15.488696 1846.300036 112.615262 0.129701 0.001427 -42.280678 0.630316 6.291763 0.968849 59.568099 1.307382 86.341160 nan 3.871783 0.000337 719.255756 0.187934
134.502083 2013 385.862957 15.338052 1163.949512 232.347951 0.110256 0.004319 -42.821701 1.217720 4.202517 1.934811 55.613538 2.651902 75.448629 nan 3.871767 0.000338 719.264632 0.188066
141.502083 2013 697.531386 24.340540 1988.636989 396.976444 0.116049 0.008625 -47.482828 3.271353 4.374366 2.317509 57.760703 1.363664 82.808016 nan 3.871749 0.000337 719.274667 0.188051
148.502083 2013 1416.165550 35.845058 3996.653806 343.357547 0.137243 0.003596 -65.131766 1.454164 -0.187094 1.644932 62.079029 1.835700 95.476908 nan 3.871730 0.000338 719.285112 0.188154
155.502083 2013 1544.514730 49.149799 5260.777207 753.111620 0.136420 0.002083 -61.070554 1.326522 -1.938623 1.327025 60.164880 1.327528 95.280989 nan 3.871709 0.000338 719.297236 0.188473
162.502083 2013 1250.325826 35.238241 4405.876179 311.953032 0.127572 0.001437 -62.022725 1.226539 -5.400878 1.071773 51.406484 0.917006 89.179930 nan 3.871690 0.000339 719.308250 0.188743
169.502083 2013 559.924853 14.766480 1839.104743 68.088142 0.106481 0.003410 -62.187641 1.709523 -8.587673 1.546151 42.998237 1.382778 74.243011 nan 3.871674 0.000339 719.317302 0.188831
176.502083 2013 1280.165438 47.249185 3515.982761 602.682158 0.128189 0.003788 -70.551688 1.884296 -10.464167 1.684239 45.715391 1.484181 87.815543 nan 3.871659 0.000339 719.325563 0.189018
183.502083 2013 1563.415702 49.832513 6623.131034 615.009747 0.130247 0.003755 -68.236232 1.737966 -12.385052 1.594345 40.772881 1.450723 87.440959 nan 3.871647 0.000340 719.332765 0.189415
197.502083 2013 1699.905061 46.059120 5286.890323 397.025453 0.131893 0.003660 -71.854366 1.653880 -14.624794 1.449979 38.141228 1.246078 82.974802 nan 3.871637 0.000341 719.338834 0.189794
204.502083 2013 822.835327 19.216500 2337.119000 136.479349 0.135288 0.002301 -67.464945 1.336945 -14.108735 1.232226 36.530978 1.127507 81.684026 nan 3.871636 0.000341 719.339115 0.189857
211.502083 2013 297.279365 6.211309 763.316666 29.105907 0.114484 0.011936 -63.777824 1.290761 -16.022528 2.047006 36.739512 2.803251 74.043580 nan 3.871640 0.000341 719.337356 0.190050
218.502083 2013 583.170721 15.662438 1559.379651 82.662927 0.122942 0.009397 -65.009844 1.527958 -14.515961 1.906994 34.400464 2.286030 72.587726 nan 3.871648 0.000341 719.332808 0.190186
225.502083 2013 522.582890 15.500859 1436.620505 200.718842 0.096505 0.013505 -59.987825 4.667140 -10.036923 4.052856 53.973152 3.438572 58.753651 nan 3.871659 0.000341 719.326639 0.190188
232.502083 2013 592.833819 13.324104 1459.405280 54.667232 0.146778 0.009769 -57.506423 1.327916 -10.065381 1.796891 36.378821 2.265865 71.123922 nan 3.871670 0.000342 719.320676 0.190304
239.499306 2013 646.809148 17.181737 1622.094997 103.767458 0.128312 0.002996 -52.360622 1.140362 -7.912259 1.293596 36.124615 1.446830 67.040940 nan 3.871682 0.000342 719.314187 0.190677
246.499306 2013 395.378998 9.403442 988.084245 49.229731 0.131173 0.001974 -49.210983 0.970914 -5.797251 1.151997 37.593455 1.333081 68.149982 nan 3.871694 0.000343 719.308029 0.190997
253.499306 2013 151.532906 3.004565 343.668133 12.827159 0.114683 0.008634 -45.784815 2.122127 -3.827037 2.525919 42.152429 2.929711 61.469098 nan 3.871706 0.000343 719.301551 0.191207
260.502083 2013 254.499712 22.366497 1016.766761 300.577580 0.103283 0.024629 -49.872988 6.100105 6.772224 5.466028 56.458959 4.831951 51.605956 nan 3.871721 0.000344 719.293550 0.191544
274.499306 2013 778.988708 30.695710 4073.315474 520.182840 -0.368188 0.099254 -59.229633 6.005336 8.326079 5.508699 58.653413 5.012062 27.222943 nan 3.871724 0.000345 719.292272 0.192466
281.499306 2013 551.792322 15.588672 1531.033247 184.990262 0.118353 0.016384 -46.749811 3.211746 4.345050 3.188293 52.754946 3.164839 67.038574 nan 3.871726 0.000346 719.291397 0.192690
288.499306 2013 642.716814 18.296827 1629.592754 172.526502 0.107031 0.016350 -55.981030 5.687253 9.464941 4.318569 57.806874 2.949884 65.856327 nan 3.871722 0.000346 719.294012 0.193018
295.499306 2013 238.694546 4.884910 544.738691 21.494545 0.114682 0.004536 -65.423063 1.414426 2.928089 2.706643 55.981983 3.998860 71.222321 nan 3.871714 0.000347 719.298572 0.193397
309.499306 2013 243.803208 11.931536 740.841832 140.494909 0.039499 0.009954 -48.050653 5.497490 4.050453 5.486617 61.158339 5.475743 31.004338 nan 3.871693 0.000348 719.310715 0.193746
316.502083 2013 668.084719 20.410819 2182.730560 309.435415 0.134444 0.009647 -51.742213 3.347568 4.817649 2.428392 62.628067 1.509217 80.959934 nan 3.871680 0.000348 719.318392 0.193988
330.499306 2013 108.592900 2.822727 288.342531 25.857187 0.097543 0.028600 -65.024231 2.967081 -1.372930 3.389557 58.788995 3.812032 85.977500 nan 3.871643 0.000350 719.339589 0.194855
337.499306 2013 115.775749 3.642378 392.796885 23.717033 -0.033003 0.032538 -66.699312 5.641780 -0.229212 5.632998 54.170162 5.624217 37.883892 nan 3.871626 0.000350 719.349259 0.195148
344.499306 2013 280.544041 8.538105 800.453102 58.062962 0.089057 0.013621 -65.365022 4.707377 -8.150711 4.904106 52.242995 5.100836 57.435758 nan 3.871610 0.000351 719.359079 0.195778
351.499306 2013 190.395145 7.531751 579.071702 64.874909 -0.825199 0.168016 -67.902114 4.751382 -23.290418 5.013071 39.349208 5.274761 28.535782 nan 3.871594 0.000352 719.368347 0.196376
358.499306 2013 61.022883 2.302905 267.841435 17.304238 -0.479647 0.120672 -68.307288 4.846016 -3.299346 4.930607 42.375457 5.015198 12.489274 nan 3.871583 0.000353 719.374900 0.197000
364.157639 2013 57.090784 4.950633 311.452517 91.437028 36.496637 26.464482 -49.427263 6.279558 10.482086 5.005206 26.402080 3.730855 14.279489 nan 3.871670 0.000454 719.328082 0.253024
7.502083 2014 149.254892 4.227977 470.977588 22.114525 0.049094 0.009107 -67.019971 4.921555 -13.786032 5.186691 57.846605 5.451827 35.211037 nan 3.871557 0.000356 719.390586 0.198153
21.502083 2014 84.689935 9.022773 309.462356 34.369135 -0.346354 0.048771 -59.831132 3.348743 15.800490 3.815644 57.958228 4.282544 26.443754 nan 3.871557 0.000357 719.391544 0.199189
28.499306 2014 105.746803 7.770607 332.264399 44.781096 -0.141230 0.034687 -68.274089 3.843482 4.635163 4.625569 68.263193 5.407657 25.203164 nan 3.871569 0.000358 719.385010 0.199520
34.565972 2014 162.487160 14.347506 505.362209 93.675290 -0.161048 0.034300 -65.849120 4.189907 8.344866 5.106949 65.466362 6.023991 27.764880 nan 3.871675 0.000416 719.325380 0.231885
42.499306 2014 466.440956 11.028321 1141.600017 52.158268 0.150000 0.014657 -56.057007 1.944227 -12.789578 2.878347 40.758752 3.812467 66.786564 nan 3.871584 0.000360 719.377684 0.200380
49.499306 2014 779.667480 29.558452 4296.088906 510.120823 0.071389 0.022787 -51.102992 1.238300 -9.374339 1.629838 42.104241 2.021376 61.845333 nan 3.871744 0.000362 719.289323 0.201447
56.499306 2014 737.377561 21.869681 2636.690500 252.048687 0.103770 0.016091 -48.496968 1.497140 -8.972274 2.134923 36.500949 2.772706 56.423077 nan 3.871797 0.000363 719.260402 0.202018
63.502083 2014 294.709450 13.303059 583.079000 35.130911 0.155889 0.011381 -46.740761 1.133212 -4.701633 2.126361 58.211112 3.119509 69.804565 nan 3.871813 0.000363 719.252294 0.202528
77.499306 2014 81.555646 4.167141 279.219403 27.934727 -0.172021 0.026929 -60.921677 4.446690 7.624884 4.580986 61.280043 4.715282 18.329363 nan 3.871832 0.000366 719.242865 0.203703
84.499306 2014 125.111320 11.788561 337.061111 24.190792 0.002976 0.010455 -54.862758 4.449396 0.591924 4.305126 55.801288 4.160856 12.657402 nan 3.871840 0.000366 719.238636 0.204121
91.499306 2014 88.348829 7.101261 243.631158 16.903014 -0.249138 0.069413 -61.441942 4.796690 -8.070800 4.882341 61.644396 4.967993 17.340095 nan 3.871842 0.000367 719.237726 0.204671
98.499306 2014 215.430296 14.056938 688.248053 184.040353 -0.126976 0.039108 -59.574139 4.594095 7.822327 4.617434 63.299593 4.640772 21.122832 nan 3.871841 0.000368 719.238868 0.205076
105.499306 2014 491.184280 15.002009 1150.581283 154.398348 0.121795 0.001891 -39.226224 0.731467 4.771386 1.080974 51.245234 1.430482 76.017398 nan 3.871839 0.000368 719.240433 0.205250
112.499306 2014 426.557453 11.663839 1034.769570 77.592867 0.130876 0.002011 -44.235928 0.986908 4.934916 1.092324 53.529943 1.197740 83.768416 nan 3.871831 0.000369 719.244938 0.205348
119.502083 2014 471.449995 16.032287 1222.305548 115.066411 0.102469 0.021099 -46.679951 2.461515 4.163311 2.606514 57.213947 2.751512 80.469762 nan 3.871824 0.000369 719.248789 0.205517
133.499306 2014 237.410478 6.127157 715.696455 42.834944 0.121688 0.001961 -48.288860 0.820917 0.025447 1.085101 51.322478 1.349286 83.187612 nan 3.871785 0.000369 719.270911 0.205601
140.499306 2014 143.702903 6.463490 470.062302 82.512162 -2.403257 0.397314 -55.912744 2.578562 -18.621329 4.154332 48.495769 5.730103 38.420351 nan 3.871767 0.000369 719.281006 0.205658
154.499306 2014 59.160087 2.411765 217.756100 20.879434 -1.498750 0.191291 -60.481531 3.738770 -28.433290 3.869929 48.558619 4.001089 19.964809 nan 3.871727 0.000370 719.303753 0.206264
168.499306 2014 164.999098 6.641990 618.696935 63.746275 -0.856137 0.172987 -66.026842 4.064672 -5.744110 4.147938 36.988141 4.231203 49.452293 nan 3.871696 0.000371 719.321315 0.206622
189.499306 2014 39.260846 1.865507 200.981820 16.357965 -0.639840 0.073280 -64.590969 4.649731 14.978829 4.566245 62.799063 4.482758 21.431615 nan 3.871674 0.000372 719.333820 0.207225
203.499306 2014 10.999689 0.981303 116.633741 16.956830 -2.787500 0.490176 -60.283175 5.166092 7.843488 4.003736 59.205870 2.841380 74.804381 nan 3.871677 0.000372 719.332799 0.207537
210.499306 2014 40.064576 2.090660 181.772093 17.139522 -1.095853 0.089976 -61.940879 3.160639 -9.823105 2.977996 28.413285 2.795353 19.345176 nan 3.871685 0.000373 719.328296 0.207658
217.499306 2014 192.328995 5.542840 740.669023 31.292280 0.055297 0.007863 -60.107267 3.924011 -15.753921 4.135268 31.524786 4.346525 30.877131 nan 3.871696 0.000373 719.322222 0.207623
224.499306 2014 119.678401 3.783172 462.081453 26.927456 0.020353 0.007854 -54.998621 3.653106 -12.294084 3.865766 33.981051 4.078426 15.943851 nan 3.871707 0.000373 719.316435 0.207859
231.502083 2014 142.436794 4.937781 676.739754 48.911574 -1.075667 0.182622 -51.487338 4.956622 9.859612 4.464661 37.225833 3.972699 13.352432 nan 3.871720 0.000373 719.309468 0.208035
245.499306 2014 764.055872 18.612174 1772.622672 80.252240 0.116756 0.008460 -47.261586 4.035285 -1.365708 3.227558 53.553572 2.419832 60.078500 nan 3.871745 0.000374 719.295875 0.208639
252.499306 2014 468.582453 13.117291 1147.292587 140.538929 0.094745 0.016823 -54.951262 5.043788 -0.230569 4.939824 54.914219 4.835860 46.068708 nan 3.871754 0.000375 719.291323 0.209137
259.499306 2014 511.356290 19.508325 2062.147870 242.227732 -0.000567 0.021979 -56.397197 5.808944 9.389161 5.261993 56.166137 4.715042 30.557581 nan 3.871760 0.000376 719.288700 0.209579
266.499306 2014 663.759794 18.535865 1851.685189 150.087995 0.127130 0.016662 -53.612181 6.004799 7.399989 4.389119 54.335088 2.773439 58.282542 nan 3.871764 0.000377 719.286423 0.209968
273.499306 2014 680.912891 15.924154 1666.570439 49.450423 0.123512 0.005495 -55.503236 3.298117 2.767657 2.411915 55.448614 1.525713 69.530776 nan 3.871766 0.000377 719.285812 0.210172
280.499306 2014 422.316466 10.411982 1035.253789 55.765357 0.080180 0.014333 -63.015584 5.437593 2.482432 5.419191 62.262215 5.400790 52.072368 nan 3.871762 0.000378 719.288248 0.210450
287.502083 2014 520.890256 15.497093 1148.963739 127.773475 0.140509 0.021399 -39.608531 4.763741 5.554728 3.959921 58.082979 3.156102 62.506655 nan 3.871759 0.000378 719.290115 0.210851
301.499306 2014 638.380696 15.841887 1474.012326 68.768048 0.122009 0.001540 -51.739593 1.166691 1.607105 1.388570 57.572784 1.610448 79.347253 nan 3.871726 0.000379 719.309131 0.211179
308.499306 2014 699.022484 21.770898 2227.757767 321.797924 0.137616 0.012028 -54.507179 1.105010 -2.204291 2.684570 58.730104 4.264129 73.502486 nan 3.871706 0.000380 719.320313 0.211564
315.499306 2014 594.051946 19.630240 1882.144883 290.838625 0.129889 0.009145 -59.014068 1.490070 -2.155504 2.483744 59.809947 3.477419 78.094307 nan 3.871689 0.000380 719.330349 0.211710
322.499306 2014 756.270466 18.293041 1883.341640 81.776318 0.128601 0.001683 -64.512128 1.533424 -3.433679 1.402822 54.214239 1.272221 87.804812 nan 3.871669 0.000381 719.341886 0.212202
329.499306 2014 327.827177 8.135565 868.821813 54.045278 0.120268 0.002069 -65.118114 1.621237 -6.068412 1.305391 47.052265 0.989545 82.744878 nan 3.871652 0.000381 719.351564 0.212547
336.499306 2014 329.757342 8.657690 934.514183 76.351177 0.147570 0.015762 -71.016665 1.601704 -11.969773 3.085227 44.752609 4.568749 72.531789 nan 3.871634 0.000382 719.361961 0.213132
343.502083 2014 1176.861136 28.191563 2803.264636 117.228652 0.146000 0.012225 -71.377720 1.738869 -13.488288 2.641823 39.411368 3.544776 80.818262 nan 3.871609 0.000384 719.376520 0.213768
350.502083 2014 612.362766 14.637209 1417.809256 75.458894 0.131731 0.009156 -68.763648 1.480235 -14.998001 1.837213 32.417509 2.194191 79.721335 nan 3.871596 0.000385 719.384928 0.214479
357.502083 2014 692.636295 20.184427 2027.297777 193.865561 0.117593 0.003665 -67.936375 1.633459 -15.786494 1.690380 53.992241 1.747301 76.473720 nan 3.871586 0.000386 719.390675 0.215116
364.502083 2014 1023.440752 26.641760 2674.129514 257.733709 -11.293924 11.405495 -65.232863 6.728901 -9.897850 6.071519 64.377648 5.414136 64.418371 nan 3.871583 0.000387 719.393055 0.215512
6.502083 2015 1084.476078 32.563140 4128.171500 325.812759 0.118004 0.003636 -61.264756 1.338331 -16.538856 1.345569 31.311096 1.352806 70.852695 nan 3.871578 0.000388 719.396527 0.216406
13.502083 2015 287.777411 6.759602 612.029998 39.315806 0.117857 0.019654 -61.082115 3.395240 -15.886056 3.660247 55.879779 3.925253 66.000802 nan 3.871583 0.000389 719.394459 0.216775
20.502083 2015 179.439625 5.021626 540.350795 54.160568 0.006944 0.036091 -59.793842 5.557285 -6.675678 5.439493 63.425682 5.321702 47.673427 nan 3.871592 0.000389 719.389627 0.217040
27.502083 2015 301.247501 7.656044 844.384668 43.888013 0.110813 0.007936 -56.204751 3.148964 -13.850099 2.829980 38.034743 2.510996 61.321204 nan 3.871603 0.000390 719.383658 0.217361
34.502083 2015 811.869715 19.498337 1896.048047 102.770422 0.137073 0.009825 -54.978068 1.307869 -13.324780 1.767445 35.392278 2.227022 64.990195 nan 3.871613 0.000391 719.379097 0.218135
41.502083 2015 290.032263 7.597749 685.417764 57.422226 0.053725 0.012926 -61.362398 5.737641 -0.826131 5.181227 61.448212 4.624814 42.008353 nan 3.871629 0.000392 719.370521 0.218447
48.502083 2015 452.243300 15.898945 1651.248692 245.029194 0.100412 0.006102 -43.510890 1.279008 -10.255182 2.037743 32.945135 2.796479 52.141291 nan 3.871644 0.000393 719.362585 0.218978
55.502083 2015 696.965450 38.442113 1897.735949 273.423715 0.089620 0.018719 -46.971036 5.380764 -1.228800 5.110289 59.271953 4.839814 40.488972 nan 3.871663 0.000393 719.352124 0.219206
62.502083 2015 1071.166941 29.778736 3443.908034 348.328314 0.087573 0.012674 -58.385855 4.468632 -3.136730 4.555312 57.423908 4.641992 50.370582 nan 3.871676 0.000395 719.345623 0.219848
69.502083 2015 571.546441 13.417248 1213.520577 72.794269 0.095507 0.013421 -45.501109 4.495740 2.520114 3.741069 44.614063 2.986399 57.016885 nan 3.871686 0.000396 719.340706 0.220494
76.502083 2015 2389.394542 87.283377 14487.607579 672.931639 0.073123 0.018911 -58.703494 3.162876 -5.682302 3.901527 53.397011 4.640177 57.235599 nan 3.871693 0.000397 719.337345 0.221086
90.502083 2015 827.350665 20.946127 2866.642821 111.038097 0.117490 0.001955 -39.161141 0.541663 1.504126 0.962928 48.082229 1.384194 69.506305 nan 3.871697 0.000398 719.336139 0.221863
97.502083 2015 584.661080 17.304365 2095.707036 218.901108 0.123457 0.003722 -42.161383 0.978194 2.371973 1.389947 50.195302 1.801701 75.142567 nan 3.871690 0.000399 719.340124 0.222107
104.502083 2015 1594.046604 53.713401 6633.333115 754.920067 0.120620 0.002634 -47.887581 0.899507 2.560207 1.197614 54.446133 1.495721 76.395989 nan 3.871680 0.000399 719.345638 0.222276
111.502083 2015 1516.645690 40.244385 5106.123750 340.336488 0.133974 0.002017 -50.627460 0.924889 1.282430 1.148185 53.589870 1.371481 86.562914 nan 3.871668 0.000399 719.352716 0.222258
118.502083 2015 564.782761 14.582284 1873.333321 86.955021 0.114637 0.002767 -48.781339 0.998080 0.582061 1.120400 53.346016 1.242719 76.120436 nan 3.871649 0.000399 719.363313 0.222414
125.502083 2015 472.162229 13.180267 1354.144824 132.450267 0.123868 0.001847 -52.317310 1.112139 -1.098218 1.058024 49.546594 1.003909 83.582398 nan 3.871628 0.000399 719.374764 0.222428
132.502083 2015 1103.020981 34.316645 4159.199958 447.569173 0.120782 0.003443 -63.137601 1.667154 -3.933380 1.532281 47.924083 1.397408 82.382258 nan 3.871804 0.000397 719.275601 0.221139
139.502083 2015 672.836361 17.973055 1899.805188 199.167792 0.128807 0.002034 -60.576421 1.322758 -6.015749 1.092030 44.855621 0.861302 87.920470 nan 3.871781 0.000397 719.288215 0.221173
146.502083 2015 156.364727 3.604265 468.270690 17.558998 0.098354 0.003572 -58.270103 1.731180 -9.144179 1.589735 38.201070 1.448289 67.436393 nan 3.871758 0.000398 719.301386 0.221480
153.502083 2015 99.851017 1.984024 251.096967 8.632001 0.066564 0.007480 -63.010959 2.697839 -11.723453 2.724169 32.339523 2.750499 45.557603 nan 3.871735 0.000398 719.314595 0.221679
160.502083 2015 871.583866 24.105019 2630.359967 223.366441 0.337798 0.228943 -67.670609 3.103497 -13.975177 3.137059 40.423235 3.170621 75.332506 nan 3.871721 0.000398 719.322828 0.222022
167.502083 2015 792.495207 20.654438 1615.889334 106.576931 0.131173 0.002171 -70.308537 1.587359 -15.628881 1.222079 34.817723 0.856799 84.928475 nan 3.871709 0.000399 719.329915 0.222219
174.502083 2015 1926.656656 63.615338 10335.194130 684.824540 0.134979 0.004568 -73.865636 1.796835 -16.547999 1.639301 38.253631 1.481767 83.367051 nan 3.871700 0.000399 719.334929 0.222531
181.502083 2015 1192.066775 30.234748 4215.985750 181.197242 0.135043 0.002039 -69.749622 1.268666 -17.649918 1.201597 29.971170 1.134528 81.216897 nan 3.871695 0.000400 719.337806 0.222628
188.502083 2015 743.188465 22.367102 2219.048515 298.995989 0.126816 0.002739 -66.790326 1.627311 -17.781624 1.474484 27.956282 1.321656 73.466578 nan 3.871697 0.000400 719.336660 0.222742
195.502083 2015 1110.944213 30.736078 3112.059259 379.863200 0.132407 0.005742 -65.909559 3.972310 -14.133872 2.855524 48.780347 1.738737 72.356674 nan 3.871704 0.000400 719.333078 0.222752
202.502083 2015 831.603212 29.249331 2418.234300 447.082376 0.122650 0.003260 -62.196397 1.191372 -16.814459 1.392790 28.388994 1.594207 65.513613 nan 3.871712 0.000400 719.328543 0.222867
209.502083 2015 482.398029 10.416557 1120.226991 41.442971 0.131944 0.003568 -59.334532 1.159786 -14.341687 1.259228 28.032406 1.358670 67.018947 nan 3.871727 0.000400 719.320394 0.222894
216.502083 2015 475.858432 14.411641 1075.899356 114.432889 0.147667 0.009843 -55.066619 0.957443 -12.697623 1.515084 32.239599 2.072725 67.180595 nan 3.871743 0.000400 719.311318 0.223033
223.502083 2015 582.472540 15.687381 1621.993504 110.909739 0.128953 0.004259 -51.582307 1.065180 -11.236445 1.339366 34.121687 1.613553 62.803662 nan 3.871761 0.000401 719.301816 0.223206
230.502083 2015 2849.165486 78.542436 9923.476821 445.680495 0.130041 0.013724 -47.638409 0.919625 -10.558376 1.777172 33.439462 2.634719 60.664434 nan 3.871777 0.000401 719.293269 0.223563
237.502083 2015 2001.440936 71.452145 8356.708069 936.165889 0.097980 0.009687 -45.010725 5.464759 2.642141 3.778196 51.880053 2.091632 49.903754 nan 3.871792 0.000402 719.284968 0.223866
244.502083 2015 1442.109225 40.902333 5118.560690 462.183260 0.120833 0.013400 -42.941039 4.646243 -1.509518 3.823636 53.244152 3.001030 56.580210 nan 3.871807 0.000402 719.277398 0.224257
251.502083 2015 2629.672311 88.000271 12622.112120 1077.499246 0.133226 0.009732 -41.170470 0.994706 -3.946439 1.764696 44.016928 2.534687 61.192064 nan 3.871816 0.000403 719.272676 0.224640
258.502083 2015 1787.909303 45.303343 5786.999964 352.211367 0.135288 0.002987 -42.094374 0.495308 -1.324084 0.938191 46.333801 1.381075 70.987494 nan 3.871818 0.000404 719.272077 0.225112
272.502083 2015 452.762915 10.468669 1203.162072 57.872009 0.129667 0.009649 -40.454888 2.847154 2.262118 1.975367 47.249899 1.103580 66.314604 nan 3.871814 0.000405 719.274427 0.225524
279.502083 2015 2611.423366 90.087778 10484.687308 1259.388731 0.149155 0.017347 -42.685605 5.115336 4.994082 3.510848 54.629221 1.906359 60.702533 nan 3.871803 0.000405 719.280960 0.225740
286.502083 2015 3300.486934 89.221859 11597.714071 354.193055 0.130021 0.002362 -50.567165 0.905719 0.820326 1.244434 57.349624 1.583149 79.668561 nan 3.871787 0.000405 719.290073 0.225911
293.502083 2015 1248.856053 36.235887 4460.966571 410.272881 0.146065 0.012807 -49.800438 4.611694 3.417206 2.963632 54.731168 1.315569 73.683353 nan 3.871767 0.000406 719.301519 0.226091
300.502083 2015 378.910234 9.914061 1336.502407 79.177916 0.113141 0.003546 -55.684865 1.505800 -1.109972 1.480680 53.089307 1.455561 74.134700 nan 3.871746 0.000406 719.313278 0.226222
307.502083 2015 1584.168460 56.677947 8134.903500 968.133188 0.142555 0.012757 -62.726665 1.606178 -5.386362 3.062577 58.090316 4.518977 75.503659 nan 3.871723 0.000407 719.326380 0.226550
314.502083 2015 3256.381541 87.103454 11162.494750 473.164388 0.160507 0.016862 -61.793450 4.127266 -6.347482 4.560393 49.049251 4.993521 75.009111 nan 3.871698 0.000407 719.340832 0.226984
321.502083 2015 1688.996956 47.780884 6235.019036 350.396833 0.108333 0.011859 -67.092263 1.628501 -9.302475 2.532488 49.874048 3.436476 79.809900 nan 3.871675 0.000408 719.353960 0.227542
328.502083 2015 591.247511 17.418391 2452.437777 97.005165 0.100514 0.003319 -59.969662 1.715089 -10.465373 1.487074 32.965451 1.259060 68.325682 nan 3.871655 0.000409 719.365680 0.228064
335.502083 2015 515.808986 12.860819 1296.855278 71.963360 0.120267 0.004950 -69.142721 2.272827 -12.350963 1.969463 39.616129 1.666100 79.828149 nan 3.871639 0.000411 719.375547 0.228745
342.502083 2015 885.801313 19.691155 2044.175712 69.644382 0.160301 0.015229 -68.210193 1.287959 -16.462090 2.515748 36.089712 3.743538 78.880031 nan 3.871626 0.000411 719.383600 0.229271
349.502083 2015 674.596889 17.809009 1730.105659 170.506248 0.150222 0.012948 -66.166977 1.179198 -17.822101 2.030232 35.788904 2.881266 79.291806 nan 3.871617 0.000413 719.389224 0.229921
356.502083 2015 1799.609241 56.804204 8464.472000 587.662696 0.132158 0.010086 -63.192135 1.498207 -17.036373 2.199797 57.013328 2.901387 73.944969 nan 3.871614 0.000413 719.391267 0.230275
363.502083 2015 1527.473113 49.787115 5346.976250 775.274664 0.121839 0.015353 -64.890957 3.515705 -17.054336 4.247836 57.360728 4.979967 70.255262 nan 3.871612 0.000415 719.393233 0.231246
5.502083 2016 1569.690925 40.981907 4900.059759 385.949243 0.124907 0.019662 -64.134981 4.736462 -13.838141 5.002951 68.352637 5.269440 68.460170 nan 3.871618 0.000416 719.390451 0.231542
19.502083 2016 841.073079 28.708532 3123.866577 456.290191 0.123931 0.010085 -58.789422 1.277131 -17.135606 1.764510 28.449791 2.251890 59.351630 nan 3.871639 0.000417 719.379456 0.232430
26.502083 2016 693.125923 16.503642 1646.791672 108.414147 0.126235 0.004498 -56.018423 1.337897 -14.097587 1.528386 33.246700 1.718874 62.597566 nan 3.871655 0.000418 719.371487 0.233014
33.502083 2016 255.011554 6.289450 639.161833 31.970518 0.109568 0.004903 -48.504634 1.106455 -13.222816 1.690624 30.467990 2.274792 54.696037 nan 3.871670 0.000419 719.363301 0.233520
40.502083 2016 472.204308 14.019710 1216.757515 82.402081 0.087827 0.011204 -48.203896 2.712728 -11.268837 3.225476 55.463752 3.738224 47.855202 nan 3.871686 0.000420 719.355348 0.234218
47.502083 2016 1659.034926 52.397746 6919.319105 424.264159 0.127778 0.007841 -51.626991 0.971628 -7.640044 1.827543 41.261666 2.683459 63.657528 nan 3.871703 0.000421 719.346341 0.234703
54.502083 2016 1510.340630 40.574116 4540.229862 295.239409 0.129115 0.001963 -45.305792 0.692123 -5.316475 0.976129 38.086595 1.260135 64.326082 nan 3.871719 0.000422 719.338057 0.235255
61.502083 2016 629.117560 18.067142 2243.519036 115.540599 0.108848 0.003024 -39.498787 0.820377 -3.774848 1.181252 36.673807 1.542128 56.187547 nan 3.871727 0.000423 719.334137 0.235967
68.502083 2016 1177.411848 35.837236 4210.799889 542.161981 0.120370 0.004162 -39.952713 1.018528 -1.146229 1.399571 41.834022 1.780614 63.847285 nan 3.871733 0.000425 719.331367 0.236555
75.502083 2016 1207.587720 31.974891 3289.319586 217.851207 0.107870 0.013646 -41.223915 4.212522 4.172462 2.829958 48.981955 1.447393 64.861145 nan 3.871736 0.000425 719.330257 0.236898
82.502083 2016 921.986898 25.174620 2538.441345 200.338062 0.083413 0.016818 -57.669893 4.419431 -4.296160 4.984181 52.673411 5.548932 54.720491 nan 3.871735 0.000426 719.331235 0.237168
88.610417 2016 358.104539 8.241711 766.200018 34.241011 0.115476 0.010841 -57.712841 3.668942 0.187665 4.303376 56.069533 4.937809 70.570168 nan 3.871528 0.000492 719.445920 0.273929
94.885417 2016 891.053719 30.879068 2093.618273 229.416833 0.131838 0.001903 -45.053041 0.827171 0.765213 1.178569 47.003036 1.529966 79.811023 nan 3.870851 0.000581 719.824186 0.323609
103.502083 2016 1102.712778 35.812139 4364.888944 403.657586 0.105268 0.013622 -52.916327 4.539933 4.757966 2.929468 50.450250 1.319003 74.508132 nan 3.871695 0.000426 719.353989 0.237465
110.502083 2016 1010.667373 27.747363 3097.690464 237.740252 0.123560 0.001725 -48.871816 0.840132 -1.258992 0.816995 46.858057 0.793858 80.082731 nan 3.871674 0.000426 719.365520 0.237530
117.502083 2016 362.871383 7.084237 667.830618 37.131504 0.134774 0.002099 -60.597460 1.159057 -3.331095 1.002682 54.448549 0.846308 88.338344 nan 3.871651 0.000426 719.378354 0.237625
124.502083 2016 1291.497699 35.868703 3645.842786 299.502005 0.127675 0.002030 -58.178129 1.296080 -5.390714 1.069673 44.459057 0.843267 84.956873 nan 3.871626 0.000426 719.392139 0.237598
131.502083 2016 3165.110710 88.342679 11568.726448 620.004927 0.130864 0.003047 -63.384129 1.458551 -7.175808 1.255880 46.501042 1.053209 87.171696 nan 3.871605 0.000427 719.404345 0.237703
138.502083 2016 1523.207001 40.783850 5336.631100 239.594292 0.127263 0.002017 -63.899751 1.551783 -9.670505 1.096954 41.268918 0.642126 84.900851 nan 3.871583 0.000427 719.416714 0.237935
145.502083 2016 663.037052 16.558283 2165.800023 89.273607 0.125000 0.003114 -65.644883 1.688198 -12.802027 1.334958 37.112659 0.981718 82.452100 nan 3.871722 0.000430 719.340898 0.239320
152.502083 2016 456.992173 9.430645 854.180854 47.587762 0.134362 0.002103 -65.051205 1.433780 -14.421047 1.187905 38.582872 0.942030 86.754579 nan 3.871705 0.000430 719.350771 0.239574
159.502083 2016 920.182643 35.948642 2800.155410 693.352645 0.126955 0.003200 -71.365498 1.803620 -16.517921 1.519276 32.952156 1.234933 80.312365 nan 3.871694 0.000430 719.357085 0.239819
166.502083 2016 558.451110 13.476587 1192.247071 76.250332 0.133642 0.002513 -72.787397 1.467652 -17.306128 1.284869 33.096860 1.102086 81.296794 nan 3.871687 0.000431 719.361349 0.240014
171.799306 2016 273.033516 6.802239 557.447611 11.092377 0.138675 0.002097 -69.150166 1.774383 -17.717295 1.663456 29.604172 1.552529 80.933639 nan 3.871154 0.000601 719.658308 0.334842
180.502083 2016 272.474748 6.348941 781.871602 38.426463 0.131173 0.005548 -67.888519 4.149316 -15.473844 2.931532 51.574837 1.713748 72.321471 nan 3.871688 0.000431 719.360889 0.240133
187.502083 2016 324.763456 11.381022 1086.433364 142.994200 0.119753 0.009018 -64.199089 2.413599 -17.321769 2.453770 33.249335 2.493942 66.449797 nan 3.871696 0.000431 719.356057 0.240154
194.502083 2016 824.228342 18.128733 1964.642371 62.310757 0.156018 0.014065 -60.889462 1.063217 -17.484194 1.455692 27.450185 1.848168 67.329528 nan 3.871709 0.000431 719.349159 0.240150
201.502083 2016 424.261927 9.854403 1149.799218 57.352877 0.122222 0.006261 -56.788342 3.390092 -13.601868 2.649592 39.336819 1.909092 59.827760 nan 3.871723 0.000431 719.341020 0.240194
207.235417 2016 829.384709 28.734747 2370.541708 153.456768 0.145370 0.016824 -52.035794 1.354614 -15.040147 2.075647 26.904801 2.796679 61.058407 nan 3.871795 0.000541 719.302132 0.301543
215.502083 2016 1037.784075 29.933399 3304.622292 330.923458 0.135391 0.003482 -49.202064 0.900923 -11.489049 1.156581 28.719648 1.412240 62.648004 nan 3.871758 0.000432 719.322177 0.240549
222.502083 2016 1357.234401 29.927779 2912.160636 90.385893 0.109946 0.014848 -50.130993 0.674174 -13.156992 2.275721 37.093335 3.877269 56.017915 nan 3.871779 0.000432 719.310638 0.240824
229.502083 2016 651.323590 15.163250 1516.493374 80.349038 0.091414 0.015998 -47.010084 3.445067 -6.924988 3.122544 50.483835 2.800021 54.322139 nan 3.871794 0.000433 719.303119 0.241223
236.502083 2016 721.111118 20.956378 1980.560945 231.320173 0.107552 0.019227 -40.797425 5.206529 -0.440765 4.437713 45.516838 3.668897 43.323566 nan 3.871808 0.000433 719.295234 0.241536
243.502083 2016 1337.178722 51.798502 6041.759800 1175.055840 0.118241 0.015843 -49.653905 4.929654 -0.657220 4.161671 51.296302 3.393687 50.134600 nan 3.871816 0.000434 719.291219 0.242000
257.502083 2016 1328.460592 38.378346 4656.638143 240.525478 0.121502 0.002659 -38.763718 0.582707 -1.329876 0.903661 44.096029 1.224615 64.765446 nan 3.871816 0.000435 719.292231 0.242629
264.502083 2016 504.297092 12.589584 1213.229447 114.958965 0.098180 0.021609 -42.663032 3.567058 1.289566 3.170537 49.271017 2.774016 60.771718 nan 3.871810 0.000436 719.295640 0.242676
271.502083 2016 2583.116284 84.092218 10222.920571 827.955189 0.161364 0.018142 -44.611007 5.573787 5.733242 3.475913 48.512068 1.378040 63.163608 nan 3.871795 0.000436 719.304111 0.242976
278.502083 2016 2900.530590 78.219863 9324.304250 434.063040 0.150695 0.013362 -51.558843 0.930894 -3.416473 2.795020 52.658127 4.659145 70.988466 nan 3.871777 0.000436 719.314135 0.243019
285.502083 2016 1759.703652 60.770524 7008.419036 868.345892 0.133444 0.009598 -50.883649 1.329082 -2.082957 2.295336 50.440762 3.261590 73.589094 nan 3.871754 0.000437 719.327198 0.243231
292.502083 2016 2036.439644 46.728526 5784.514357 220.569725 0.140491 0.018794 -59.414146 1.189014 -7.648034 3.596250 56.105332 6.003485 76.324326 nan 3.871731 0.000437 719.340555 0.243345
299.502083 2016 2846.197305 87.534296 9897.333577 907.679297 0.143444 0.013943 -63.474425 1.880882 -7.168655 2.986036 48.879330 4.091190 73.947441 nan 3.871706 0.000437 719.354661 0.243746
306.502083 2016 2577.167419 70.413782 8845.543071 459.534295 0.148556 0.012426 -61.927015 1.305588 -8.600408 2.751073 46.060170 4.196559 78.409018 nan 3.871680 0.000438 719.369546 0.244146
313.502083 2016 1000.174665 30.375059 3336.862563 253.334852 0.137556 0.012989 -64.406305 1.750025 -10.113986 2.716318 41.712339 3.682611 73.077081 nan 3.871656 0.000439 719.383813 0.244796
320.502083 2016 589.258577 12.668035 1533.999995 51.423239 0.155555 0.013151 -67.861582 1.279965 -12.207679 2.681566 47.909434 4.083166 82.505959 nan 3.871636 0.000440 719.395747 0.245336
327.502083 2016 653.771328 20.052065 1693.630584 159.685319 0.131090 0.009308 -66.050970 1.487710 -14.209773 1.838135 35.350512 2.188559 77.313082 nan 3.871619 0.000442 719.405666 0.246093
334.502083 2016 700.591339 15.241303 1776.016714 41.691203 0.143269 0.008644 -65.762150 1.101462 -15.612055 1.644976 34.124400 2.188490 82.832115 nan 3.871606 0.000443 719.413590 0.246671
341.502083 2016 591.480397 14.650280 1526.775825 81.355502 0.125103 0.002997 -65.431061 1.171285 -16.956483 1.216966 33.617599 1.262647 77.011965 nan 3.871595 0.000444 719.420854 0.247663
348.502083 2016 669.004193 14.140783 1667.217000 51.154762 0.145222 0.009518 -64.699893 0.985416 -18.022265 1.550744 37.830119 2.116072 79.141340 nan 3.871593 0.000445 719.423056 0.248238
355.502083 2016 868.378256 26.493149 3020.644410 341.653674 0.127992 0.003411 -63.908975 1.106085 -18.067008 1.315090 35.969151 1.524095 73.555633 nan 3.871599 0.000446 719.419752 0.248433
362.502083 2016 1279.632310 29.552136 2994.789447 103.178010 0.143000 0.009639 -65.926323 1.313235 -18.762820 1.649628 32.046747 1.986021 71.978844 nan 3.871605 0.000447 719.416766 0.248902
