161.368206 2013 1353.943091 43.670131 4624.912263 321.367514 0.130247 0.002244 -62.253996 1.093154 -17.610630 1.309128 30.345016 1.525102 75.622162 nan 3.871774 0.000005 719.178031 0.002941
169.501539 2013 497.795363 13.260580 1602.685743 70.485905 0.104527 0.003844 -58.203996 1.081100 -20.455018 1.354077 25.973572 1.627055 59.036102 nan 3.871771 0.000005 719.179565 0.002758
183.501539 2013 1462.021969 48.013748 6380.295357 625.851575 0.131410 0.003931 -61.719889 1.320945 -17.646387 1.526248 31.143330 1.731552 65.173683 nan 3.871770 0.000006 719.180202 0.003245
190.501539 2013 1577.989566 42.062308 4845.028536 314.476898 0.129594 0.002664 -59.287225 1.193292 -16.638618 1.386318 29.884632 1.579345 62.591263 nan 3.871771 0.000006 719.179797 0.003425
197.501539 2013 1615.614394 43.129731 5200.556379 373.700205 0.131624 0.004323 -54.210596 1.122790 -14.632512 1.513091 34.462871 1.903393 60.725371 nan 3.871771 0.000007 719.180041 0.003861
204.501539 2013 762.101849 17.614708 2028.671032 121.977327 0.133868 0.003101 -52.528457 0.970201 -13.102024 1.338078 33.163259 1.705956 60.194238 nan 3.871771 0.000008 719.179840 0.004360
211.501539 2013 276.367560 5.772977 698.661466 25.877263 0.129167 0.001632 -48.117332 0.876629 -11.496259 1.116865 30.756884 1.357101 58.307196 nan 3.871771 0.000008 719.179917 0.004704
225.501539 2013 468.251814 13.435691 1100.544418 114.400151 0.113393 0.007905 -42.108147 0.667141 -8.570121 1.568540 37.938552 2.469940 54.104913 nan 3.871771 0.000009 719.179884 0.005131
232.501539 2013 570.908388 12.853429 1363.512011 55.516024 0.136214 0.002671 -42.798010 0.770887 -5.514711 1.067317 39.029597 1.363748 63.767915 nan 3.871770 0.000010 719.180625 0.005334
239.501539 2013 626.102171 16.814232 1577.309374 108.818585 0.125000 0.002377 -38.409026 0.470412 -3.983034 0.936492 36.945560 1.402571 61.396032 nan 3.871771 0.000010 719.179748 0.005569
246.501539 2013 364.895607 8.735449 914.404755 44.461127 0.127984 0.001519 -41.014924 0.453663 -2.530509 0.793708 39.577715 1.133752 65.304809 nan 3.871768 0.000011 719.181783 0.006201
253.501539 2013 133.755422 2.656625 299.630225 12.066632 0.112860 0.005185 -40.301151 2.483797 -0.661596 1.936878 40.795232 1.389959 60.420766 nan 3.871772 0.000011 719.179269 0.006386
260.501539 2013 156.730164 4.505264 543.376056 41.213382 0.095932 0.020753 -46.734848 3.467734 -1.603422 3.750240 46.066130 4.032747 63.067560 nan 3.871771 0.000012 719.179746 0.006551
267.501539 2013 156.265729 3.993987 486.333919 27.377187 0.061875 0.008311 -46.041869 4.609338 -2.085175 4.726152 44.638080 4.842965 35.072562 nan 3.871772 0.000012 719.179090 0.006670
274.501539 2013 604.124630 22.252837 3713.955667 206.332477 -1.755737 0.206575 -53.639534 2.873863 1.338322 2.622261 51.230515 2.370659 66.132564 nan 3.871772 0.000012 719.179221 0.006950
281.501539 2013 542.344341 16.633277 1673.261911 253.808697 0.126602 0.003850 -54.123062 1.395740 -2.009680 1.384327 46.849767 1.372914 77.598553 nan 3.871771 0.000013 719.179981 0.007170
288.501539 2013 624.362885 18.496406 1600.466647 177.395561 0.128846 0.001881 -53.873758 1.370798 -2.901354 1.045154 46.861646 0.719510 81.066853 nan 3.871770 0.000013 719.180504 0.006979
295.501539 2013 213.428733 4.369255 505.396423 20.151654 0.115064 0.002234 -52.566128 1.351670 -5.328247 1.078594 38.962055 0.805518 74.100020 nan 3.871769 0.000013 719.181034 0.007098
302.501539 2013 226.637089 6.799899 561.325574 44.201691 0.104115 0.003494 -55.772185 1.550171 -7.419532 1.387660 36.987700 1.225148 67.667596 nan 3.871767 0.000013 719.182019 0.007094
309.501539 2013 233.973061 11.921889 713.623145 137.234877 0.041733 0.009181 -60.576460 5.124232 -8.356686 5.160065 41.311994 5.195898 30.760251 nan 3.871766 0.000013 719.182699 0.007058
316.501539 2013 628.639463 18.573629 1766.835570 210.239721 0.124280 0.003284 -65.222939 1.680037 -12.162584 1.478739 36.890762 1.277441 79.373725 nan 3.871765 0.000013 719.183191 0.007105
330.502755 2013 100.129778 2.654011 284.752902 21.873926 0.100720 0.024903 -64.025265 2.038235 -17.018707 2.213280 30.763554 2.388326 74.446082 nan 3.871763 0.000013 719.184418 0.007220
337.502755 2013 105.401346 3.469470 384.919323 24.872618 -0.019066 0.026242 -65.176557 4.679203 -17.158786 4.790019 52.732727 4.900834 28.010181 nan 3.871763 0.000013 719.184398 0.007277
344.502755 2013 268.406589 8.531538 793.536618 61.672664 0.054707 0.019004 -69.127796 3.768591 -18.956727 3.828343 26.729860 3.888094 46.866536 nan 3.871762 0.000013 719.184891 0.007428
351.502755 2013 168.392488 7.089551 508.443552 63.246871 -0.810987 0.166873 -64.296844 3.818091 -9.978989 3.990345 24.209056 4.162598 31.440409 nan 3.871762 0.000014 719.184778 0.007695
358.502755 2013 54.836171 2.096305 217.757174 12.659682 -0.881591 0.151843 -63.083235 3.080029 -18.398024 3.292660 23.809666 3.505290 27.120842 nan 3.871763 0.000014 719.184503 0.007811
0.502755 2014 181.335378 7.470405 987.581694 93.778907 162.104981 33.965255 -59.562109 4.046418 -9.718247 3.206282 23.788290 2.366146 30.482930 nan 3.871760 0.000015 719.186033 0.008567
7.502755 2014 121.437652 3.193068 413.004089 19.076856 0.035204 0.004200 -57.443130 3.324018 -17.715104 3.495310 23.846777 3.666602 15.532652 nan 3.871764 0.000016 719.184052 0.008827
35.502755 2014 81.537433 4.658647 311.826691 40.085950 -1.442971 0.226497 -41.221019 2.914508 -18.006074 2.966734 32.358138 3.018961 13.615512 nan 3.871767 0.000019 719.182438 0.010696
42.502755 2014 469.260700 12.720252 1132.467874 67.487812 0.157555 0.013776 -43.805361 0.697863 -7.712193 1.870113 38.122789 3.042364 59.958354 nan 3.871768 0.000020 719.181764 0.011262
49.502755 2014 852.751073 36.914475 5427.483313 680.870560 0.102058 0.018133 -38.525973 0.644188 -4.103446 0.997568 37.722035 1.350948 58.175957 nan 3.871768 0.000021 719.181705 0.011617
55.061088 2014 770.557290 26.827253 2347.900072 202.719763 0.139683 0.017137 -36.437724 0.553856 -4.660431 2.338309 35.728536 4.122761 57.594955 nan 3.871793 0.000028 719.168093 0.015750
63.502755 2014 230.552505 5.435633 494.914380 29.487475 0.152667 0.013476 -42.602424 0.588868 -4.066120 2.251159 42.967670 3.913450 63.416723 nan 3.871770 0.000023 719.180956 0.013074
70.502755 2014 81.383309 2.523984 228.207719 19.385670 -1.290176 0.221911 -39.442777 2.588839 0.991100 2.597335 41.143647 2.605832 47.030419 nan 3.871768 0.000025 719.181663 0.014203
77.502755 2014 50.460437 2.237976 206.997685 22.528148 1.125564 0.062836 -44.424330 2.040621 -31.873710 2.287199 44.344730 2.533777 5.059998 nan 3.871767 0.000026 719.182261 0.014455
84.502755 2014 76.964378 2.511266 293.201575 16.560427 -0.025167 0.019552 -44.107269 4.322134 -1.965421 4.386053 41.575106 4.449973 16.538385 nan 3.871765 0.000027 719.183390 0.014825
91.502755 2014 61.304209 2.504416 228.556088 17.379983 -0.406373 0.093148 -45.064143 4.405309 -1.223016 4.392373 40.129800 4.379438 26.785677 nan 3.871766 0.000027 719.183347 0.015254
98.502755 2014 210.067726 13.822012 820.628071 220.839322 -0.111240 0.044980 -50.273979 4.664262 -3.460017 4.645115 38.969888 4.625968 25.724687 nan 3.871764 0.000029 719.184336 0.016196
105.502755 2014 479.132569 15.297555 1251.802064 198.769819 0.127894 0.009967 -57.874625 1.542633 -6.070062 2.188141 42.841251 2.833649 71.691052 nan 3.871762 0.000030 719.185471 0.016723
112.502755 2014 397.956254 10.805622 872.206690 59.404965 0.138782 0.008493 -62.342889 1.516238 -8.418648 2.129514 37.833105 2.742791 79.509513 nan 3.871760 0.000031 719.186499 0.017205
119.502755 2014 445.419976 15.516247 1248.123403 151.108628 0.041296 0.040274 -65.701467 1.771793 -13.568970 3.097552 38.389989 4.423311 69.856351 nan 3.871757 0.000031 719.188021 0.017437
126.502755 2014 479.849494 15.858394 1397.223320 187.556049 0.102579 0.013241 -64.431746 1.666285 -12.995758 1.976531 33.977134 2.286776 73.205060 nan 3.871759 0.000032 719.187463 0.017658
133.502755 2014 251.172882 6.361488 751.375333 43.981662 0.121811 0.001976 -64.960282 1.416675 -14.435263 1.261539 33.303109 1.106402 75.742729 nan 3.871757 0.000032 719.188514 0.018007
140.502755 2014 136.957036 5.997525 556.707535 105.028613 -2.677330 0.400902 -62.265999 2.630632 -19.069872 2.781424 32.105625 2.932216 47.950116 nan 3.871759 0.000033 719.187117 0.018534
168.502755 2014 147.967377 5.745552 584.975162 61.601989 2.182586 0.309306 -59.570114 4.064480 -3.754072 3.521965 50.255516 2.979450 15.115502 nan 3.871758 0.000036 719.188050 0.019980
175.502755 2014 55.919403 1.839413 207.485387 13.365203 -1.278652 0.203540 -58.600695 2.862635 -14.137250 2.916908 22.202355 2.971181 8.400100 nan 3.871759 0.000036 719.187694 0.020204
182.502755 2014 45.493803 1.772075 188.222061 12.158032 -1.292129 0.399739 -54.758985 2.586960 -22.909777 2.586201 24.966192 2.585443 25.231063 nan 3.871760 0.000037 719.186893 0.020404
189.502755 2014 31.311726 1.456312 166.857100 11.429125 -2.176995 0.200458 -52.533971 2.301267 0.679997 2.285063 25.383285 2.268859 2.628913 nan 3.871762 0.000037 719.185866 0.020770
203.502755 2014 7.278608 0.502496 76.171567 5.686889 0.008333 0.000000 4.506130 0.000000 6.768884 0.000000 9.031639 0.000000 4.525508 nan 3.871764 0.000038 719.184571 0.021291
210.502755 2014 40.270960 2.218457 171.236219 15.846801 -1.934322 0.200100 -42.836329 3.158384 11.008750 3.227213 38.647004 3.296042 23.935393 nan 3.871766 0.000039 719.183493 0.021498
217.502755 2014 181.398457 5.311375 704.918388 30.894995 0.054716 0.006595 -42.502211 3.302062 -7.663476 3.390042 35.145547 3.478022 22.863324 nan 3.871766 0.000039 719.183467 0.021687
224.502755 2014 112.276469 3.516343 445.586115 25.774831 0.017335 0.007329 -40.211167 3.232678 -5.056383 3.304739 33.926432 3.376799 12.996188 nan 3.871767 0.000039 719.182967 0.021807
231.502755 2014 133.237625 4.651173 658.797561 44.127375 -0.797444 0.228666 -38.769368 3.146800 -4.399692 2.919904 36.206603 2.693008 37.257923 nan 3.871767 0.000040 719.182950 0.022052
238.502755 2014 575.045970 22.903634 2919.751133 359.817163 0.044653 0.011383 -37.168171 3.735321 -2.480037 3.778796 34.134159 3.822271 25.472367 nan 3.871768 0.000040 719.182640 0.022184
245.502755 2014 712.077534 17.819877 1550.359721 75.800838 0.127469 0.001550 -40.338854 0.639831 -1.283067 0.790522 39.624779 0.941213 64.761612 nan 3.871767 0.000040 719.182987 0.022272
266.502755 2014 619.126940 18.343304 1721.038894 141.950017 0.126496 0.010546 -47.052350 3.351012 0.533641 2.731798 40.683164 2.112584 64.925565 nan 3.871763 0.000041 719.185323 0.022719
273.502755 2014 642.188980 15.415154 1611.850878 45.486668 0.123611 0.001640 -48.305249 1.088924 -1.705314 0.852812 40.664321 0.616701 73.426134 nan 3.871760 0.000041 719.187416 0.023052
280.502755 2014 385.256738 9.837751 904.397852 53.176754 0.116667 0.002316 -49.359659 1.306804 -2.878544 1.032129 41.548074 0.757454 71.280105 nan 3.871757 0.000041 719.188731 0.022944
287.502755 2014 521.458012 15.748543 1226.130380 138.917844 0.115377 0.008079 -53.241081 1.421213 -6.365036 1.952897 38.655778 2.484580 74.083877 nan 3.871755 0.000041 719.190000 0.022991
294.502755 2014 887.324211 23.787153 2263.479440 154.124238 0.127263 0.002794 -58.223123 1.685001 -6.338535 1.253125 47.372606 0.821250 78.922966 nan 3.871753 0.000041 719.190971 0.022921
301.502755 2014 583.737406 14.236482 1351.630769 48.254333 0.119136 0.001633 -57.079858 1.396428 -9.152773 1.112375 35.313684 0.828322 74.983485 nan 3.871748 0.000042 719.194025 0.023285
308.502755 2014 679.883277 21.375047 2087.491057 284.180744 0.116872 0.002418 -57.905784 1.522081 -11.501893 1.279708 37.580303 1.037334 73.179130 nan 3.871750 0.000042 719.192929 0.023548
315.502755 2014 570.903830 18.648523 1768.701106 253.473320 0.118313 0.002743 -60.008327 1.607128 -13.587175 1.398930 33.272558 1.190733 73.353744 nan 3.871748 0.000043 719.194087 0.023783
322.502755 2014 714.079010 17.885012 1797.015327 64.241182 0.124074 0.002697 -61.574076 1.586984 -16.452737 1.391275 31.725774 1.195566 74.130369 nan 3.871747 0.000043 719.194215 0.023933
329.502755 2014 287.210634 7.308488 761.049427 48.337891 0.117387 0.002338 -61.662644 1.524887 -17.708518 1.408160 26.601379 1.291433 68.889529 nan 3.871748 0.000043 719.194089 0.024024
336.502755 2014 304.773756 8.187304 841.775374 70.874917 0.119239 0.003925 -66.058699 1.476643 -18.742960 1.557217 24.958616 1.637791 66.476471 nan 3.871748 0.000044 719.194200 0.024307
343.502755 2014 1087.554530 26.028937 2562.011400 124.851209 0.128419 0.003170 -65.839637 1.494277 -17.952179 1.541316 30.234868 1.588356 67.822401 nan 3.871749 0.000044 719.193699 0.024581
350.502755 2014 550.978005 13.394469 1232.786051 66.092861 0.122222 0.002928 -61.288839 1.328553 -18.138431 1.455681 26.353259 1.582809 62.070072 nan 3.871750 0.000045 719.192658 0.024841
357.502755 2014 662.336585 20.202883 2138.476912 250.709985 0.113248 0.003766 -56.583636 1.212852 -17.968675 1.399785 20.556932 1.586717 55.682618 nan 3.871752 0.000045 719.191685 0.025023
364.502755 2014 930.600095 24.787142 2734.323786 227.018976 0.127984 0.003561 -54.910691 1.126857 -15.120511 1.270014 28.306334 1.413172 57.866264 nan 3.871754 0.000045 719.190514 0.025107
6.502755 2015 1059.737590 32.278559 4319.733333 344.066267 0.117901 0.003807 -49.712917 1.145125 -14.297154 1.214045 22.272401 1.282966 52.098645 nan 3.871755 0.000048 719.190090 0.026736
13.502755 2015 258.876347 6.378171 564.650378 44.354308 0.142667 0.013876 -45.676262 0.772121 -13.196387 1.272147 22.729544 1.772173 52.364856 nan 3.871758 0.000049 719.188775 0.027324
20.502755 2015 134.777748 3.612154 426.543595 42.471598 -0.221193 0.105378 -41.311380 3.157363 -10.912149 3.826751 38.046853 4.496138 39.175397 nan 3.871760 0.000050 719.187554 0.027823
33.838866 2015 799.070949 20.804984 1909.554277 110.907257 0.141138 0.011171 -37.574439 0.526633 -6.805865 1.410770 33.396847 2.294908 54.795773 nan 3.871817 0.000057 719.155832 0.031885
41.502755 2015 267.560788 7.324455 635.912218 52.976595 0.114609 0.002945 -36.379421 0.672442 -4.014343 0.799397 33.361012 0.926352 52.732954 nan 3.871763 0.000053 719.186129 0.029282
48.502755 2015 419.925222 14.557124 1610.981786 228.735438 0.099897 0.005499 -34.317118 1.231078 -2.261576 1.411692 35.446271 1.592306 48.330084 nan 3.871758 0.000056 719.189029 0.031017
55.502755 2015 509.123845 15.845066 1379.123164 196.257079 0.128419 0.009694 -36.582292 0.621905 -2.515135 1.607237 39.071756 2.592569 56.913833 nan 3.871761 0.000055 719.187383 0.030389
62.502755 2015 1038.461344 28.613740 3448.433393 320.917006 0.132754 0.009582 -41.288894 0.921686 -2.081730 1.835860 41.738274 2.750035 61.336157 nan 3.871759 0.000055 719.188420 0.030519
69.502755 2015 522.350450 12.585745 1099.777346 59.268186 0.154227 0.017294 -41.023512 0.911556 -4.764522 2.962632 40.472558 5.013707 57.482220 nan 3.871758 0.000057 719.189484 0.031512
76.502755 2015 2043.666646 78.834263 12351.158105 870.159354 0.126556 0.009742 -45.675308 3.135621 1.060816 2.229155 48.252838 1.322689 63.605219 nan 3.871755 0.000059 719.191327 0.032601
90.502755 2015 757.768703 19.401648 2680.223857 100.643404 0.114889 0.001406 -50.019821 1.379926 -2.465041 0.908652 34.824434 0.437379 69.059213 nan 3.871748 0.000059 719.195077 0.033002
97.502755 2015 544.765364 16.419544 1880.623786 221.207863 0.122222 0.003952 -56.750741 1.886875 -4.108425 1.490830 40.300553 1.094784 74.144687 nan 3.871746 0.000060 719.196596 0.033517
104.502755 2015 1515.608247 52.438754 6160.057143 693.203528 0.125641 0.008673 -61.183869 1.836226 -7.733867 2.079304 38.117769 2.322381 69.575179 nan 3.871743 0.000062 719.198390 0.034301
111.502755 2015 1415.785543 37.930887 4783.161893 327.301157 0.139850 0.009588 -62.514037 1.626559 -9.229973 2.120590 39.294212 2.614622 77.226009 nan 3.871739 0.000064 719.200349 0.035577
118.502755 2015 504.094745 13.125220 1658.301128 84.181653 0.111111 0.003046 -61.816383 1.600316 -11.547854 1.431684 37.020684 1.263052 68.476440 nan 3.871738 0.000065 719.201184 0.036030
125.502755 2015 441.962662 12.424131 1294.592217 128.358233 0.120576 0.002633 -61.453272 1.566173 -13.273272 1.245231 30.637851 0.924289 72.439178 nan 3.871737 0.000065 719.201649 0.036216
132.502755 2015 1078.354456 32.492329 4166.769231 373.594128 0.118930 0.004033 -60.040339 1.478717 -14.808484 1.426775 32.147546 1.374834 69.099266 nan 3.871736 0.000066 719.202267 0.036523
139.502755 2015 615.818929 16.405547 1652.500011 180.263750 0.127881 0.002456 -60.000065 0.908776 -16.349616 1.201478 35.131611 1.494179 72.079208 nan 3.871736 0.000066 719.202310 0.036821
146.502755 2015 140.448764 3.191864 420.373800 13.310036 0.093313 0.003833 -56.561649 1.286722 -19.434448 1.666332 24.192894 2.045942 52.771205 nan 3.871737 0.000067 719.201820 0.037143
153.502755 2015 91.212224 1.811556 204.882540 9.018358 0.060256 0.008179 -59.476133 2.275756 -22.692191 2.653042 25.400281 3.030329 32.232109 nan 3.871740 0.000067 719.200539 0.037609
160.502755 2015 821.673375 22.906479 2473.479645 214.120304 0.038355 0.050262 -58.691286 1.636716 -16.107312 2.135251 36.115357 2.633785 60.343257 nan 3.871742 0.000068 719.199461 0.037644
174.501667 2015 1772.497430 60.309445 9932.088048 836.322307 0.124383 0.009187 -55.398101 1.440942 -15.393029 1.730479 32.815871 2.020016 55.721492 nan 3.871746 0.000069 719.196923 0.038244
181.501667 2015 1096.024776 27.871920 3863.376214 171.622515 0.133547 0.001887 -50.639737 1.106226 -14.247684 1.274464 30.415898 1.442702 57.000138 nan 3.871750 0.000069 719.195156 0.038672
188.501667 2015 718.085177 21.573578 2253.331216 299.370437 0.125427 0.002898 -47.298587 1.145161 -12.727343 1.342003 32.777072 1.538845 52.877810 nan 3.871752 0.000070 719.193870 0.038893
195.501667 2015 1080.911533 32.493607 3139.039138 489.616618 0.123611 0.010224 -46.275965 0.883034 -11.332248 1.304380 30.976248 1.725726 53.740971 nan 3.871754 0.000070 719.192716 0.039060
202.501667 2015 733.389277 25.757625 2379.777741 464.427446 0.119444 0.003381 -41.972625 0.905597 -9.156960 1.146348 28.751138 1.387099 49.515808 nan 3.871757 0.000071 719.191405 0.039290
209.501667 2015 469.394738 10.261801 1111.889109 56.820027 0.128498 0.002266 -40.511260 0.717187 -6.703939 0.935983 30.006740 1.154779 53.450711 nan 3.871758 0.000071 719.190433 0.039394
216.501667 2015 468.217193 14.812171 1081.515213 116.006549 0.135803 0.001673 -38.476086 0.608145 -4.988183 0.819841 34.623819 1.031537 57.399087 nan 3.871759 0.000071 719.190170 0.039500
223.501667 2015 559.418038 15.451947 1563.718550 126.362424 0.126852 0.002199 -37.119483 0.672911 -3.286772 0.880913 33.478097 1.088915 56.226447 nan 3.871758 0.000071 719.190553 0.039641
230.501667 2015 2635.997079 73.623771 9564.609750 418.682061 0.128498 0.012114 -38.212596 0.704010 -4.197106 1.937668 35.122419 3.171326 54.698068 nan 3.871757 0.000071 719.191007 0.039720
237.501667 2015 1714.467451 58.142769 7588.566857 765.990528 0.114506 0.003705 -39.733486 1.299814 -0.258859 1.205493 35.140249 1.111172 55.833466 nan 3.871756 0.000071 719.191782 0.039830
244.501667 2015 1317.176343 37.529398 4838.495357 440.413147 0.130453 0.001902 -40.716350 0.761725 0.122681 0.708701 37.735307 0.655678 65.824003 nan 3.871753 0.000072 719.193304 0.039885
251.501667 2015 2458.183956 87.243871 13658.225783 1444.282324 0.128098 0.009274 -42.089610 2.393685 1.514499 1.711821 38.612765 1.029958 61.540134 nan 3.871750 0.000072 719.195437 0.039941
258.501667 2015 1646.861508 41.734433 5338.476214 316.240348 0.140444 0.010171 -46.107194 2.922934 1.326961 1.795584 42.315158 0.668234 68.990665 nan 3.871746 0.000072 719.197386 0.040118
265.501667 2015 1261.656127 37.863990 4561.457036 519.647351 0.131410 0.003030 -48.246824 1.323356 -0.224042 1.032126 43.077337 0.740897 74.391686 nan 3.871742 0.000072 719.199442 0.040145
272.412778 2015 412.602629 9.625516 1092.151292 48.583707 0.120727 0.002495 -46.496927 1.315454 -2.467845 1.044807 37.530641 0.774159 70.962175 nan 3.871661 0.000073 719.244614 0.040802
279.501667 2015 2427.644923 80.790809 10023.467000 1129.465661 0.133547 0.009792 -56.347569 3.223296 -2.511005 2.063628 39.152714 0.903960 71.761035 nan 3.871733 0.000073 719.204530 0.040448
286.501667 2015 3053.544339 82.797895 10781.771393 349.504743 0.127984 0.003038 -56.052102 1.631328 -5.199702 1.412678 50.612001 1.194028 76.791169 nan 3.871730 0.000073 719.206374 0.040619
293.501667 2015 1194.337448 34.905392 4340.142893 426.570541 0.125411 0.002223 -54.513294 1.544867 -7.684856 1.240782 38.997404 0.936696 76.226491 nan 3.871724 0.000074 719.209670 0.041202
300.501667 2015 342.196630 9.056982 1181.511493 70.721417 0.107099 0.003491 -57.877063 1.769595 -10.085935 1.584432 33.569657 1.399270 65.546141 nan 3.871723 0.000074 719.210527 0.041434
307.501667 2015 1484.262182 55.452417 7913.096444 1326.087437 0.120062 0.004102 -61.766321 1.879981 -12.917734 1.787436 34.573880 1.694890 71.416519 nan 3.871722 0.000075 719.211110 0.041677
314.501667 2015 2952.284420 79.282272 10188.800357 357.433144 0.141453 0.009988 -64.372038 1.658520 -14.353084 1.859034 37.725151 2.059548 75.438269 nan 3.871721 0.000075 719.211902 0.041967
321.501667 2015 1488.345554 42.309057 5495.590536 323.533134 0.121708 0.003173 -60.510515 1.436766 -15.740039 1.413126 32.101720 1.389485 69.594369 nan 3.871721 0.000076 719.212089 0.042313
328.501667 2015 525.039385 15.603980 2317.233393 61.471469 0.098457 0.003359 -57.255240 1.373125 -18.642364 1.541775 22.379688 1.710424 55.247002 nan 3.871723 0.000077 719.210890 0.042649
335.501667 2015 495.354119 14.905562 1350.723520 163.225714 0.117415 0.004523 -60.893988 1.557492 -17.367258 1.615232 24.806390 1.672972 61.465263 nan 3.871725 0.000077 719.209470 0.042966
342.501667 2015 787.911208 17.820264 1826.424869 66.004622 0.133013 0.003121 -60.752155 1.343494 -16.299748 1.452822 25.224921 1.562151 64.568968 nan 3.871728 0.000078 719.208265 0.043253
349.501667 2015 611.674800 16.248027 1516.073146 149.268851 0.137444 0.010232 -57.028470 1.213331 -16.738401 1.430419 22.806036 1.647508 59.545545 nan 3.871730 0.000078 719.206995 0.043656
356.501667 2015 1745.471125 57.470617 8051.506185 800.021202 0.123397 0.003908 -53.263755 1.242755 -15.645271 1.435389 25.082282 1.628022 54.593643 nan 3.871734 0.000079 719.205004 0.043945
363.501667 2015 1319.040821 41.265069 4329.259655 516.336639 0.132408 0.004222 -48.401326 1.071209 -12.790329 1.219016 25.705947 1.366824 55.534029 nan 3.871738 0.000081 719.202746 0.044863
5.501667 2016 1445.429587 39.303538 4758.666571 398.338064 0.137346 0.002378 -44.879848 0.830393 -10.992913 1.001666 25.105953 1.172939 55.644560 nan 3.871804 0.000082 719.166333 0.045548
12.501667 2016 604.048398 13.026602 1533.089572 81.452690 0.142628 0.009332 -42.748278 0.713849 -9.961537 1.193204 26.613679 1.672560 52.898234 nan 3.871806 0.000083 719.165404 0.046142
19.501667 2016 861.523741 32.822785 3103.019815 473.629659 0.116255 0.003823 -38.859127 0.813906 -7.637645 1.007235 30.970570 1.200564 47.899413 nan 3.871808 0.000084 719.164174 0.046759
26.501667 2016 644.443247 15.254319 1457.099930 106.160683 0.132265 0.010188 -37.959321 0.879724 -5.933755 1.362993 30.294338 1.846261 49.775192 nan 3.871810 0.000085 719.163331 0.047328
33.501667 2016 240.352601 5.866709 621.512931 27.015456 0.112860 0.004026 -33.922137 0.840365 -3.409822 1.014484 34.356415 1.188603 49.203009 nan 3.871809 0.000086 719.164111 0.047939
40.501667 2016 446.853237 12.567555 1146.921903 86.553880 0.105258 0.013815 -33.953877 0.541498 -2.671004 1.190074 35.635454 1.838651 52.985529 nan 3.871807 0.000087 719.165244 0.048642
47.501667 2016 1636.407230 52.816839 6950.076895 421.596983 0.133449 0.025878 -37.481882 2.729966 -7.036518 3.945312 42.270436 5.160657 41.304538 nan 3.871805 0.000088 719.166300 0.049158
54.501667 2016 1373.522461 37.148520 4286.076179 243.986623 0.125000 0.001723 -37.541684 0.855358 0.485521 0.744099 37.411593 0.632840 62.006418 nan 3.871803 0.000089 719.167772 0.049344
61.501667 2016 566.516361 16.558954 2073.909500 109.903518 0.114111 0.008903 -40.224422 1.135729 0.061148 1.704270 38.845502 2.272811 53.271109 nan 3.871798 0.000090 719.170880 0.050285
68.501667 2016 1023.544053 28.788859 3400.114321 257.235740 0.104487 0.012216 -51.838553 2.201916 1.395741 1.685793 46.965524 1.169670 60.737451 nan 3.871792 0.000091 719.173936 0.050895
75.501667 2016 1120.630370 30.185067 2930.853333 254.366155 0.127884 0.002631 -54.885924 1.635373 -0.608677 1.201511 41.125263 0.767650 70.887891 nan 3.871788 0.000092 719.176423 0.051486
82.501667 2016 879.472868 24.678902 2447.790500 212.226262 0.123397 0.001542 -49.058364 1.333037 -1.344201 0.868403 38.754081 0.403769 70.954154 nan 3.871784 0.000093 719.178866 0.051729
88.671111 2016 325.457319 7.496311 710.196919 36.720251 0.129028 0.003602 -55.744020 1.744649 -2.572077 1.347454 39.539541 0.950258 75.341349 nan 3.871714 0.000107 719.217610 0.059562
96.501667 2016 823.878933 23.037460 2227.306316 236.310946 0.123971 0.002302 -56.885112 1.615201 -5.403037 1.193618 37.043592 0.772034 73.300166 nan 3.871774 0.000096 719.185003 0.053544
103.501667 2016 1101.704118 40.294295 4028.023174 394.293674 0.127057 0.003354 -59.314345 1.787259 -6.944945 1.339715 36.422129 0.892172 74.608424 nan 3.871770 0.000096 719.186871 0.053617
110.501667 2016 920.851963 25.582913 2889.500036 223.134176 0.121811 0.002157 -58.746285 1.364081 -9.646607 1.233657 35.442899 1.103232 72.206525 nan 3.871769 0.000097 719.187974 0.054223
117.501667 2016 328.577789 6.479842 618.885720 31.066728 0.133127 0.001748 -58.074530 1.039702 -11.012415 1.054528 36.481283 1.069355 77.192466 nan 3.871767 0.000098 719.189141 0.054562
124.501667 2016 1246.851063 34.673232 3583.357143 329.009168 0.128292 0.002640 -56.982952 1.002298 -13.473560 1.153465 34.942832 1.304631 72.543905 nan 3.871765 0.000099 719.189959 0.055111
131.501667 2016 2915.017939 82.251014 10919.580643 477.774111 0.131687 0.003749 -57.824560 1.033508 -14.006471 1.279389 36.232907 1.525271 71.085534 nan 3.871768 0.000100 719.188900 0.055465
138.501667 2016 1378.774924 37.005296 4995.619000 211.000787 0.126603 0.002292 -57.239860 0.872255 -15.942960 1.136992 31.238531 1.401729 67.349091 nan 3.871770 0.000100 719.187516 0.055736
145.501667 2016 617.867553 15.483775 2072.344097 75.390686 0.123077 0.002967 -59.407277 1.079829 -17.139230 1.359977 29.886074 1.640124 62.747552 nan 3.871772 0.000101 719.186530 0.056027
152.501667 2016 437.567132 9.127088 836.689756 47.855340 0.133547 0.002118 -56.855908 1.018254 -16.254873 1.214749 28.650014 1.411245 63.333884 nan 3.871775 0.000101 719.184700 0.056298
159.501667 2016 827.920525 24.607593 2337.464321 274.821683 0.126496 0.003601 -55.376324 1.189861 -16.624769 1.506551 31.329969 1.823240 57.644091 nan 3.871781 0.000101 719.181705 0.056482
166.501667 2016 526.064443 13.104782 1096.670862 73.751923 0.129487 0.002362 -50.743071 1.081610 -15.048643 1.342878 32.938296 1.604146 56.264530 nan 3.871786 0.000102 719.179062 0.056672
173.501667 2016 300.103891 6.859208 649.403235 44.827958 0.131304 0.002741 -50.619063 1.104590 -13.704603 1.241614 28.548798 1.378638 54.252669 nan 3.871789 0.000102 719.177227 0.056876
180.501667 2016 265.453416 6.306686 757.041539 39.700173 0.134774 0.002104 -48.824034 1.012905 -11.886748 1.147853 29.667607 1.282801 53.707107 nan 3.871793 0.000102 719.175187 0.057070
187.501667 2016 333.209847 12.644201 1102.173808 152.328336 0.125412 0.005761 -44.643231 0.933766 -10.810718 1.494004 27.443383 2.054242 49.209062 nan 3.871798 0.000103 719.172612 0.057205
194.501667 2016 779.682251 17.475023 1806.864137 58.729413 0.147543 0.009272 -41.047654 0.765135 -8.832279 1.344986 28.333847 1.924836 51.013657 nan 3.871800 0.000103 719.171164 0.057345
201.501667 2016 388.985883 9.174357 1027.794362 54.467152 0.124177 0.003843 -38.255176 1.089790 -5.619295 1.055073 29.473472 1.020356 49.531834 nan 3.871801 0.000103 719.170955 0.057462
208.501667 2016 729.598444 19.987540 1830.114556 123.918558 0.129732 0.002580 -35.439026 0.700339 -3.962623 0.886963 32.305086 1.073587 52.533336 nan 3.871801 0.000103 719.170932 0.057560
215.501667 2016 990.508486 29.502318 2857.911211 294.195272 0.130658 0.013126 -36.789125 2.312717 -2.157631 2.307747 34.739188 2.302778 50.400595 nan 3.871801 0.000103 719.170873 0.057627
222.501667 2016 1230.343398 27.982355 2779.983275 171.300154 0.155093 0.013055 -38.367409 0.745823 -2.513898 2.073415 35.039579 3.401006 54.013740 nan 3.871799 0.000103 719.172042 0.057616
229.501667 2016 578.820425 13.790153 1346.228288 76.570035 0.128086 0.002109 -35.674074 0.765203 0.571570 0.695888 34.662923 0.626572 58.977513 nan 3.871794 0.000103 719.174677 0.057642
236.501667 2016 691.137437 21.524158 1962.388930 278.257524 0.124177 0.004025 -39.213246 1.213073 1.471380 1.104861 39.009367 0.996649 60.156725 nan 3.871790 0.000103 719.177169 0.057661
243.501667 2016 1187.048929 44.680545 5015.889000 825.733571 0.136778 0.009812 -42.191191 2.517928 2.740041 1.655397 43.048638 0.792866 61.933896 nan 3.871786 0.000104 719.179383 0.057680
257.501667 2016 1204.235560 35.166065 4316.447643 255.200564 0.118004 0.001980 -41.400471 1.069760 0.699382 0.811914 38.308179 0.554068 65.076902 nan 3.871773 0.000104 719.186634 0.057877
264.501667 2016 484.435569 11.897598 1202.194675 104.177458 0.112931 0.011866 -46.838591 1.406781 -2.889977 2.503641 42.785520 3.600501 67.458551 nan 3.871767 0.000104 719.189597 0.057999
271.501667 2016 2339.607224 74.603416 9570.521200 869.317341 0.123016 0.008414 -54.829709 1.758838 -3.793584 2.159736 43.344460 2.560633 72.809665 nan 3.871764 0.000104 719.191746 0.058169
278.501667 2016 2682.860120 72.042574 8668.152679 318.151304 0.130967 0.002908 -49.984342 1.299373 -3.562771 1.221991 45.995511 1.144610 75.975034 nan 3.871759 0.000105 719.194416 0.058392
285.501667 2016 1461.117971 44.314870 5695.369033 498.902041 0.122119 0.003243 -52.376852 1.750506 -5.451387 1.406454 36.224219 1.062402 72.050694 nan 3.871755 0.000105 719.196845 0.058618
292.501667 2016 1859.286139 42.498295 5033.940207 179.719311 0.142284 0.002654 -58.787354 1.517589 -7.677120 1.291183 40.604845 1.064776 82.299158 nan 3.871754 0.000106 719.197609 0.058882
299.501667 2016 2710.939280 85.819523 10353.311962 1109.805027 0.125411 0.003591 -59.222024 1.769566 -10.369089 1.581414 39.225087 1.393263 72.526108 nan 3.871754 0.000106 719.197325 0.059062
306.501667 2016 2289.241230 63.410638 7995.935621 420.885072 0.128189 0.003264 -60.360285 1.448706 -12.435289 1.455373 33.363535 1.462039 72.960857 nan 3.871754 0.000107 719.197204 0.059357
313.501667 2016 850.743496 23.607075 3009.420655 203.704826 0.115535 0.003584 -60.543558 1.834926 -14.906363 1.615881 29.399941 1.396836 64.619127 nan 3.871756 0.000107 719.196707 0.059633
327.501667 2016 609.533704 18.877258 1696.114769 162.923355 0.121795 0.004247 -59.616699 1.298291 -15.914870 1.514969 27.943809 1.731647 62.535228 nan 3.871765 0.000108 719.191687 0.060252
334.501667 2016 635.005219 14.208374 1588.429091 41.834670 0.132585 0.002278 -57.501006 1.081564 -15.629329 1.211804 25.952432 1.342044 63.322578 nan 3.871769 0.000109 719.189498 0.060654
341.501667 2016 545.691519 14.101391 1408.307012 79.750824 0.123045 0.004008 -53.263383 1.046306 -15.128048 1.289788 25.308821 1.533269 56.206801 nan 3.871773 0.000110 719.187445 0.061408
348.501667 2016 617.461901 13.210461 1527.623857 50.296393 0.142842 0.009313 -49.936574 0.990205 -14.256272 1.179245 22.409241 1.368285 56.983410 nan 3.871779 0.000111 719.184047 0.061949
355.501667 2016 858.356705 26.197928 3259.943415 265.948196 0.137714 0.010436 -44.359414 0.851106 -12.872836 1.217935 24.816066 1.584764 51.638340 nan 3.871785 0.000111 719.181052 0.061988
362.501667 2016 1173.606247 27.174039 2668.785568 138.414422 0.135288 0.003413 -42.704076 0.824799 -10.265165 0.969544 26.092369 1.114289 52.915899 nan 3.871788 0.000112 719.179314 0.062546
