92.742083 2008 1600.472247 35.104365 3684.725615 88.542942 0.149556 0.014772 -63.298507 3.540805 -0.888667 3.640473 64.441146 3.740141 83.508299 nan 3.871780 0.000041 719.175896 0.023095
99.500417 2008 1514.807915 29.894579 3310.668977 116.855450 0.192029 0.018901 -64.704755 6.887441 1.005336 5.451233 53.918910 4.015026 77.724369 nan 3.871781 0.000040 719.175465 0.022464
106.500417 2008 1086.329379 23.177749 3493.629700 135.064572 0.153953 0.015905 -69.791351 2.042271 -7.621443 3.716723 46.599785 5.391174 80.040411 nan 3.871784 0.000041 719.173540 0.022791
113.500417 2008 1259.447664 32.922566 3848.709744 152.371815 0.147115 0.008141 -59.915249 2.588342 0.422448 1.630309 47.363135 0.672277 80.860390 nan 3.871780 0.000042 719.176096 0.023252
120.500417 2008 1321.622362 27.608282 2975.766640 75.922989 0.152457 0.009068 -57.786992 1.048971 -2.329895 2.084414 52.280291 3.119858 83.428987 nan 3.871779 0.000043 719.176780 0.023704
127.686528 2008 1034.495037 22.014145 3203.746088 121.841382 0.191304 0.026984 -54.409770 3.725487 -0.781000 3.731956 48.540071 3.738425 81.454850 nan 3.871756 0.000044 719.189622 0.024549
134.500417 2008 660.606186 19.824423 3516.773303 123.487566 0.116152 0.002395 -41.006859 0.663251 -0.347331 0.660979 41.235493 0.658707 70.017989 nan 3.871780 0.000044 719.175899 0.024459
141.500417 2008 778.213383 19.972512 3255.659469 118.998520 0.123413 0.015079 -61.942431 4.296441 1.168635 3.726269 50.122341 3.156097 69.401391 nan 3.871779 0.000045 719.176663 0.025026
148.500417 2008 959.017902 26.377813 4659.881250 241.120537 0.142901 0.013479 -53.444356 0.905673 -4.147888 2.482340 47.550626 4.059007 79.708837 nan 3.871785 0.000046 719.173743 0.025522
155.500417 2008 1075.132208 31.259691 5654.605036 96.419291 0.140432 0.002691 -50.593208 0.745815 -0.359247 0.711912 48.981693 0.678009 83.303897 nan 3.871784 0.000047 719.174012 0.025919
162.500417 2008 1069.923924 31.372337 5645.266750 108.577872 0.156000 0.010051 -51.295040 0.528059 -2.033159 2.002602 52.176630 3.477146 82.830741 nan 3.871790 0.000048 719.171106 0.026497
169.500417 2008 1560.952413 34.794507 5133.085516 193.739401 0.219028 0.029609 -57.740414 4.576871 -4.231050 5.894038 55.258235 7.211204 72.657314 nan 3.871789 0.000049 719.171357 0.027158
176.500417 2008 1065.139529 27.893401 4788.971464 107.370874 0.149111 0.010093 -49.409120 3.459120 1.396616 2.228960 49.787546 0.998800 78.168435 nan 3.871794 0.000050 719.168664 0.027718
183.439306 2008 947.326869 27.847320 4769.403759 120.028884 0.174517 0.016701 -47.083887 0.541677 -5.654914 3.356393 50.442219 6.171109 74.635898 nan 3.871761 0.000051 719.187225 0.028542
190.555972 2008 894.219413 31.088175 5066.930333 220.259252 0.109568 0.004954 -46.735602 1.460511 0.436921 1.705900 69.513807 1.951290 65.159069 nan 3.871749 0.000052 719.193981 0.028951
197.497639 2008 1271.995894 28.339228 4583.254138 92.593485 0.216402 0.023069 -51.094445 5.837704 -2.688936 7.112386 68.815276 8.387068 67.513978 nan 3.871799 0.000053 719.166285 0.029465
204.497639 2008 1121.043971 26.519887 4325.847533 129.007866 0.166556 0.018090 -48.490017 6.474805 8.192940 4.062363 70.393638 1.649921 74.861442 nan 3.871802 0.000054 719.164337 0.029970
211.497639 2008 892.403366 25.466419 4284.348448 142.989518 0.144979 0.009476 -63.357426 3.396949 1.383466 2.061128 49.886512 0.725308 77.326276 nan 3.871799 0.000055 719.166471 0.030378
218.505972 2008 801.630114 26.478199 4373.670000 146.947051 0.100720 0.001642 -38.066427 0.523848 0.081380 0.555045 39.190216 0.586242 60.318132 nan 3.871803 0.000056 719.164148 0.030951
225.500417 2008 1341.031908 31.102947 4646.222333 148.164243 0.211508 0.023116 -64.375363 5.783402 -4.639655 6.785198 59.824195 7.786995 65.135505 nan 3.871807 0.000057 719.162101 0.031529
232.500417 2008 1151.989119 28.615399 4563.675714 81.687211 0.195328 0.020469 -61.209541 4.027298 -5.829293 5.638952 69.331528 7.250607 68.714422 nan 3.871807 0.000057 719.162364 0.031933
239.500417 2008 887.075764 27.169985 4647.929679 65.166021 0.121605 0.002140 -44.684201 0.662675 -0.156722 0.611335 41.956245 0.559996 72.619115 nan 3.871803 0.000058 719.164464 0.032247
246.497639 2008 1279.440651 37.428247 5123.810929 222.875930 0.102984 0.021335 -61.028690 4.639328 2.402500 3.936335 46.661242 3.233341 56.118616 nan 3.871802 0.000059 719.164882 0.032781
253.500417 2008 1036.470071 24.348262 4220.475536 64.868812 0.174758 0.016851 -69.316512 1.447268 -7.390600 3.775704 50.572292 6.104141 77.794935 nan 3.871801 0.000060 719.165718 0.033279
260.500417 2008 1040.255991 25.672586 4020.113000 92.280463 0.161458 0.013790 -70.041236 1.776132 -4.323143 3.424825 55.066661 5.073517 80.046704 nan 3.871799 0.000060 719.166736 0.033576
267.500417 2008 718.449820 23.660400 4108.546357 73.098913 0.106090 0.004342 -50.594059 1.439277 -0.668038 1.343470 46.633330 1.247663 64.457766 nan 3.871798 0.000061 719.167201 0.033799
274.500417 2008 1010.019815 29.353284 4132.376969 107.899326 0.126667 0.016515 -70.651136 4.284573 -1.081981 3.819967 46.830729 3.355361 60.638883 nan 3.871795 0.000061 719.169315 0.034237
281.500417 2008 1245.692165 33.030872 4618.734700 305.660737 0.141461 0.002713 -65.821269 1.793382 -1.332758 1.188251 47.851619 0.583120 87.394318 nan 3.871796 0.000062 719.168560 0.034582
288.497639 2008 1301.663671 32.848448 4390.811621 294.213333 0.153098 0.009331 -59.394273 1.088828 -2.893690 2.175520 48.414063 3.262212 85.008780 nan 3.871796 0.000062 719.168523 0.034723
295.500417 2008 729.932819 20.082716 3478.943000 113.783632 0.137449 0.002013 -48.910080 0.631103 -0.352829 0.565601 47.315953 0.500098 82.985565 nan 3.871798 0.000062 719.167796 0.034782
302.500417 2008 843.211237 21.826664 3706.480714 107.985726 0.134615 0.010513 -57.070963 3.110805 0.165741 2.463326 52.069306 1.815847 73.699298 nan 3.871798 0.000063 719.167459 0.035031
309.500417 2008 790.795288 22.344539 3707.636759 112.737704 0.129321 0.003097 -50.704058 1.044714 0.033817 0.998067 49.796681 0.951419 77.955834 nan 3.871802 0.000063 719.165414 0.035181
316.500417 2008 879.125390 21.580877 3541.236241 108.668980 0.159375 0.019741 -48.591959 0.562097 -0.256803 0.604015 50.189989 0.645933 84.863620 nan 3.871803 0.000063 719.164667 0.035121
323.500417 2008 697.922407 20.969839 3551.475179 64.468572 0.119017 0.005763 -46.592981 1.664165 -0.489799 1.691358 46.985959 1.718552 71.741517 nan 3.871809 0.000063 719.161353 0.035087
330.500417 2008 662.015933 20.576013 3441.763071 94.032229 0.122222 0.006995 -50.576601 1.922002 -0.055348 1.988873 53.131307 2.055744 73.167922 nan 3.871809 0.000063 719.161719 0.035236
337.500417 2008 687.820041 20.709700 3270.010793 104.690930 0.123485 0.020360 -43.383920 2.899316 -2.836644 3.653456 44.178856 4.407597 46.982735 nan 3.871815 0.000063 719.158249 0.035294
344.500417 2008 766.990532 25.049547 3246.141107 63.596470 0.150778 0.010123 -45.929774 3.322691 2.712504 2.402645 68.140568 1.482598 81.627108 nan 3.871814 0.000063 719.158498 0.035185
351.500417 2008 586.952989 19.482353 3227.246643 67.142256 0.112667 0.010519 -41.890422 2.547160 0.779514 1.938132 44.968354 1.329104 60.171308 nan 3.871822 0.000063 719.154138 0.035139
358.500417 2008 606.046652 18.545850 3108.813964 58.642757 0.138556 0.015537 -46.031935 3.584776 0.114856 3.632184 51.618238 3.679592 64.977274 nan 3.871822 0.000063 719.154513 0.035235
365.500417 2008 631.097674 18.421893 3002.123793 91.223295 -13.954380 14.076052 -52.103499 1.970525 -0.771749 2.809117 67.085248 3.647710 64.975893 nan 3.871827 0.000063 719.151321 0.035216
6.500417 2009 600.635814 17.834440 2978.372393 51.239735 0.150111 0.012782 -47.290248 2.700678 -0.558674 3.029700 48.737939 3.358722 73.026301 nan 3.871826 0.000063 719.152264 0.035066
13.500417 2009 539.048839 18.151207 2868.153310 69.291597 0.087820 0.009085 -36.889353 1.900623 0.920887 1.362617 36.295078 0.824610 46.093751 nan 3.871831 0.000063 719.148952 0.035037
20.500417 2009 558.417144 18.203628 2992.860571 45.732334 0.112889 0.016115 -48.450711 1.894202 -4.085816 2.906017 43.936385 3.917832 50.683184 nan 3.871828 0.000063 719.150848 0.035125
27.492083 2009 610.800769 17.725716 2882.165455 87.146301 0.154282 0.016935 -55.421551 3.714710 -0.925597 4.075553 55.505178 4.436395 66.054946 nan 3.871820 0.000063 719.155395 0.035083
34.500417 2009 663.200348 18.150983 2850.675379 57.715144 0.171618 0.019546 -45.497839 6.038894 3.738179 4.630522 46.324628 3.222149 65.208156 nan 3.871825 0.000063 719.152460 0.034950
41.500417 2009 583.422831 18.447330 2940.722607 48.252144 0.111859 0.011611 -42.646743 3.077417 1.482673 2.420241 43.796155 1.763066 58.969135 nan 3.871827 0.000063 719.151513 0.035006
48.500417 2009 741.713961 17.610523 2624.052645 67.479699 0.167029 0.016946 -51.166414 3.580265 -2.049346 4.292557 45.774692 5.004849 71.480697 nan 3.871822 0.000063 719.154385 0.035157
55.500417 2009 553.309944 14.968554 2530.081964 44.654960 0.149074 0.014770 -47.204530 3.571927 -0.355820 3.624694 48.976480 3.677461 70.298603 nan 3.871822 0.000063 719.154450 0.035198
62.500417 2009 531.284951 14.468201 2488.752036 34.663344 0.147889 0.009656 -47.502678 0.660247 -2.442882 2.047044 46.150346 3.433841 79.601718 nan 3.871815 0.000063 719.158190 0.035189
69.500417 2009 619.324673 15.531816 2414.335897 50.244573 0.160417 0.014299 -66.535019 4.433060 -1.121592 4.022803 49.418734 3.612546 78.784552 nan 3.871815 0.000064 719.157970 0.035427
76.500417 2009 637.614867 15.312113 2460.376517 38.623865 0.134671 0.002751 -52.659008 1.071382 -0.181563 0.816038 44.856440 0.560694 81.041974 nan 3.871812 0.000064 719.159971 0.035743
83.500417 2009 567.777628 14.172796 2429.281357 36.548703 0.182005 0.019257 -65.233878 5.504040 -1.423555 5.375922 47.783491 5.247803 73.821139 nan 3.871810 0.000065 719.160952 0.035946
90.500417 2009 477.967691 15.581534 2580.944857 30.111634 0.093519 0.006201 -46.321534 1.827942 -0.366237 1.807079 42.961772 1.786217 56.994814 nan 3.871807 0.000065 719.162919 0.036100
97.500417 2009 555.029210 16.313880 2453.558432 84.206996 0.107051 0.013355 -65.176503 2.538649 -2.142922 3.023917 49.544427 3.509184 56.993153 nan 3.871805 0.000066 719.163687 0.036507
104.497639 2009 566.475601 15.028070 2424.508990 68.421442 0.138782 0.010156 -51.128332 1.194577 -2.634698 2.201648 45.489528 3.208720 75.633271 nan 3.871804 0.000066 719.164456 0.036957
111.500417 2009 517.702831 15.965675 2557.627821 77.137884 0.116026 0.012239 -45.984251 2.019289 -2.602606 2.753200 50.077760 3.487111 62.261060 nan 3.871808 0.000067 719.162384 0.037197
118.836528 2009 464.517931 17.344935 2670.326560 32.476650 0.008594 0.019437 -23.778647 1.908956 -3.040633 2.440929 23.045600 2.972902 33.052799 nan 3.871704 0.000070 719.220244 0.039248
125.500417 2009 612.091332 18.430871 2683.531131 74.034790 0.062455 0.019273 -55.689499 1.887380 -2.569471 2.792945 51.001925 3.698509 53.277464 nan 3.871823 0.000068 719.154324 0.038024
132.497639 2009 542.801060 15.492295 2581.494607 29.142345 0.122325 0.005295 -46.838459 1.509976 -0.328259 1.560171 49.633230 1.610366 73.861069 nan 3.871823 0.000069 719.154352 0.038487
139.500417 2009 470.960066 16.154347 2620.846893 35.527528 0.075961 0.000829 -26.009220 0.218254 -0.425030 0.219624 24.802257 0.220994 46.424698 nan 3.871827 0.000070 719.152208 0.038853
146.497639 2009 465.528961 15.775630 2577.146250 29.129847 0.063611 0.016688 -44.549582 1.583635 -2.828464 2.366236 47.661454 3.148837 50.491465 nan 3.871824 0.000070 719.153722 0.039150
153.500417 2009 460.928505 15.730890 2565.745286 33.441083 0.030303 0.019636 -47.424555 1.910277 -4.050838 2.635841 41.725240 3.361405 41.674985 nan 3.871827 0.000071 719.152026 0.039785
160.500417 2009 457.654468 16.074837 2601.203107 26.519017 0.048372 0.013456 -23.559578 2.539487 2.043043 1.335395 23.020316 0.131302 39.625617 nan 3.871832 0.000073 719.149398 0.040400
167.500417 2009 455.472126 16.505762 2645.796714 27.390468 0.072009 0.000460 -23.308619 0.106910 -0.268660 0.127915 23.157758 0.148920 43.810650 nan 3.871836 0.000073 719.147435 0.040890
174.500417 2009 480.973825 16.145069 2611.559500 41.669117 0.000840 0.020125 -48.056684 3.162666 -1.873782 3.433946 60.782209 3.705226 37.330495 nan 3.871840 0.000074 719.145546 0.041347
181.508750 2009 740.887550 18.408439 2612.063588 90.837054 0.151816 0.009365 -46.557083 0.663046 -1.277698 2.020130 51.163644 3.377214 80.652435 nan 3.871852 0.000075 719.138877 0.042012
188.500417 2009 466.973528 14.863090 2461.049786 34.580973 0.114423 0.009417 -41.100582 1.318492 -0.737201 1.870642 43.257415 2.422793 61.223257 nan 3.871847 0.000077 719.141559 0.042689
195.500417 2009 533.219616 14.270237 2410.099964 35.992504 0.165217 0.019598 -48.276588 1.955585 -6.539074 4.132052 50.868912 6.308519 62.414358 nan 3.871845 0.000077 719.143107 0.043166
202.500417 2009 940.185776 27.717354 3193.207400 329.675821 0.148397 0.009428 -48.800238 3.333327 0.846027 2.217857 45.399176 1.102388 78.470993 nan 3.871844 0.000078 719.143281 0.043615
209.500417 2009 560.323516 11.617937 1627.939156 30.173786 0.146902 0.008833 -49.082264 3.198853 1.495381 1.835671 47.103065 0.472490 78.551060 nan 3.871842 0.000079 719.144558 0.044279
216.500417 2009 558.133737 12.493964 1913.184333 59.855806 0.164815 0.015951 -54.083031 4.853879 0.793348 4.181438 52.095373 3.508996 71.409687 nan 3.871844 0.000080 719.143537 0.044833
223.500417 2009 538.031388 14.096967 2435.679643 43.884179 0.176932 0.019260 -55.897197 1.327045 -8.043872 3.985633 51.535654 6.644220 68.964927 nan 3.871837 0.000081 719.147979 0.045244
230.500417 2009 634.879773 16.672768 2495.992297 97.843398 0.124222 0.017106 -68.052581 2.673632 -4.193124 3.737247 52.389171 4.800863 57.786355 nan 3.871837 0.000082 719.147765 0.045669
237.500417 2009 524.075836 15.662443 2723.480071 38.420299 0.132222 0.011984 -55.335213 2.185329 -2.128237 2.919254 46.111713 3.653178 71.152177 nan 3.871832 0.000083 719.151006 0.046280
244.500417 2009 733.697958 19.114186 3085.293367 164.659438 0.137286 0.002461 -59.166909 1.200462 -0.563984 1.089106 48.714265 0.977750 82.431862 nan 3.871832 0.000084 719.150766 0.046769
250.633750 2009 499.382696 19.699416 2904.808571 39.031138 0.085965 0.004083 -44.081752 1.279770 0.163484 1.317568 41.346423 1.355365 52.583195 nan 3.871656 0.000097 719.249058 0.054202
258.353194 2009 505.681602 16.933515 2755.453593 27.472572 0.104701 0.014982 -46.945228 2.018050 -2.112062 2.705118 43.388685 3.392185 60.011211 nan 3.871932 0.000089 719.095633 0.049427
265.500417 2009 497.339541 16.402563 2777.985500 43.427428 0.086706 0.018863 -62.249273 2.042015 -3.759703 2.938917 44.985708 3.835820 54.626531 nan 3.871820 0.000086 719.158071 0.048064
272.500417 2009 558.717604 16.270044 2777.143250 39.035432 0.128953 0.011222 -63.938593 2.030212 -2.561341 2.689686 46.104547 3.349160 70.063564 nan 3.871822 0.000087 719.156878 0.048385
279.500417 2009 462.574804 16.864606 2702.360986 77.959319 0.070370 0.000445 -22.946783 0.156377 -0.124650 0.163155 23.151804 0.169934 43.512613 nan 3.871819 0.000087 719.158551 0.048563
286.500417 2009 451.489537 16.490255 2614.222631 78.525997 0.042315 0.015004 -22.489812 0.137991 -2.362845 1.227311 23.556100 2.316632 38.699232 nan 3.871823 0.000088 719.156316 0.048819
293.500417 2009 559.771272 17.045383 2511.150552 62.757733 0.052517 0.017463 -45.877575 2.701529 -0.443107 2.850109 44.421577 2.998688 47.497965 nan 3.871825 0.000088 719.155152 0.049116
300.500417 2009 589.228008 14.563772 2305.570352 69.024104 0.137449 0.003171 -51.816067 1.089808 0.246824 0.955221 50.132879 0.820633 83.132904 nan 3.871832 0.000088 719.151241 0.049229
307.500417 2009 576.728551 14.823545 2533.366250 31.747578 0.133436 0.001738 -44.900125 0.450744 -0.335494 0.506950 45.166177 0.563156 80.672615 nan 3.871833 0.000088 719.150823 0.049228
314.500417 2009 453.735351 14.389640 2465.419571 33.105072 0.111859 0.005764 -42.614579 1.544830 -0.798589 1.739132 42.739898 1.933435 67.691756 nan 3.871836 0.000089 719.149038 0.049342
321.500417 2009 424.455835 14.883593 2515.889536 28.740118 0.079060 0.003750 -40.117340 1.022611 0.626503 1.208473 42.433813 1.394336 48.375157 nan 3.871840 0.000089 719.147153 0.049511
328.500417 2009 492.723319 14.455020 2505.555857 33.151711 0.147222 0.010148 -47.521895 3.461721 0.909104 2.383603 50.414640 1.305485 79.477516 nan 3.871846 0.000089 719.143900 0.049522
335.500417 2009 459.559839 15.928247 2670.528821 33.783233 0.081090 0.004278 -39.930047 1.302580 -0.211817 1.290940 40.131872 1.279300 49.563553 nan 3.871848 0.000089 719.142456 0.049452
342.500417 2009 434.015803 16.139620 2656.531393 28.281838 0.045019 0.013418 -22.630060 2.414996 2.034081 1.258541 21.642090 0.102087 38.058852 nan 3.871822 0.000089 719.156814 0.049402
349.500417 2009 427.334473 15.588573 2575.080393 37.104273 0.034140 0.019147 -21.862364 0.122329 -4.158999 1.539855 21.596563 2.957381 33.361596 nan 3.871789 0.000089 719.175652 0.049328
356.500417 2009 411.827122 15.377249 2518.391679 31.375250 0.018546 0.016313 -21.740665 1.989449 -0.533689 2.118324 21.628026 2.247198 32.342395 nan 3.871796 0.000088 719.171555 0.049272
363.500417 2009 407.734283 15.207284 2384.225241 55.623658 -11.740502 11.773104 -21.692270 1.798556 0.131581 1.796697 21.424018 1.794839 35.155245 nan 3.871796 0.000088 719.171678 0.049146
5.500417 2010 386.834604 14.535802 2366.460429 31.710406 0.064712 0.000249 -20.829013 0.077655 -0.093834 0.096391 20.831879 0.115127 39.564862 nan 3.871798 0.000088 719.170172 0.049227
12.500417 2010 407.956581 13.510408 2252.663000 36.902749 0.145949 0.019054 -47.791724 2.176888 -4.834653 3.912434 46.027910 5.647979 60.085619 nan 3.871797 0.000088 719.170834 0.049252
19.500417 2010 496.071554 13.860076 2168.495893 47.999244 0.116453 0.012422 -46.783736 3.557281 1.159879 2.827403 45.892099 2.097525 60.971980 nan 3.871797 0.000088 719.170805 0.049155
26.500417 2010 371.458406 11.558830 1953.181393 30.360917 0.116453 0.011980 -50.241034 3.400437 0.891519 2.676702 45.741690 1.952967 61.319761 nan 3.871791 0.000088 719.174041 0.049038
33.500417 2010 448.658108 10.966874 1781.542463 51.075419 0.164976 0.016438 -48.645476 3.940086 -1.941235 4.293257 46.178319 4.646429 70.372913 nan 3.871789 0.000088 719.175327 0.049148
40.500417 2010 369.260242 10.601447 1814.084607 28.825858 0.152415 0.018592 -50.214835 3.743053 -2.933885 4.303634 46.929108 4.864215 63.316696 nan 3.871787 0.000088 719.176680 0.049219
47.500417 2010 576.268509 14.992903 1773.379750 69.021562 0.139667 0.009867 -58.272415 1.599379 -1.559784 2.373922 46.181124 3.148466 74.807712 nan 3.871783 0.000088 719.178713 0.049219
54.858750 2010 350.536913 10.924152 1813.721200 24.391354 0.137319 0.033688 -48.356231 2.409520 -2.036512 3.080466 42.466913 3.751412 60.354444 nan 3.871785 0.000093 719.177398 0.052085
61.489306 2010 316.629547 10.181909 1786.067536 28.358076 0.065305 0.019977 -58.127346 3.975630 2.083638 4.074558 49.988461 4.173487 43.480592 nan 3.871770 0.000089 719.186292 0.049393
68.500417 2010 454.602761 11.262683 1576.438031 55.266605 0.151000 0.013810 -62.370024 3.424366 -1.546860 3.495538 46.671511 3.566710 74.984779 nan 3.871772 0.000089 719.184805 0.049754
75.500417 2010 411.693170 10.435315 1744.184783 62.181739 0.152222 0.014460 -62.350727 3.817717 -1.178414 3.709733 47.183097 3.601749 74.292515 nan 3.871767 0.000090 719.187598 0.049927
82.100417 2010 387.427709 12.175655 1962.042680 20.169133 0.120773 0.012280 -48.316078 3.347627 0.334178 2.760405 43.737718 2.173183 65.733547 nan 3.871628 0.000096 719.265381 0.053282
89.497639 2010 523.913554 13.654285 1749.037876 52.410191 0.130967 0.004586 -55.538179 1.506251 -0.061269 1.522219 49.400639 1.538188 78.884123 nan 3.871764 0.000091 719.189666 0.050520
96.500417 2010 3798.272340 103.199614 14021.044391 440.792588 0.142078 0.003848 -66.772806 1.365807 -1.172393 1.162301 51.649505 0.958794 85.992483 nan 3.871777 0.000091 719.182646 0.050904
103.500417 2010 2150.385391 61.298190 8332.610966 513.386554 0.134568 0.003456 -53.569174 0.828603 -0.468506 0.896303 50.743640 0.964003 81.235937 nan 3.871776 0.000092 719.183081 0.051143
110.503194 2010 934.285397 28.834873 5052.281786 151.032898 0.127984 0.002418 -50.373521 0.745274 -0.244722 0.705642 48.345195 0.666009 77.833038 nan 3.871779 0.000092 719.181727 0.051385
117.500417 2010 824.590196 27.764437 4991.262000 108.369038 0.122119 0.005574 -48.135578 1.620784 -0.228437 1.702300 53.157414 1.783816 73.966265 nan 3.871785 0.000093 719.178135 0.051851
124.497639 2010 2129.399485 54.972185 7073.707679 471.023585 0.139300 0.012567 -55.170896 3.353091 -0.635333 3.240905 53.336483 3.128720 77.776747 nan 3.871790 0.000094 719.175651 0.052216
131.500417 2010 1373.929048 34.325458 5712.287893 83.142823 0.136778 0.002656 -47.022203 0.636237 0.121924 0.792981 53.089677 0.949725 82.450184 nan 3.871784 0.000094 719.178820 0.052467
138.500417 2010 1015.300361 29.820102 5366.004500 134.442951 0.147685 0.014456 -50.636483 1.207838 -3.205241 2.861437 53.316280 4.515035 71.335803 nan 3.871674 0.000093 719.239953 0.051798
145.800417 2010 1057.918050 41.429485 5694.818154 329.095202 0.138043 0.033121 -45.101068 3.485041 2.422333 2.690193 55.414899 1.895346 60.767842 nan 3.871740 0.000101 719.203873 0.056102
152.500417 2010 2306.778319 53.607739 7243.671357 283.931543 0.211250 0.029469 -46.238242 4.253200 -2.684329 5.496781 54.049466 6.740362 69.330657 nan 3.871801 0.000097 719.169979 0.053988
159.500417 2010 1261.564720 31.662686 5307.266643 99.967335 0.133230 0.002461 -43.547611 0.553529 -0.058615 0.591104 46.792180 0.628680 78.528353 nan 3.871803 0.000098 719.168651 0.054465
166.500417 2010 1106.667204 28.273892 5031.598143 105.811149 0.146581 0.010028 -49.469943 3.297873 1.551120 2.174295 51.864600 1.050717 77.687242 nan 3.871811 0.000099 719.164358 0.055021
173.497639 2010 961.405462 27.630514 4885.786310 174.171493 0.147222 0.008912 -46.196478 0.538102 -1.708101 1.833789 46.629598 3.129477 78.359760 nan 3.871810 0.000100 719.165227 0.055705
180.500417 2010 1297.793212 27.608782 4401.068448 140.522521 0.204545 0.022155 -69.568914 4.199622 -6.698516 5.879801 72.333217 7.559980 71.929350 nan 3.871817 0.000101 719.161788 0.056214
187.500417 2010 941.075534 25.023109 4320.380069 134.256856 0.141872 0.001950 -49.475876 0.577184 -0.178913 0.662032 55.913359 0.746881 83.556380 nan 3.871813 0.000102 719.163858 0.056686
194.500417 2010 836.872614 25.005408 4415.625464 100.025030 0.137393 0.010411 -48.332259 1.145585 -2.268294 2.246763 47.772552 3.347940 72.955153 nan 3.871813 0.000103 719.164132 0.057267
201.497639 2010 733.015744 24.606239 4348.428393 79.164305 0.113272 0.005534 -48.420598 1.627793 -0.825062 1.592887 45.390963 1.557980 67.499176 nan 3.871808 0.000104 719.166743 0.057880
208.500417 2010 1125.986756 27.088542 4148.236586 78.426491 0.159509 0.022963 -70.507991 6.857377 3.040800 6.390828 66.115454 5.924280 67.261665 nan 3.871809 0.000105 719.166343 0.058356
215.500417 2010 1894.079311 56.598742 7163.016786 601.521642 0.150320 0.020215 -59.372890 4.331906 -2.413048 4.827179 48.720406 5.322452 69.791519 nan 3.871803 0.000105 719.170267 0.058763
222.500417 2010 1099.478333 29.345561 4508.778536 188.701712 0.158333 0.013376 -52.340805 0.842194 -3.535668 2.816783 60.932538 4.791373 77.602563 nan 3.871802 0.000106 719.170563 0.059321
229.500417 2010 711.059783 20.677069 3799.330786 80.356787 0.135333 0.001954 -49.438167 0.711827 -0.101789 0.635518 47.068042 0.559208 81.376827 nan 3.871795 0.000108 719.174748 0.059910
236.500417 2010 1170.893711 28.633984 3625.701324 137.681856 0.138034 0.005283 -65.441740 1.821244 -1.369970 1.517466 45.970137 1.213688 81.805582 nan 3.871792 0.000108 719.176588 0.060371
243.792083 2010 956.482854 23.035303 3593.089393 118.776712 0.141000 0.004463 -71.304016 2.866245 -0.287858 1.775089 48.979849 0.683934 87.151966 nan 3.871699 0.000113 719.228409 0.063239
250.500417 2010 753.385260 20.457221 3692.893857 85.657582 0.115370 0.013709 -59.358420 0.964874 -4.512803 2.717074 49.194793 4.469275 76.764861 nan 3.871786 0.000110 719.180111 0.061318
257.500417 2010 775.019747 21.346769 3544.299183 155.880692 0.135906 0.002005 -51.507368 0.817571 -0.118751 0.656664 45.288926 0.495758 82.707938 nan 3.871782 0.000111 719.182670 0.061815
264.500417 2010 775.986732 22.769895 3864.543828 107.016374 0.127469 0.003356 -51.587381 1.052459 -0.459961 0.964632 46.401482 0.876804 77.562176 nan 3.871783 0.000112 719.182171 0.062165
271.500417 2010 743.150555 20.970288 3582.970586 103.841708 0.132937 0.014583 -67.692188 1.212977 -5.519155 3.218898 53.220676 5.224819 77.824938 nan 3.871781 0.000112 719.183468 0.062395
278.500417 2010 611.884262 20.804443 3607.419000 77.883658 0.109259 0.005456 -45.329850 1.610884 -0.105244 1.604602 45.506743 1.598319 66.353075 nan 3.871785 0.000113 719.181061 0.062748
285.489306 2010 1094.237207 28.869831 3487.612200 177.159441 0.113691 0.011693 -46.134438 1.225129 -0.986171 1.805646 45.886104 2.386163 73.470572 nan 3.871773 0.000113 719.188141 0.063101
292.500417 2010 652.226388 19.907190 2269.434234 193.373090 0.129424 0.003068 -51.706331 0.738944 -0.324846 0.806955 45.873657 0.874967 78.011797 nan 3.871796 0.000113 719.175401 0.063098
299.500417 2010 1157.422491 26.130771 2979.137721 107.700951 0.158555 0.009551 -49.561278 3.463995 3.075187 2.378958 59.720103 1.293920 87.948426 nan 3.871801 0.000113 719.172483 0.063151
306.500417 2010 649.003561 18.623256 3153.977500 59.684209 0.113889 0.002816 -41.545337 0.740624 -0.388729 0.780392 40.765081 0.820161 69.133668 nan 3.871802 0.000114 719.171989 0.063341
313.500417 2010 828.955929 25.065860 3239.260656 137.781520 0.107586 0.005374 -47.494695 1.409686 0.186567 1.659960 63.885316 1.910233 65.439942 nan 3.871807 0.000114 719.168993 0.063426
320.500417 2010 822.228889 18.944329 3126.798645 59.106774 0.163079 0.013805 -50.869128 4.979343 3.483522 3.048070 58.627185 1.116796 79.615205 nan 3.871812 0.000114 719.166268 0.063429
327.500417 2010 666.278547 19.060476 3234.371273 122.939402 0.139423 0.009361 -44.770500 3.046314 1.718511 1.960957 45.782936 0.875601 75.296132 nan 3.871819 0.000114 719.162634 0.063403
334.500417 2010 703.684639 22.448101 3920.724000 62.608557 0.110802 0.005169 -42.157456 1.427781 0.083896 1.489871 48.457060 1.551961 66.598910 nan 3.871824 0.000114 719.159779 0.063541
341.500417 2010 667.199247 22.272494 3872.633893 62.433910 0.112346 0.006636 -47.206529 1.825352 0.113423 1.856936 48.477293 1.888520 66.919255 nan 3.871830 0.000114 719.156193 0.063549
348.500417 2010 841.278487 21.940961 3637.010690 85.385561 0.169445 0.016496 -51.299275 5.150465 1.564388 4.222325 51.458327 3.294186 73.397368 nan 3.871834 0.000114 719.154268 0.063502
354.908750 2010 728.395637 23.459732 3373.488875 154.329878 0.138390 0.011712 -43.007888 3.781471 2.437301 2.485860 51.065807 1.190249 72.224710 nan 3.871874 0.000125 719.131748 0.069865
362.539444 2010 622.556256 19.692073 3228.686597 132.450945 -13.399486 13.519892 -41.901665 1.201229 -0.124503 1.247206 41.561730 1.293182 70.768036 nan 3.871745 0.000114 719.203963 0.063465
4.500556 2011 629.054094 19.628608 3292.429679 57.906697 0.118111 0.017600 -44.153767 3.550585 0.472161 3.654517 65.173724 3.758450 53.335415 nan 3.871837 0.000114 719.152312 0.063400
11.497778 2011 719.532193 16.934123 3015.840143 45.460051 0.223611 0.030155 -48.946179 4.440072 -6.655343 6.141180 48.357109 7.842288 64.668265 nan 3.871837 0.000114 719.152311 0.063308
18.500556 2011 638.097342 17.141435 2981.275724 79.372249 0.204722 0.024313 -50.578448 6.742943 -0.833775 6.728962 45.954894 6.714981 58.084373 nan 3.871833 0.000113 719.154374 0.063223
25.500556 2011 504.507601 17.254438 2980.177000 47.607452 0.107555 0.009828 -47.539560 1.766933 -2.149974 2.179394 41.208122 2.591856 57.305410 nan 3.871826 0.000114 719.158349 0.063270
32.500556 2011 716.942521 25.256470 3418.498250 246.062442 0.133333 0.016023 -66.323817 3.835893 -1.243740 3.769929 47.876971 3.703965 62.732493 nan 3.871823 0.000113 719.160362 0.063216
39.500556 2011 916.219301 21.514991 2567.565773 98.061960 0.178283 0.019607 -56.071069 4.088614 -4.013625 5.057764 47.600165 6.026914 68.071504 nan 3.871816 0.000113 719.164289 0.063228
46.500556 2011 629.473764 16.396000 2672.911821 96.742067 0.142444 0.009614 -46.152904 0.545425 -1.761231 1.933452 44.335027 3.321479 76.595138 nan 3.871815 0.000114 719.164807 0.063295
53.500556 2011 537.736625 13.608354 2353.346690 75.306591 0.147333 0.010006 -59.143098 0.971344 -2.880393 2.218949 49.368455 3.466553 80.143851 nan 3.871805 0.000114 719.170283 0.063520
60.500556 2011 1429.819775 43.229003 4699.666100 457.878242 0.150222 0.013626 -65.988952 3.721917 -1.963280 3.485556 46.187868 3.249194 74.339367 nan 3.871807 0.000114 719.169029 0.063656
67.500556 2011 1500.481538 44.837172 4589.309647 499.030012 0.139637 0.010055 -45.069557 0.998264 -1.504316 2.112088 47.892018 3.225913 75.015072 nan 3.871798 0.000115 719.174086 0.063830
74.500556 2011 1391.588624 37.137017 5064.305500 293.063615 0.137037 0.002551 -51.158802 0.737374 -0.554946 0.668195 46.776008 0.599017 83.282869 nan 3.871798 0.000115 719.174340 0.064079
81.500556 2011 629.560954 15.628458 2699.676103 78.327287 0.136523 0.003718 -58.548918 1.225010 -0.241384 1.062359 49.101383 0.899708 83.177214 nan 3.871794 0.000116 719.176714 0.064391
88.500556 2011 659.231467 23.722514 3362.387633 275.883683 0.104487 0.011810 -43.918627 1.443634 -1.833654 2.228587 42.118838 3.013539 55.508193 nan 3.871798 0.000116 719.174445 0.064585
95.500556 2011 1501.228838 35.576298 3651.433619 266.593440 0.128869 0.009142 -49.455235 2.991033 1.586822 2.013058 57.085145 1.035082 80.502598 nan 3.871800 0.000116 719.173205 0.064781
102.500556 2011 1453.997410 38.518972 4721.187355 382.722752 0.144136 0.003862 -52.505249 0.748696 0.022411 0.689312 50.083350 0.629928 85.503919 nan 3.871804 0.000117 719.171261 0.065075
109.500556 2011 813.930925 21.066901 3435.272321 82.769263 0.129012 0.002504 -42.880780 0.524345 0.064933 0.508254 43.960806 0.492164 78.121416 nan 3.871810 0.000117 719.168031 0.065420
116.500556 2011 785.116666 26.547076 3607.107643 230.804387 0.136934 0.004286 -48.395264 1.258065 0.081703 1.202411 48.720651 1.146757 82.470077 nan 3.871817 0.000118 719.164086 0.065693
123.500556 2011 1965.020279 46.141076 5508.658226 221.685280 0.144017 0.002806 -49.366736 0.779973 -0.102835 0.780321 57.675052 0.780670 86.199706 nan 3.871825 0.000118 719.159593 0.066025
130.150556 2011 1111.115590 30.378656 4676.795692 170.545166 0.179419 0.036224 -43.229696 0.431508 -3.755274 2.717014 44.326443 5.002520 72.593714 nan 3.871672 0.000126 719.245039 0.070018
137.500556 2011 1068.473395 27.957017 4796.190464 124.489416 0.139530 0.003835 -55.871049 0.968587 0.631165 1.232008 71.985353 1.495429 82.830976 nan 3.871834 0.000120 719.155286 0.067011
144.500556 2011 1001.582989 36.046204 5133.731172 416.036677 0.115491 0.004019 -42.256295 1.097046 0.372473 1.080069 43.917556 1.063091 68.518094 nan 3.871842 0.000121 719.150996 0.067477
151.500556 2011 2282.520227 56.067181 7526.591393 441.590609 0.174879 0.016778 -59.637790 5.324240 1.539858 4.528826 58.099808 3.733412 75.317107 nan 3.871849 0.000122 719.147266 0.067936
158.500556 2011 1336.961782 34.048333 4569.758000 327.852851 0.156000 0.012701 -48.506861 0.636023 -3.581835 2.558474 47.260650 4.480926 74.199937 nan 3.871854 0.000123 719.144479 0.068573
165.500556 2011 835.671482 20.300276 3454.804143 77.685726 0.150534 0.009438 -50.315374 0.590299 -2.044268 1.921001 47.097729 3.251704 79.906064 nan 3.871856 0.000124 719.143777 0.069130
172.500556 2011 1017.871305 25.704578 3608.474433 116.354522 0.168634 0.020339 -51.598028 5.749104 1.243280 5.423657 60.898192 5.098209 66.805545 nan 3.871859 0.000125 719.142090 0.069629
179.500556 2011 1062.051096 25.487093 4020.078667 135.833195 0.160667 0.013478 -49.504944 0.885812 -3.382950 2.863307 51.590922 4.840803 77.185183 nan 3.871861 0.000126 719.141353 0.070097
186.500556 2011 1181.155766 30.370265 4290.644774 215.270010 0.150000 0.013271 -47.634144 0.659504 -3.571488 2.531623 42.548185 4.403742 71.402275 nan 3.871856 0.000127 719.143920 0.070734
193.500556 2011 1051.331339 23.735891 4031.037067 85.921912 0.164667 0.013248 -52.853561 3.764576 -0.477928 3.612738 50.033197 3.460900 79.388800 nan 3.871855 0.000128 719.144594 0.071221
200.500556 2011 1199.139138 27.600728 3893.175500 78.504715 0.192424 0.027198 -68.318695 1.339823 -6.743456 3.842605 47.334200 6.345388 72.656093 nan 3.871847 0.000129 719.149706 0.071730
207.500556 2011 1017.703945 25.268720 4376.876929 103.163099 0.150333 0.008705 -48.747378 0.536513 -1.669037 1.860700 46.901040 3.184887 80.979517 nan 3.871842 0.000130 719.152386 0.072180
214.500556 2011 1089.466459 36.133051 5168.272143 464.887322 0.117064 0.013561 -49.455904 0.836708 -2.947414 2.304062 45.135482 3.771417 75.359806 nan 3.871842 0.000131 719.152580 0.072816
221.500556 2011 1246.396755 30.500336 4780.613393 202.912272 0.155000 0.009339 -67.263665 1.276352 -3.208124 2.357542 46.641817 3.438733 85.591014 nan 3.871834 0.000132 719.156972 0.073320
228.500556 2011 973.452671 23.342762 4015.022690 129.444598 0.141346 0.002126 -49.253284 0.610013 -0.116799 0.573824 49.963875 0.537635 84.681292 nan 3.871829 0.000133 719.160426 0.073856
235.500556 2011 745.106759 22.122887 3988.878643 130.300170 0.152444 0.013488 -58.432183 3.444070 -0.928402 3.464135 48.008718 3.484201 76.591227 nan 3.871822 0.000133 719.164267 0.074341
242.500556 2011 719.089330 23.875726 4131.768621 154.889253 0.110391 0.005027 -63.467777 1.967123 0.003343 1.712056 44.642027 1.456989 68.052841 nan 3.871817 0.000135 719.167157 0.074946
249.500556 2011 1194.700924 37.973357 4994.262931 406.855302 0.147436 0.009343 -59.481037 3.454992 1.239441 2.057068 48.881735 0.659143 81.363714 nan 3.871817 0.000135 719.167305 0.075397
256.500556 2011 2430.342386 63.769684 8431.012586 363.890550 0.128472 0.008412 -66.946034 3.131402 1.379335 1.951301 48.942230 0.771199 80.097069 nan 3.871814 0.000136 719.169491 0.075796
263.500556 2011 973.599887 30.995763 4517.484931 297.375030 0.133333 0.001984 -47.633748 0.545994 -0.132590 0.574340 46.450642 0.602685 81.522904 nan 3.871818 0.000137 719.167184 0.076111
270.500556 2011 1863.050665 53.938246 7297.866643 431.552533 0.141346 0.010797 -50.566713 3.510834 2.282484 2.366311 53.904072 1.221787 77.164664 nan 3.871819 0.000137 719.166543 0.076463
277.500556 2011 1518.587122 38.519120 5704.592786 305.573489 0.140021 0.003519 -49.865104 0.715941 -0.005371 0.795675 54.184470 0.875409 84.322702 nan 3.871830 0.000138 719.160740 0.076642
284.500556 2011 878.553750 26.300712 4583.886214 130.169710 0.126955 0.002721 -47.533458 0.781970 0.668541 0.910409 57.982118 1.038848 77.165389 nan 3.871834 0.000138 719.158729 0.076822
291.508889 2011 643.419627 22.504143 4081.146393 97.316194 0.129667 0.011341 -45.037543 1.655147 -1.885928 2.589458 46.242518 3.523769 70.357318 nan 3.871827 0.000138 719.162647 0.077127
298.500556 2011 1019.427164 33.377211 5511.953714 283.981394 0.102778 0.011661 -62.727994 2.632728 -1.384620 3.132210 42.807307 3.631693 65.884568 nan 3.871841 0.000138 719.154610 0.077109
305.500556 2011 1136.532406 32.644517 4438.678588 211.408111 0.124680 0.003310 -43.074478 0.776652 -0.143394 0.890711 45.772505 1.004769 74.929457 nan 3.871849 0.000138 719.150212 0.077165
312.500556 2011 813.103884 24.043455 4244.016107 122.591468 0.125412 0.002137 -40.701005 0.536701 0.018890 0.584800 42.907195 0.632898 75.680444 nan 3.871856 0.000139 719.146426 0.077245
319.500556 2011 626.942254 22.577211 4124.325214 103.598962 0.099177 0.004935 -43.710210 1.469017 -0.542688 1.461376 42.514944 1.453734 59.932677 nan 3.871863 0.000139 719.142462 0.077327
326.500556 2011 599.198742 21.357431 3914.668107 105.181073 0.113141 0.010045 -42.339315 1.758334 -0.697450 2.212649 43.263794 2.666963 61.410144 nan 3.871872 0.000139 719.137463 0.077436
333.500556 2011 753.513187 20.645952 3374.160058 146.673219 0.149667 0.013193 -44.721647 3.251096 -0.014899 3.202358 45.644936 3.153619 72.202688 nan 3.871878 0.000139 719.134318 0.077404
340.500556 2011 769.239074 21.969745 3795.379069 129.126241 0.129527 0.002810 -43.606934 0.869910 -0.029811 0.867964 43.500104 0.866018 76.697610 nan 3.871880 0.000139 719.132914 0.077396
347.500556 2011 621.262696 20.850176 3802.935143 82.512700 0.142735 0.009432 -49.321813 3.127899 1.306742 1.855102 50.383879 0.582304 76.450616 nan 3.871882 0.000139 719.132001 0.077395
354.500556 2011 582.097260 20.930997 3787.252857 78.612131 0.103292 0.005843 -50.092186 1.882966 -0.961398 1.856834 41.281305 1.830703 61.736321 nan 3.871879 0.000139 719.133358 0.077376
361.500556 2011 591.128708 21.614385 3826.388893 73.998120 0.090064 0.010410 -41.659746 2.159797 0.786717 1.731029 40.627793 1.302261 47.297628 nan 3.871878 0.000139 719.134122 0.077258
3.942222 2012 654.887092 21.312927 3523.837880 89.414597 0.151984 0.016613 -49.094804 5.525346 4.136762 3.315026 46.925439 1.104705 69.402068 nan 3.872041 0.000149 719.043448 0.083046
10.500556 2012 642.696673 19.531553 3405.401359 105.208914 0.204861 0.024962 -46.278455 4.190918 -8.940152 6.194899 45.037103 8.198880 57.031154 nan 3.871867 0.000138 719.140044 0.077149
17.500556 2012 606.538078 18.739829 3280.751500 60.880967 0.147685 0.013927 -43.782667 0.967354 -3.048358 2.749583 44.664289 4.531812 70.268963 nan 3.871857 0.000138 719.145918 0.077096
24.500556 2012 1425.831617 40.282158 5426.518931 367.819845 0.109100 0.013656 -51.536569 4.783216 3.869068 2.948325 49.351301 1.113433 70.059315 nan 3.871860 0.000138 719.143909 0.077047
31.500556 2012 798.887244 19.459440 2893.653867 94.881651 0.143222 0.010005 -46.584359 0.773045 -1.657052 2.058946 45.375935 3.344846 76.492349 nan 3.871853 0.000138 719.148019 0.077091
38.500556 2012 825.428701 18.746079 2493.360056 108.897243 0.140124 0.003132 -51.742849 0.683147 -0.456870 0.636825 46.582888 0.590503 83.145436 nan 3.871843 0.000139 719.153533 0.077242
45.500556 2012 1459.800692 41.598020 5034.652833 401.561016 0.138461 0.009884 -49.618486 1.150604 -1.708620 2.160454 45.669485 3.170304 74.860789 nan 3.871838 0.000139 719.156704 0.077388
52.497778 2012 1225.711840 31.125182 4043.862694 189.524608 0.141239 0.009017 -45.180351 2.983139 1.868457 1.797802 47.015032 0.612466 77.282187 nan 3.871842 0.000139 719.154317 0.077608
59.500556 2012 1433.194726 40.625839 4635.887697 409.491740 0.143590 0.009684 -55.503867 1.266019 -1.516592 2.322715 59.433371 3.379411 78.662606 nan 3.871848 0.000140 719.150724 0.077857
66.506111 2012 2228.125977 69.370443 7966.787562 867.879662 0.189015 0.082827 -65.053066 6.213206 4.941553 3.613399 43.974362 1.013591 67.384982 nan 3.871835 0.000140 719.158614 0.078095
73.878333 2012 2744.624579 79.499790 10875.394962 597.921146 0.139583 0.004724 -51.022448 0.898801 -0.385514 0.908124 52.439084 0.917448 84.016906 nan 3.872072 0.000149 719.026163 0.082962
80.500556 2012 2207.867516 57.895142 8277.431536 340.809726 0.146261 0.009452 -48.261514 3.207277 1.801254 2.001457 49.118375 0.795638 80.386141 nan 3.871848 0.000141 719.151412 0.078527
87.500556 2012 1558.829770 43.376956 6452.932821 270.166519 0.131070 0.004553 -54.544134 1.363938 -0.040448 1.290170 54.255817 1.216401 80.009326 nan 3.871856 0.000141 719.146944 0.078724
94.500556 2012 1528.782618 48.952516 6201.529357 571.901099 0.130247 0.003816 -47.618551 0.995598 0.237023 0.979849 50.935069 0.964100 78.968248 nan 3.871862 0.000142 719.143589 0.079043
101.500556 2012 1493.966096 41.055499 6153.049607 290.290440 0.136111 0.003476 -56.325981 0.999605 0.134549 1.179768 63.005387 1.359932 82.999174 nan 3.871850 0.000142 719.150552 0.079140
109.014444 2012 1015.108905 28.055303 3810.035129 174.671582 0.126449 0.006223 -46.709177 2.934807 1.051252 2.037471 53.366131 1.140136 76.202235 nan 3.872095 0.000153 719.014067 0.085231
116.217222 2012 2819.117182 85.703309 11080.895423 730.003508 0.133912 0.004883 -47.237918 0.860403 -0.846693 1.140253 51.599196 1.420103 79.209195 nan 3.871881 0.000150 719.133797 0.083673
122.831111 2012 1680.383949 49.724306 7416.173231 229.992909 0.167512 0.033893 -46.414860 3.742784 1.960768 2.345658 51.390046 0.948532 77.117461 nan 3.871783 0.000152 719.188446 0.084745
129.500556 2012 1558.869437 42.837624 6120.089300 222.139293 0.145949 0.014593 -45.703171 3.473848 0.323078 3.469870 52.599983 3.465892 69.471591 nan 3.871878 0.000145 719.135365 0.080767
136.500556 2012 1312.946575 31.871451 4785.583333 100.279536 0.125297 0.010081 -47.290882 0.512960 -1.330762 1.670228 47.569730 2.827497 77.196232 nan 3.871886 0.000146 719.131097 0.081282
143.889444 2012 1537.073491 46.312416 6300.674160 437.538445 0.148913 0.010695 -49.080584 0.893925 -1.612179 2.346071 48.120697 3.798216 77.475087 nan 3.871658 0.000156 719.258165 0.086918
150.492222 2012 960.319271 28.542783 5121.851828 183.896381 0.141133 0.009200 -44.040743 0.449038 -1.758224 1.751257 44.278728 3.053475 75.504450 nan 3.871911 0.000148 719.117366 0.082343
157.500556 2012 1874.395440 44.778742 6006.182161 223.030851 0.157444 0.012646 -47.929471 0.780382 -2.788358 2.678855 58.140115 4.577329 76.045554 nan 3.871900 0.000149 719.124020 0.082865
164.500556 2012 1717.445075 46.014975 6460.090379 380.880238 0.127381 0.008354 -50.967719 0.563768 -2.236329 1.835414 49.295669 3.107061 77.367960 nan 3.871895 0.000150 719.126974 0.083426
171.500556 2012 2030.926564 58.053745 7523.909586 562.313309 0.140226 0.002952 -48.559530 0.846071 -0.235609 1.040690 50.822439 1.235309 82.476700 nan 3.871893 0.000151 719.128121 0.083965
178.417222 2012 1101.652745 32.166751 5123.688778 236.498797 0.154051 0.013482 -45.992651 0.541211 -3.658778 2.594113 46.271171 4.647015 73.514385 nan 3.871671 0.000153 719.251891 0.085088
185.503333 2012 1986.481677 47.353948 6449.105621 258.827868 0.147569 0.023494 -51.443969 5.003288 -1.404372 5.237760 49.766815 5.472232 67.315871 nan 3.871842 0.000153 719.157308 0.085105
192.500556 2012 2400.661678 65.873829 9009.635679 458.950366 0.132000 0.002211 -45.054975 0.646238 -0.340299 0.767385 51.162326 0.888532 78.297771 nan 3.871778 0.000154 719.193242 0.085780
199.500556 2012 3217.295337 92.633840 13114.616893 511.140898 0.129060 0.014808 -55.320533 2.896073 -1.430874 3.061775 44.965238 3.227478 72.472592 nan 3.871775 0.000155 719.194987 0.086353
206.500556 2012 1948.512577 52.173995 8158.937321 237.873711 0.163889 0.013688 -69.186385 1.439437 -4.502228 3.253339 48.513720 5.067241 80.632106 nan 3.871762 0.000156 719.202704 0.086973
213.500556 2012 1368.282299 36.463507 5917.338536 175.708541 0.143910 0.009439 -47.372521 0.740298 -2.543335 2.008289 45.431271 3.276280 77.983347 nan 3.871763 0.000157 719.202030 0.087518
220.500556 2012 1072.213310 30.135014 5260.159143 159.769398 0.132922 0.002242 -47.518195 0.691646 -0.138420 0.611258 43.079597 0.530869 79.830195 nan 3.871755 0.000158 719.206809 0.088138
227.500556 2012 1042.870559 29.979130 5013.771276 200.970662 0.143590 0.009284 -47.176234 3.178072 1.335411 1.917784 48.200558 0.657495 77.765942 nan 3.871748 0.000159 719.211128 0.088784
234.500556 2012 1194.902365 29.118264 4673.904300 214.241107 0.139300 0.003403 -48.833854 0.840157 0.219417 0.773822 48.934018 0.707487 83.344605 nan 3.871742 0.000160 719.214672 0.089342
241.500556 2012 1008.195560 27.816864 4819.241379 168.793089 0.141667 0.002714 -57.969973 1.203706 -0.454517 1.020194 51.984308 0.836681 87.305823 nan 3.871741 0.000161 719.215570 0.089772
248.500556 2012 1665.048792 51.950090 7019.260179 513.020330 0.116255 0.003732 -43.937467 1.006796 -0.643113 1.019273 42.150513 1.031750 70.532336 nan 3.871739 0.000162 719.216374 0.090238
255.500556 2012 1050.518679 26.656660 4226.297414 145.313094 0.131379 0.002026 -46.423856 0.552548 0.169286 0.552260 45.479906 0.551971 80.409222 nan 3.871744 0.000163 719.214052 0.090628
262.500556 2012 941.565969 24.415420 3706.373062 104.022433 0.147111 0.009863 -50.711545 3.250702 2.520176 2.055081 50.385234 0.859460 81.204603 nan 3.871749 0.000163 719.211188 0.090909
269.231111 2012 741.808011 23.255826 4123.293808 100.195877 0.129000 0.002750 -51.676322 0.947095 0.014133 0.979703 50.268972 1.012311 79.462600 nan 3.871811 0.000170 719.177104 0.094793
276.500556 2012 1037.282033 34.778184 5292.856929 398.483592 0.121475 0.003539 -44.098197 1.150224 0.662945 1.022439 48.703644 0.894653 74.026549 nan 3.871764 0.000164 719.202914 0.091349
283.436667 2012 2651.834955 85.918403 10797.277464 916.608965 0.138333 0.011111 -53.540336 3.687370 1.396578 2.440292 49.052051 1.193215 74.560553 nan 3.871925 0.000166 719.113344 0.092262
290.500556 2012 2677.323293 76.574330 10595.640893 627.959274 0.141770 0.002854 -47.840457 0.716950 0.651732 0.908255 57.051787 1.099561 86.379037 nan 3.871777 0.000165 719.196191 0.091713
297.664444 2012 1287.345350 38.033741 5769.816926 191.867454 0.144333 0.019223 -43.759759 0.605684 -0.296459 0.676319 43.829016 0.746954 76.528842 nan 3.872017 0.000169 719.062771 0.094404
304.500556 2012 1270.974457 37.998857 5532.144893 242.830298 0.129889 0.013851 -44.083929 1.211382 -2.738184 2.615948 46.397160 4.020514 61.969778 nan 3.871797 0.000165 719.185058 0.091973
311.500556 2012 926.623591 25.329305 4426.239714 117.130533 0.135905 0.002503 -46.720042 0.625038 0.562550 0.927511 68.126178 1.229983 81.796369 nan 3.871800 0.000165 719.183517 0.092151
318.542222 2012 1450.068266 51.280978 6311.239037 613.079700 0.153744 0.022751 -44.577026 3.477173 1.532913 2.375685 47.114335 1.274196 70.838603 nan 3.872170 0.000173 718.977570 0.096476
325.908889 2012 1254.348485 33.032278 4362.640615 173.909896 0.143561 0.010073 -44.398814 3.430461 1.870060 2.078509 47.341374 0.726558 76.066223 nan 3.872061 0.000177 719.038108 0.098422
332.867222 2012 864.031616 28.993349 4608.758346 175.474834 0.162319 0.032681 -41.027613 2.843047 -0.676583 3.036847 45.888886 3.230647 66.696936 nan 3.871873 0.000175 719.142668 0.097706
339.500556 2012 660.850254 23.223332 4237.994750 104.543189 0.098045 0.004870 -39.510308 1.417638 0.027431 1.411868 38.635373 1.406098 58.967667 nan 3.871841 0.000166 719.160436 0.092307
346.950556 2012 588.152192 23.061533 3961.169542 109.820191 0.497619 0.293518 -43.118095 5.491523 8.906669 3.564279 41.747364 1.637036 45.381220 nan 3.871947 0.000177 719.101580 0.098616
353.575556 2012 740.535519 20.379762 3588.983370 112.815941 0.174116 0.021264 -48.626393 5.234001 -2.643634 5.780382 47.126881 6.326764 64.068097 nan 3.871631 0.000166 719.277324 0.092665
360.672778 2012 558.226160 21.454646 3821.205692 79.775244 0.079745 0.008985 -43.482763 0.934330 -0.665817 0.749438 23.285707 0.564545 43.509008 nan 3.871786 0.000168 719.191021 0.093862
1.797778 2013 516.194780 21.223798 3651.025800 82.160846 0.015926 0.018824 -22.862065 0.213760 -4.663774 1.659974 22.496302 3.106188 32.861207 nan 3.871678 0.000172 719.250971 0.095752
8.761667 2013 511.599951 21.223350 3447.999440 87.262973 0.099034 0.031864 -22.538247 1.825189 1.038359 0.989201 22.521649 0.153213 39.450008 nan 3.871835 0.000175 719.163669 0.097504
15.403333 2013 861.144046 21.434444 3000.884235 140.079791 0.107937 0.022601 -47.752759 1.787716 -3.839255 3.238967 47.639699 4.690218 68.184424 nan 3.871587 0.000167 719.301869 0.092962
22.256111 2013 680.754572 17.552440 2754.306484 75.317578 0.134111 0.002867 -47.896088 0.884063 -0.083406 0.741286 44.728054 0.598509 80.129798 nan 3.871801 0.000171 719.182810 0.095271
29.070000 2013 879.947365 23.653682 3067.096310 100.682019 0.133102 0.004363 -45.158837 2.249237 0.585801 1.413549 45.270360 0.577860 79.955699 nan 3.871755 0.000177 719.208701 0.098371
35.914444 2013 594.020560 17.429207 2604.916308 107.903727 0.178611 0.022422 -47.760148 3.939228 -4.448341 5.243939 52.252072 6.548650 64.038070 nan 3.871555 0.000181 719.319645 0.100901
44.528333 2013 657.101123 21.099902 2587.775727 119.554688 0.122807 0.005550 -42.443302 1.305072 0.415336 1.431260 44.169327 1.557448 73.704223 nan 3.871832 0.000197 719.165504 0.109543
50.500556 2013 584.599099 15.585190 2464.065672 67.278763 0.124588 0.003324 -43.600409 0.931966 0.539327 0.734045 42.942228 0.536124 75.100275 nan 3.871698 0.000166 719.240379 0.092488
57.508889 2013 983.053663 33.380739 3852.311857 366.481155 0.131070 0.003496 -51.016014 0.795805 0.104211 0.715502 47.234972 0.635199 79.191600 nan 3.871726 0.000166 719.224908 0.092688
64.500556 2013 984.609437 22.530700 2690.256953 84.954730 0.146688 0.009974 -47.544984 3.344962 2.381157 2.160402 54.862479 0.975843 81.111412 nan 3.871699 0.000167 719.240103 0.092819
71.500556 2013 571.895574 15.712192 2690.412571 45.515281 0.124074 0.003617 -45.314002 1.029325 0.510209 1.163652 61.763196 1.297979 76.298385 nan 3.871703 0.000167 719.238044 0.093010
78.500556 2013 2251.139975 64.390689 9320.553964 600.021110 0.149466 0.009224 -52.141222 1.146104 -0.550038 2.177733 53.474760 3.209363 83.487490 nan 3.871708 0.000167 719.234918 0.093109
85.500556 2013 1942.261487 53.845507 7279.032107 374.373831 0.130658 0.013367 -46.142112 1.009918 -2.662271 2.510910 49.001738 4.011903 73.968721 nan 3.871716 0.000167 719.230941 0.093304
92.500556 2013 1553.391619 42.874621 6148.096857 329.908982 0.138034 0.002777 -47.683690 0.602470 0.457792 0.803067 59.999368 1.003664 83.939604 nan 3.871723 0.000168 719.226735 0.093501
99.500556 2013 822.550996 26.083380 4597.262679 104.747429 0.113034 0.002894 -40.353046 0.756330 0.060325 0.797643 41.977349 0.838956 68.627499 nan 3.871733 0.000168 719.221778 0.093885
106.500556 2013 708.705033 24.595997 4269.401857 116.006747 0.079630 0.009324 -33.989549 0.720610 -0.653690 1.384118 35.687154 2.047625 52.210341 nan 3.871743 0.000169 719.216305 0.094114
112.808889 2013 1095.867669 40.424962 5005.256913 354.929339 0.061343 0.019498 -43.237125 2.628486 -0.603475 2.992670 45.624482 3.356853 50.293031 nan 3.871966 0.000190 719.092226 0.105910
218.501111 2013 1269.285781 32.470049 4239.883917 160.897759 0.136214 0.002873 -50.496686 0.866410 0.194226 0.809145 46.913956 0.751880 82.041136 nan 3.871721 0.000184 719.232383 0.102552
225.501111 2013 1181.669654 31.830978 4473.799241 183.403948 0.129630 0.003689 -50.887320 1.167979 0.433979 0.954640 47.326704 0.741302 77.975621 nan 3.871717 0.000185 719.234757 0.103190
232.501111 2013 1326.096326 30.641928 4306.585429 148.382969 0.142181 0.003031 -50.717560 1.023663 0.829059 0.963697 54.105058 0.903731 86.258143 nan 3.871715 0.000186 719.235840 0.103713
239.501111 2013 1340.504946 34.954987 4817.928533 277.385409 0.128909 0.003208 -45.831577 0.901603 0.253639 0.899308 46.941739 0.897014 78.264421 nan 3.871716 0.000187 719.235598 0.104170
246.501111 2013 1017.803126 26.223371 4324.091679 146.839161 0.133848 0.001822 -45.472970 0.417266 0.579370 0.494422 48.751394 0.571579 81.846687 nan 3.871720 0.000188 719.233780 0.104545
253.501111 2013 695.885177 22.161186 4121.538607 131.353262 0.131790 0.003303 -44.869005 0.929960 0.539327 0.887835 48.078057 0.845709 79.949411 nan 3.871725 0.000188 719.231210 0.104847
260.501111 2013 784.842988 22.646911 4134.008179 105.349878 0.149145 0.010139 -48.760206 3.532919 3.399352 2.399988 64.278218 1.267056 82.975545 nan 3.871731 0.000189 719.227777 0.105128
267.451111 2013 814.506971 23.983886 4156.332538 111.701985 0.139583 0.002853 -46.472098 0.516037 0.733290 0.900667 56.910337 1.285298 85.765340 nan 3.871675 0.000197 719.259279 0.109812
274.501111 2013 1291.063302 37.237701 5121.082700 301.162322 0.134662 0.018842 -64.310683 5.553360 5.887937 4.515430 68.749761 3.477500 65.118312 nan 3.871749 0.000190 719.217832 0.105634
281.501111 2013 1021.564413 27.262472 3609.211036 263.087196 0.141444 0.010983 -52.126294 3.607481 2.433490 2.800176 67.604158 1.992870 77.663639 nan 3.871758 0.000190 719.213160 0.105892
288.501111 2013 1242.804698 33.452290 4047.291321 329.267104 0.136625 0.002405 -45.013642 0.612138 1.048282 0.735902 56.424883 0.859666 82.564958 nan 3.871769 0.000190 719.207416 0.106051
295.501111 2013 632.607065 17.137925 3063.104714 59.552239 0.129218 0.001775 -41.778548 0.443439 0.271607 0.535742 45.315243 0.628046 78.074377 nan 3.871778 0.000190 719.202045 0.106114
302.501111 2013 667.090726 18.719434 2743.066977 123.121413 0.123718 0.009207 -43.688053 1.012708 -1.266005 1.835552 43.332392 2.658395 66.685574 nan 3.871786 0.000191 719.197674 0.106328
309.501111 2013 748.593484 27.884520 3140.084390 366.087934 0.146000 0.013083 -45.395016 4.196684 2.863700 2.731392 44.797056 1.266101 70.881840 nan 3.871792 0.000191 719.194276 0.106428
316.501111 2013 1208.321080 32.954313 4257.207483 278.918738 0.132408 0.021742 -47.862273 5.199752 -0.533021 5.099973 49.727147 5.000194 61.743479 nan 3.871796 0.000191 719.192226 0.106577
323.781667 2013 536.678494 17.139223 2974.372044 99.331146 0.142014 0.009471 -43.935990 3.171263 1.712337 1.896986 44.251427 0.622710 75.766813 nan 3.871679 0.000199 719.257358 0.110962
330.501111 2013 545.830943 17.231708 3224.201536 74.911211 0.134979 0.002077 -46.128166 0.481212 -0.624725 0.768021 43.839480 1.054831 79.683548 nan 3.871799 0.000191 719.190694 0.106536
337.501111 2013 570.297279 16.334527 2933.268448 95.255146 0.151778 0.013000 -43.824705 4.439513 2.934759 2.706873 43.778839 0.974234 72.882433 nan 3.871796 0.000191 719.192251 0.106434
344.501111 2013 771.311635 19.888415 2609.085222 89.887324 0.141889 0.009581 -53.603131 0.938078 -1.835945 2.101663 46.267196 3.265249 75.540529 nan 3.871791 0.000191 719.195196 0.106365
351.801111 2013 596.220325 19.500916 2593.096671 138.509060 0.135266 0.011629 -41.935500 2.869317 -0.408475 3.169581 41.783777 3.469844 70.806635 nan 3.871944 0.000199 719.109533 0.110910
358.501111 2013 443.227201 14.304021 2609.130714 72.895047 0.126444 0.011887 -45.826596 1.787955 -1.926567 2.678063 42.243033 3.568171 66.561763 nan 3.871777 0.000190 719.202758 0.106148
0.501111 2014 627.552806 18.360702 2275.840973 74.923518 0.101175 0.008965 -65.627824 2.759206 0.172369 2.480761 42.871405 2.202317 58.283775 nan 3.871768 0.000190 719.207886 0.106134
7.501111 2014 560.577160 14.519612 2599.470069 45.554455 0.142521 0.009394 -46.861148 0.571633 -1.574702 1.878963 45.710721 3.186292 76.617728 nan 3.871758 0.000191 719.213169 0.106238
14.509444 2014 524.518964 15.772804 2679.249208 44.273273 0.154040 0.011127 -49.907867 0.706186 -2.546586 2.344727 47.234521 3.983268 82.201254 nan 3.871737 0.000206 719.225253 0.114782
21.501111 2014 497.154500 15.631625 2651.205803 83.627877 0.120576 0.006445 -48.927531 1.789200 0.107600 1.835977 45.756827 1.882755 72.194615 nan 3.871743 0.000191 719.221742 0.106484
28.501111 2014 465.431727 15.151194 2682.507464 41.151627 0.125000 0.004453 -45.372301 1.347393 0.064816 1.334237 44.190463 1.321081 75.316417 nan 3.871736 0.000191 719.225603 0.106538
35.151111 2014 554.844893 17.575717 2562.533707 107.240598 0.152778 0.030844 -44.398255 1.259149 -1.309764 2.296572 52.045081 3.333996 71.138243 nan 3.871644 0.000203 719.277378 0.112858
42.501111 2014 1108.728213 24.578793 3114.258070 100.268784 0.173148 0.022069 -60.274499 1.207588 -0.953234 2.629742 60.766127 4.051895 84.575720 nan 3.871731 0.000192 719.228627 0.106932
49.501111 2014 1329.306153 41.384920 5209.286379 460.671711 0.125926 0.003739 -54.416663 0.971924 -0.701894 1.096558 49.422110 1.221192 76.538556 nan 3.871732 0.000192 719.228198 0.107054
56.501111 2014 1295.732209 38.398645 5462.302786 273.482791 0.126543 0.003787 -45.455278 0.940111 0.112253 1.046337 47.993970 1.152562 76.768463 nan 3.871734 0.000192 719.226985 0.107103
63.501111 2014 678.293825 16.720632 2895.270500 111.332336 0.142078 0.002931 -51.489292 0.699092 0.542170 0.890369 60.410118 1.081646 87.209378 nan 3.871739 0.000192 719.224207 0.107202
70.373333 2014 465.029889 14.161777 2474.132074 83.321510 0.112153 0.005657 -42.916370 1.609642 -0.157100 1.675474 45.060510 1.741305 68.426370 nan 3.871969 0.000198 719.096633 0.110329
77.501111 2014 450.596172 14.531858 2647.995862 84.714230 0.108013 0.005801 -45.045124 1.743165 -0.248072 1.767021 45.345198 1.790877 65.701315 nan 3.871757 0.000193 719.214740 0.107600
84.501111 2014 511.430878 15.087882 2723.159893 74.811358 0.130769 0.002790 -46.483217 0.984085 1.093265 0.892030 53.010880 0.799974 79.494297 nan 3.871766 0.000193 719.209885 0.107810
91.315000 2014 511.859274 16.864185 2843.925185 95.908051 0.148611 0.018196 -44.725681 0.619785 -0.610973 1.060035 58.482716 1.500284 78.277815 nan 3.871947 0.000199 719.108903 0.110934
98.501111 2014 664.070895 25.463254 3222.084821 365.530900 0.123504 0.003565 -43.815960 1.003111 -0.182070 1.102727 50.138135 1.202344 74.450043 nan 3.871788 0.000194 719.197786 0.108298
105.501111 2014 964.998734 27.957872 3296.827387 314.896296 0.129424 0.002437 -42.631442 0.537366 0.456379 0.655261 46.075672 0.773156 77.309894 nan 3.871798 0.000195 719.192373 0.108783
112.501111 2014 884.958210 21.385904 2199.717079 158.713551 0.138889 0.002924 -47.703412 0.679191 0.675831 0.977395 66.970585 1.275599 83.156478 nan 3.871807 0.000196 719.187555 0.109217
119.501111 2014 943.112219 27.664521 3069.263600 255.698250 0.134465 0.003525 -45.547209 1.007863 0.116872 1.044187 48.449178 1.080510 79.797434 nan 3.871814 0.000197 719.183823 0.109535
126.703889 2014 999.218684 29.397036 2945.300735 267.102676 0.129222 0.002829 -45.669885 0.752329 -0.022911 0.838247 48.039089 0.924166 76.913873 nan 3.871925 0.000203 719.122084 0.113276
133.501111 2014 649.791363 15.549345 1848.223341 56.550593 0.129218 0.001775 -47.877271 0.565665 -0.207067 0.660178 44.946010 0.754692 76.959801 nan 3.871822 0.000199 719.180006 0.110710
140.501111 2014 503.984374 15.682557 2003.847750 64.890714 0.108745 0.004455 -45.754533 1.153703 0.254390 1.262350 48.939039 1.370996 64.977849 nan 3.871821 0.000200 719.180890 0.111330
154.501111 2014 413.990687 12.409865 2195.614766 79.000151 0.116132 0.012223 -50.879488 2.070259 -0.836585 2.750318 48.162202 3.430377 61.091713 nan 3.871815 0.000201 719.184709 0.112053
161.501111 2014 616.814362 19.564106 2275.325034 259.690741 0.140492 0.002223 -50.952917 0.765220 -0.316397 0.747883 47.137991 0.730546 83.030693 nan 3.871808 0.000202 719.188562 0.112471
168.501111 2014 488.695658 12.792763 1391.202743 55.601992 0.119658 0.005596 -44.934399 1.679054 0.243331 1.730985 50.252488 1.782916 70.994693 nan 3.871799 0.000203 719.193858 0.113145
175.501111 2014 345.167684 8.947696 1514.623821 46.841640 0.118056 0.004426 -42.506331 1.365276 0.009773 1.285567 41.456402 1.205859 70.655029 nan 3.871790 0.000204 719.199406 0.113880
182.509444 2014 335.857779 9.328594 1586.288536 41.658013 0.122009 0.003946 -44.302735 1.180771 0.252223 1.188176 43.921685 1.195582 73.270150 nan 3.871788 0.000206 719.200877 0.114966
189.501111 2014 307.208486 8.965917 1514.267725 45.096157 0.101646 0.006814 -62.007288 2.329402 0.081998 2.106381 42.189405 1.883360 61.229712 nan 3.871772 0.000207 719.210337 0.115132
196.501111 2014 390.955926 10.396983 1763.625143 39.713762 0.120988 0.006270 -47.266412 1.768742 0.413636 1.804933 52.194209 1.841124 72.457786 nan 3.871763 0.000208 719.215722 0.115820
203.501111 2014 322.731052 10.929902 1795.146362 60.201582 0.075103 0.004898 -42.323205 1.470602 0.119433 1.456448 40.019812 1.442294 46.178394 nan 3.871757 0.000209 719.219536 0.116534
210.501111 2014 385.425024 11.656459 1827.035724 46.085760 0.091865 0.011771 -46.220910 1.997005 0.763961 2.317495 45.716050 2.637985 59.526162 nan 3.871752 0.000211 719.222408 0.117340
217.501111 2014 595.612313 12.535040 1441.196171 71.988913 0.136523 0.003001 -46.624423 0.764412 0.804273 0.743651 48.198003 0.722890 81.980694 nan 3.871750 0.000211 719.224139 0.117808
224.501111 2014 495.056126 11.843776 1891.960143 55.413552 0.122222 0.009979 -55.717435 1.007611 -3.007303 2.387304 50.071434 3.766997 78.271083 nan 3.871749 0.000212 719.224659 0.118369
231.501111 2014 525.240156 12.982905 1645.895749 90.461305 0.122325 0.004831 -47.829792 1.591080 0.626948 1.474129 48.678795 1.357179 74.583058 nan 3.871752 0.000213 719.223517 0.118803
238.567778 2014 1084.776728 34.519042 3711.301259 353.104852 0.122970 0.003954 -42.780138 1.277059 1.066960 1.156107 45.147496 1.035155 74.744438 nan 3.871819 0.000217 719.186396 0.121061
245.501111 2014 1121.698026 26.519531 2584.660222 129.730077 0.133333 0.003039 -45.162805 0.706794 0.728568 0.770701 55.697711 0.834608 80.969386 nan 3.871765 0.000215 719.216793 0.119606
252.501111 2014 824.182601 22.580209 3062.294097 238.452170 0.131303 0.003164 -55.280704 0.937764 -1.011669 1.206934 55.452298 1.476103 80.060639 nan 3.871773 0.000215 719.212458 0.120017
259.501111 2014 802.737576 25.178803 3146.974404 266.155344 0.126620 0.010512 -43.228518 3.126436 1.932424 2.027379 45.013500 0.928322 69.038798 nan 3.871783 0.000216 719.206637 0.120234
266.501111 2014 1191.510431 32.250253 3653.403897 278.199193 0.132407 0.003013 -46.158957 0.760304 0.988835 1.083099 67.198528 1.405895 80.809903 nan 3.871795 0.000216 719.200401 0.120564
273.501111 2014 1269.238265 29.207429 3225.968698 77.598687 0.126337 0.002509 -43.147887 0.607592 -0.023615 0.612010 42.955024 0.616428 76.140339 nan 3.871806 0.000217 719.194368 0.120808
280.501111 2014 925.078906 23.831911 3416.807576 147.664162 0.142333 0.013031 -44.926847 3.082787 -0.066796 3.085143 43.237884 3.087500 69.296651 nan 3.871817 0.000217 719.188551 0.121057
287.501111 2014 1198.628738 32.540082 4477.264800 241.910522 0.137927 0.008863 -44.681450 2.945963 1.309537 1.788856 45.339667 0.631749 74.454260 nan 3.871826 0.000218 719.183663 0.121303
294.520556 2014 1658.593715 42.238608 4323.980500 294.749768 0.140972 0.010430 -49.053957 3.415756 0.975569 2.249510 48.653966 1.083264 75.148499 nan 3.871604 0.000226 719.307579 0.125830
301.501111 2014 1248.657871 30.483196 4077.571059 143.408937 0.127161 0.001918 -51.418346 0.724705 -0.846227 0.715347 42.669752 0.705988 75.852114 nan 3.871839 0.000218 719.176586 0.121674
308.501111 2014 1430.627468 41.914328 6074.307107 326.079925 0.154977 0.015969 -43.087933 5.201145 5.196118 2.909556 43.566483 0.617967 66.198166 nan 3.871841 0.000219 719.175565 0.121786
315.501111 2014 1226.031428 35.567264 4764.506793 380.034912 0.147222 0.012663 -47.212547 3.114663 0.011078 2.973781 42.939152 2.832898 71.257264 nan 3.871840 0.000219 719.175959 0.121755
322.501111 2014 1432.840088 33.800110 3782.651744 156.314050 0.141346 0.009464 -54.206880 0.885727 -1.816221 2.051828 45.168917 3.217928 75.074717 nan 3.871837 0.000219 719.177433 0.121784
329.501111 2014 833.768032 21.846083 3283.609743 141.492855 0.144329 0.013309 -42.226471 3.270112 0.310058 3.084681 41.489084 2.899251 68.717874 nan 3.871832 0.000218 719.180452 0.121735
336.501111 2014 1002.752981 25.809251 3926.279967 99.830471 0.160145 0.017195 -50.999122 3.467384 -2.419191 4.118229 44.361723 4.769074 66.977409 nan 3.871823 0.000218 719.185286 0.121657
343.484444 2014 2032.468633 61.712696 6024.276286 160.206957 0.160453 0.027357 -46.069342 6.267579 1.213296 6.051140 56.015521 5.834701 56.043582 nan 3.871832 0.000217 719.180674 0.121183
350.501111 2014 1215.965016 30.070086 4307.080517 87.358774 0.132265 0.001881 -44.967735 0.448019 0.450275 0.511173 48.668321 0.574326 77.572280 nan 3.871700 0.000217 719.253407 0.120681
357.501111 2014 1291.596521 36.189918 5011.241500 311.352330 0.124897 0.003899 -45.411047 0.904014 0.433933 0.919033 42.855360 0.934053 73.527181 nan 3.871688 0.000217 719.259816 0.120686
364.501111 2014 1761.005213 44.759121 6078.495250 283.970837 -14.445444 14.600543 -64.316465 1.301486 -4.112719 2.907119 45.255965 4.512752 73.909183 nan 3.871678 0.000217 719.265401 0.120792
6.501111 2015 1843.289140 53.523004 7796.793857 388.583378 0.114559 0.014828 -49.180084 2.707452 -3.300178 3.822648 46.089866 4.937844 66.219444 nan 3.871671 0.000217 719.269474 0.121053
13.501111 2015 931.971788 24.592121 4080.297643 107.561910 0.134568 0.002374 -48.159042 0.542849 -0.028046 0.548376 48.145494 0.553904 80.403988 nan 3.871665 0.000218 719.273329 0.121222
20.501111 2015 839.006109 24.178522 3931.000828 156.717900 0.129115 0.003415 -49.402736 0.934257 0.163739 0.852641 45.394637 0.771025 77.180563 nan 3.871660 0.000218 719.276279 0.121407
27.501111 2015 1047.043111 26.692940 4188.240071 99.383147 0.127469 0.003572 -45.371674 0.660979 0.396435 0.638067 45.199287 0.615154 75.915333 nan 3.871656 0.000218 719.278287 0.121511
34.501111 2015 1627.890586 39.414263 5386.816862 199.866774 0.143162 0.010863 -47.069761 3.111035 2.232568 2.017154 53.171465 0.923274 77.069301 nan 3.871657 0.000218 719.277984 0.121637
41.501111 2015 882.488980 25.256065 4143.455321 80.141853 0.124794 0.003512 -45.910247 0.773975 0.126774 0.811557 47.748968 0.849138 75.416552 nan 3.871659 0.000218 719.276558 0.121766
48.501111 2015 1058.878185 31.317364 4486.133750 252.573709 0.118724 0.003891 -43.232400 1.002641 0.053643 1.018004 43.943288 1.033367 71.725526 nan 3.871665 0.000219 719.273699 0.121893
55.501111 2015 1158.919626 32.709151 4683.889536 275.710057 0.127885 0.004346 -45.296734 0.991406 -0.177303 1.062394 45.910487 1.133382 76.870456 nan 3.871671 0.000219 719.270133 0.121942
62.501111 2015 1834.135263 50.383485 6963.709036 403.447967 0.131517 0.004234 -45.000203 0.796715 0.478276 0.983406 59.336724 1.170096 79.012882 nan 3.871681 0.000219 719.265009 0.122075
69.501111 2015 1168.765440 28.812864 4239.054552 111.039500 0.135149 0.003812 -45.215962 0.832098 0.334114 0.846514 48.716346 0.860930 81.081075 nan 3.871692 0.000219 719.258525 0.122195
76.501111 2015 2635.872772 88.676770 11227.659929 1101.790583 0.128739 0.004766 -44.239637 1.204972 1.978611 1.216488 53.590155 1.228004 76.174795 nan 3.871704 0.000220 719.252364 0.122434
83.501111 2015 3003.785635 81.396666 11036.105536 582.228210 0.132922 0.016323 -67.347963 5.873288 2.699876 5.043392 67.347963 4.213497 68.685251 nan 3.871714 0.000220 719.246517 0.122720
90.501111 2015 1466.145432 38.606778 5523.070571 112.436376 0.115873 0.008470 -45.611490 3.041115 1.967619 1.928048 47.542345 0.814980 71.411047 nan 3.871725 0.000221 719.240871 0.123083
97.501111 2015 1239.467137 35.519147 5167.016148 279.999309 0.138782 0.010492 -52.965973 1.089941 -2.325788 2.295436 46.955352 3.500930 73.771017 nan 3.871736 0.000222 719.234765 0.123511
104.501111 2015 2372.686112 72.637043 9816.549036 751.582286 0.129527 0.003336 -46.547140 0.885009 0.077581 0.837113 47.286741 0.789217 76.581474 nan 3.871744 0.000223 719.230468 0.123996
111.501111 2015 2271.165379 59.026343 8264.586871 363.420780 0.156667 0.012759 -46.604782 3.330452 0.429402 3.349726 51.173270 3.369000 75.699933 nan 3.871750 0.000223 719.227724 0.124525
118.501111 2015 1127.913756 32.538362 5147.496793 169.014493 0.125000 0.002512 -46.659141 0.677165 -0.191771 0.665901 44.781290 0.654638 74.523621 nan 3.871754 0.000225 719.225906 0.125185
125.501111 2015 1149.227726 33.906212 5212.275143 199.073366 0.123313 0.008837 -43.411112 2.549067 1.349820 1.636151 44.019369 0.723235 75.489493 nan 3.871755 0.000225 719.225186 0.125319
132.501111 2015 1993.560636 56.189527 7856.483571 505.088403 0.136538 0.009628 -45.091454 3.085916 1.305520 2.045486 45.499129 1.005055 72.485030 nan 3.871753 0.000226 719.226487 0.125798
139.501111 2015 1361.019256 36.293435 5436.834500 209.245629 0.152667 0.013159 -47.562391 3.248426 -0.431821 3.310475 44.889647 3.372524 73.378698 nan 3.871749 0.000227 719.229491 0.126278
146.501111 2015 696.101142 23.850493 4332.767643 118.080054 0.123825 0.009146 -38.952060 2.516620 1.330843 1.602596 40.063482 0.688573 66.601938 nan 3.871742 0.000228 719.233521 0.126886
153.501111 2015 636.707332 22.473127 4117.286071 119.935968 0.113675 0.004322 -42.663961 1.307182 -0.613330 1.340200 41.766938 1.373219 67.863268 nan 3.871736 0.000229 719.237579 0.127663
160.501111 2015 1580.356176 41.002757 5499.548448 329.810075 0.140556 0.011557 -67.437408 2.027896 -2.104206 2.809127 47.858079 3.590359 74.067585 nan 3.871724 0.000230 719.243937 0.127897
167.501111 2015 1418.871189 35.178724 4417.066667 230.117276 0.139712 0.002697 -46.624723 0.715676 0.545037 0.698475 51.771050 0.681274 81.897351 nan 3.871714 0.000231 719.250187 0.128551
174.501111 2015 2616.676262 80.544798 11052.224862 922.755477 0.149252 0.010249 -63.548148 1.478959 -2.383818 2.429361 47.483793 3.379762 79.904936 nan 3.871703 0.000232 719.256356 0.129144
181.501111 2015 1927.727002 50.872803 7882.347286 246.638982 0.138066 0.002143 -45.933470 0.435604 -0.297586 0.510060 45.872168 0.584516 81.893451 nan 3.871695 0.000233 719.261621 0.129878
188.501111 2015 1528.833646 43.720645 6503.864857 382.428043 0.134362 0.003006 -47.524806 0.852999 0.125311 0.771740 44.336813 0.690481 79.810100 nan 3.871686 0.000235 719.266962 0.130764
195.501111 2015 1971.954801 52.739524 7023.969655 502.881835 0.140598 0.003154 -50.610161 0.997814 0.969023 0.863208 51.198645 0.728602 83.828983 nan 3.871680 0.000236 719.270973 0.131533
202.501111 2015 1447.815713 44.254096 6073.249103 474.317212 0.129630 0.002879 -46.090048 0.780591 0.616779 0.739412 47.172900 0.698232 77.595343 nan 3.871676 0.000237 719.273366 0.132320
209.501111 2015 1253.594152 30.125025 4641.805967 163.258894 0.134362 0.003599 -45.396744 0.822168 0.375520 0.785770 45.604529 0.749372 79.913654 nan 3.871675 0.000238 719.274384 0.132668
216.501111 2015 1294.905311 34.748984 5121.701857 279.999715 0.157444 0.013700 -50.682961 3.426311 -0.296795 3.461594 45.719795 3.496877 76.468330 nan 3.871676 0.000239 719.274248 0.133247
223.501111 2015 1396.941777 36.052097 5476.002679 261.588969 0.130449 0.003884 -45.376732 0.817931 0.603715 0.967611 49.153382 1.117291 78.223681 nan 3.871679 0.000240 719.272555 0.133751
230.501111 2015 3079.105511 82.773153 11327.595000 406.064350 0.135185 0.004307 -47.619811 0.979812 0.151353 0.989224 48.617250 0.998636 80.328905 nan 3.871686 0.000241 719.268968 0.134211
237.540000 2015 2411.832641 75.053730 9835.312429 689.277913 0.121261 0.005600 -45.291315 1.676318 2.239177 1.747304 64.914364 1.818290 73.389596 nan 3.871599 0.000243 719.317846 0.135496
244.501111 2015 2042.116638 55.723150 7640.959821 503.041896 0.134081 0.002631 -45.427669 0.726361 0.621279 0.625665 46.613863 0.524969 80.976886 nan 3.871706 0.000242 719.258558 0.134877
251.501111 2015 2999.857378 89.311653 11492.788759 883.825985 0.127881 0.013865 -47.709442 4.387629 5.064323 3.126619 65.335121 1.865609 71.543995 nan 3.871717 0.000243 719.252632 0.135204
258.501111 2015 2428.908100 61.172564 8662.158214 320.971533 0.153889 0.013081 -46.954237 0.746856 -2.489881 2.682824 67.181821 4.618791 76.030982 nan 3.871730 0.000244 719.245779 0.135767
265.501111 2015 2098.097938 58.536907 8226.466643 545.300247 0.141667 0.016846 -46.611918 4.344176 1.976904 3.845040 52.637118 3.345905 72.202294 nan 3.871742 0.000244 719.239034 0.135893
272.392778 2015 1086.828453 29.643763 4564.204207 208.893570 0.136333 0.010096 -43.330941 3.222442 1.476277 2.168031 46.962520 1.113619 73.598168 nan 3.871995 0.000248 719.098553 0.138391
279.501111 2015 3030.673582 88.322877 11357.061750 854.094897 0.135150 0.016470 -47.699478 4.023942 2.245650 3.777542 64.676497 3.531142 67.704902 nan 3.871762 0.000245 719.228043 0.136439
286.501111 2015 3263.977624 84.668744 11635.445483 307.533325 0.127282 0.008825 -56.102422 2.814479 1.227341 1.783158 45.692054 0.751836 77.988858 nan 3.871771 0.000245 719.223350 0.136615
293.501111 2015 1974.912022 53.919697 7532.923069 415.004936 0.151444 0.012994 -46.673481 0.660157 -3.827920 2.521206 45.156255 4.382254 72.892995 nan 3.871777 0.000246 719.220418 0.137107
300.501111 2015 991.390517 28.756698 4698.109393 155.729996 0.126749 0.002958 -44.817570 0.878600 0.010978 0.870424 44.394669 0.862249 75.510595 nan 3.871780 0.000246 719.218649 0.137116
307.501111 2015 2348.586229 69.543192 8434.910138 740.145594 0.160069 0.016079 -57.083186 1.330098 -5.375569 3.316337 53.108316 5.302576 69.232555 nan 3.871779 0.000246 719.219053 0.137113
314.501111 2015 3375.609894 85.318945 11892.096464 329.507744 0.188763 0.026220 -50.104497 6.936157 1.897851 6.477026 51.304122 6.017896 57.110890 nan 3.871775 0.000246 719.221545 0.136964
321.501111 2015 1989.589598 53.767173 8294.886286 225.393596 0.139222 0.021487 -50.787667 4.323225 -2.165004 4.604219 44.549795 4.885214 63.746493 nan 3.871767 0.000246 719.225505 0.136890
328.501111 2015 1116.051376 36.887409 6493.665893 137.080845 0.115491 0.001824 -38.532968 0.553525 0.132118 0.578823 39.050349 0.604121 68.685972 nan 3.871760 0.000245 719.229725 0.136735
335.501111 2015 1277.880706 34.200677 5110.387517 202.915858 0.137667 0.009775 -43.410523 1.023238 -1.454646 2.033091 43.955883 3.042944 72.629852 nan 3.871750 0.000245 719.235266 0.136660
342.501111 2015 1759.199155 39.466008 5364.969000 131.750440 0.169329 0.031579 -65.865560 5.236226 -13.211312 6.735347 51.808550 8.234468 50.144215 nan 3.871738 0.000245 719.241923 0.136576
349.501111 2015 1422.290398 36.951720 5425.516107 320.914643 0.145940 0.009888 -49.059982 0.996604 -1.860455 2.133006 45.950002 3.269408 77.360076 nan 3.871726 0.000245 719.248676 0.136645
356.501111 2015 2485.502808 72.027602 10535.039429 535.003248 0.125412 0.018420 -46.177400 2.959818 -3.225368 3.874381 47.520925 4.788943 63.135234 nan 3.871715 0.000245 719.254840 0.136734
363.501111 2015 2127.590741 60.117287 7547.041483 579.162299 -13.889209 14.040101 -48.551911 0.950990 -1.012791 2.006744 50.766816 3.062499 79.375229 nan 3.871707 0.000246 719.259170 0.136848
5.501111 2016 2330.291858 60.562111 8384.350690 434.806031 0.150961 0.009721 -51.437495 3.331627 1.699563 1.932359 50.086656 0.533091 80.750912 nan 3.871699 0.000246 719.263976 0.136997
12.501111 2016 1389.204717 34.827486 5665.541655 136.825033 0.142798 0.003401 -50.373775 0.621227 0.337285 0.673593 55.767211 0.725960 84.961306 nan 3.871693 0.000246 719.267252 0.137241
19.501111 2016 1590.653880 47.636150 6810.786857 373.567135 0.124691 0.004871 -48.600583 1.351015 0.664767 1.172364 49.950968 0.993713 74.241251 nan 3.871691 0.000247 719.268234 0.137386
26.501111 2016 1153.893333 28.318882 3730.787536 169.449815 0.130041 0.004698 -52.191950 1.250171 -0.058250 1.238268 50.539808 1.226366 78.138110 nan 3.871693 0.000247 719.267389 0.137564
33.501111 2016 648.662133 16.592565 2386.730690 112.188649 0.122325 0.005020 -46.379510 1.236243 0.480498 1.326037 55.482548 1.415830 73.544490 nan 3.871696 0.000247 719.265833 0.137644
40.501111 2016 1043.006180 27.571045 3336.509030 225.216940 0.127675 0.003396 -45.596587 0.707786 0.418918 0.742384 50.334278 0.776981 76.659477 nan 3.871702 0.000247 719.262369 0.137865
47.501111 2016 2286.142029 67.105675 8117.107630 695.108483 0.154977 0.014615 -47.528481 4.667508 4.321517 3.083756 58.377766 1.500004 74.456397 nan 3.871712 0.000248 719.257107 0.137942
54.501111 2016 1735.670014 45.907954 6604.983036 202.150093 0.130769 0.002489 -43.092676 0.409525 0.399819 0.371345 43.118167 0.333164 78.407626 nan 3.871724 0.000248 719.250718 0.138041
61.501111 2016 961.344233 28.992103 4815.627500 127.283640 0.130444 0.010436 -43.577738 3.165570 2.259693 2.083983 50.432108 1.002395 70.324015 nan 3.871736 0.000248 719.243961 0.138305
68.501111 2016 1741.468466 48.468631 6895.352750 357.733371 0.135000 0.010474 -43.778809 1.044297 -1.772296 2.144236 46.545421 3.244174 71.608501 nan 3.871749 0.000249 719.236934 0.138642
75.501111 2016 1902.076694 48.199613 6007.918033 252.001475 0.138248 0.004083 -49.169091 1.002679 -0.239844 1.092097 63.993112 1.181514 82.515289 nan 3.871763 0.000249 719.229183 0.138975
82.529444 2016 1624.397656 49.169890 5508.533194 285.911640 0.128927 0.013303 -65.551791 3.856946 -3.047006 4.701610 64.560199 5.546275 71.645259 nan 3.871892 0.000249 719.157682 0.138712
88.648333 2016 960.466622 26.569886 3978.825652 105.748524 0.141528 0.025092 -63.964449 2.187347 -9.012215 5.198918 72.755139 8.210489 73.297192 nan 3.871991 0.000288 719.102483 0.160544
96.501111 2016 1656.060103 43.187683 6092.240929 280.882455 0.131379 0.003056 -69.676282 1.280798 -0.668135 1.009807 42.988724 0.738816 78.332506 nan 3.871797 0.000253 719.211345 0.140717
103.501111 2016 1816.369378 51.785545 6260.891000 431.446448 0.113241 0.020583 -68.222699 3.387589 -8.933184 4.628310 47.624168 5.869032 67.573792 nan 3.871802 0.000253 719.208640 0.140787
110.501111 2016 1552.542821 42.969491 5890.293867 368.591136 0.135494 0.018668 -67.066441 1.839233 -7.707728 3.599887 51.148130 5.360541 73.197800 nan 3.871807 0.000254 719.206626 0.141393
117.501111 2016 904.672941 22.329917 3972.911452 195.585715 0.145782 0.001918 -57.293230 0.991095 -0.302607 0.900707 59.128507 0.810318 86.483105 nan 3.871806 0.000254 719.207433 0.141701
124.501111 2016 2129.715673 55.762543 6833.672552 470.017103 0.120977 0.016346 -48.099642 4.697391 5.212114 2.652920 46.448749 0.608448 72.716456 nan 3.871802 0.000255 719.209823 0.142346
131.501111 2016 3153.108055 83.975355 11399.664517 449.715639 0.152667 0.013691 -51.276046 3.364765 -0.989715 3.471871 43.935619 3.578977 73.234102 nan 3.871797 0.000256 719.213035 0.142826
138.501111 2016 1879.709355 48.391650 7314.392643 180.585375 0.136325 0.001469 -44.764094 0.471762 0.460479 0.530137 47.727752 0.588511 80.125109 nan 3.871788 0.000257 719.218074 0.143270
145.501111 2016 1245.851720 35.072117 5857.176679 129.830158 0.147778 0.009447 -50.275703 3.102025 2.069306 1.890619 48.042873 0.679213 79.043211 nan 3.871777 0.000258 719.224674 0.143834
152.501111 2016 1274.484862 30.968881 5256.901379 125.616286 0.145445 0.013713 -69.502266 4.754249 4.006592 2.859450 55.253100 0.964651 80.479682 nan 3.871765 0.000259 719.231888 0.144450
159.501111 2016 1849.923770 49.399519 6560.675586 351.028144 0.116487 0.014224 -64.378704 4.923792 6.542692 3.033694 59.323878 1.143596 75.483188 nan 3.871754 0.000260 719.238414 0.145064
166.501111 2016 1372.921216 34.433721 5191.999567 170.875341 0.149038 0.009663 -47.091154 0.712239 -1.395821 2.007584 49.597441 3.302928 78.875376 nan 3.871743 0.000262 719.245224 0.145720
173.501111 2016 1088.740218 27.808879 4545.442621 163.388263 0.141975 0.002719 -50.541741 0.645863 -0.277045 0.678151 47.601669 0.710439 83.836865 nan 3.871732 0.000263 719.251847 0.146475
180.501111 2016 1093.868353 27.267993 4545.228241 178.313771 0.151175 0.009203 -48.825712 3.200910 2.234703 1.881064 46.102404 0.561218 81.008087 nan 3.871723 0.000264 719.257287 0.147200
187.501111 2016 1178.552217 32.876248 4784.952033 211.518111 0.128571 0.009491 -64.347110 3.324557 1.831322 2.212348 52.451120 1.100139 78.851819 nan 3.871718 0.000265 719.260366 0.147934
194.501111 2016 1704.269133 38.497728 5426.265241 178.678585 0.135813 0.009861 -48.487201 3.098942 2.525632 2.083368 67.034638 1.067794 82.967806 nan 3.871715 0.000267 719.262473 0.148529
201.501111 2016 1138.776333 29.405101 4487.400833 176.286295 0.111601 0.011816 -66.827698 6.380153 6.152154 5.687299 68.360061 4.994446 68.613084 nan 3.871714 0.000268 719.263414 0.149185
208.501111 2016 1626.062987 40.724795 5374.995600 222.164667 0.076543 0.013451 -68.131609 6.544835 10.228366 5.784464 68.131609 5.024094 56.116706 nan 3.871717 0.000269 719.262179 0.149661
215.501111 2016 1764.892467 46.711751 6264.971643 406.356075 0.148765 0.010576 -55.110361 0.992768 -2.173366 2.939777 58.165251 4.886785 78.809116 nan 3.871725 0.000270 719.258317 0.150430
222.501111 2016 1984.003029 43.887016 5791.523710 201.286656 0.137069 0.017150 -63.523544 6.661309 5.083779 6.100140 63.623962 5.538970 69.741849 nan 3.871734 0.000270 719.253477 0.150425
229.501111 2016 1251.786318 30.830439 5083.260586 160.060744 0.139286 0.008006 -64.441069 4.125012 2.391337 4.294631 69.254419 4.464250 84.087665 nan 3.871744 0.000271 719.248076 0.150863
236.501111 2016 1454.506461 39.285840 5670.561036 277.608967 0.114444 0.018856 -65.576870 7.032199 3.629696 6.618249 68.362907 6.204298 61.651792 nan 3.871756 0.000271 719.241159 0.151022
243.501111 2016 1956.821729 60.680770 6484.456533 694.370837 0.154667 0.013057 -46.560699 3.395579 1.064746 3.480286 63.109438 3.564993 76.291451 nan 3.871772 0.000272 719.232909 0.151501
250.159444 2016 3017.023990 78.337133 9773.846038 386.901761 0.182005 0.033445 -48.804941 0.907762 -1.904474 3.196297 69.432768 5.484832 78.629828 nan 3.871816 0.000288 719.209341 0.160634
257.501111 2016 1569.065663 44.079587 7259.685464 186.429976 0.129762 0.012013 -66.749078 4.113623 -3.290295 4.397163 66.749078 4.680703 71.912111 nan 3.871798 0.000273 719.218663 0.152130
264.548333 2016 1232.011396 33.349043 5358.015643 243.852608 0.155889 0.014005 -55.707995 1.909862 -3.702738 3.389951 48.805770 4.870041 75.448939 nan 3.871761 0.000277 719.239839 0.154149
271.501111 2016 2993.168496 81.146500 9816.844133 729.937405 0.132143 0.021298 -51.841208 3.953882 -7.155597 5.200046 65.957069 6.446209 62.416015 nan 3.871821 0.000274 719.206500 0.152636
278.501111 2016 2960.846232 76.060982 10386.744931 440.188498 0.141461 0.019876 -66.378472 7.275004 10.188074 4.333283 66.836278 1.391562 65.473962 nan 3.871827 0.000274 719.202964 0.152751
285.501111 2016 2152.178823 61.988968 9132.252929 505.784274 0.156944 0.016363 -45.085442 4.429755 1.798173 3.994762 53.022344 3.559768 67.905056 nan 3.871829 0.000274 719.201829 0.152917
292.501111 2016 2560.437424 59.477413 8532.057071 286.314951 0.190701 0.022974 -62.012978 7.650634 5.128661 6.686699 66.923670 5.722764 67.117073 nan 3.871830 0.000274 719.201705 0.152879
299.501111 2016 3093.796459 88.186712 11034.282357 735.388047 0.164372 0.021678 -66.499968 3.753339 -4.033374 5.132386 63.701199 6.511433 63.759639 nan 3.871827 0.000274 719.203405 0.152860
306.501111 2016 2823.934665 72.234704 10542.981643 248.693067 0.166546 0.016072 -51.947489 3.594619 -1.303309 4.126831 55.910380 4.659044 71.614499 nan 3.871819 0.000274 719.207397 0.152696
320.903889 2016 1232.464027 29.627184 3866.227220 159.138511 0.162289 0.043698 -51.896831 7.455009 5.802173 6.482770 61.368997 5.510530 60.823353 nan 3.871874 0.000289 719.176266 0.161194
327.487222 2016 1418.960866 42.853479 5266.426265 560.715987 0.124224 0.023680 -65.148711 5.555415 0.207845 5.620915 62.393525 5.686415 52.082436 nan 3.871794 0.000273 719.221351 0.152111
334.501111 2016 1487.867505 34.758128 4761.347111 154.840055 0.156624 0.018509 -64.813477 3.241825 -4.724631 4.994931 65.850065 6.748036 68.575149 nan 3.871771 0.000273 719.233879 0.152396
341.501111 2016 1282.481558 32.549729 4588.093355 179.533950 0.150222 0.013555 -58.647408 3.384491 -0.334880 3.253706 43.638616 3.122920 72.201202 nan 3.871758 0.000274 719.241133 0.152491
348.501111 2016 1447.611400 32.615436 5074.379828 59.728762 0.150427 0.009573 -58.211896 0.931851 -1.955943 2.077214 54.430039 3.222577 81.029738 nan 3.871748 0.000274 719.246850 0.152588
355.501111 2016 1733.401046 47.471334 6094.797828 359.917005 0.147222 0.010334 -62.165122 1.261264 -2.454915 2.299157 48.994145 3.337050 78.239656 nan 3.871738 0.000274 719.252460 0.152830
362.501111 2016 1931.350208 45.235498 6362.430448 136.095356 0.141461 0.003439 -52.849783 0.775671 -0.493044 0.812149 51.171582 0.848627 83.592708 nan 3.871732 0.000275 719.256293 0.153011
