209.501100 2004 5507.396072 173.712209 26440.609643 1301.346655 0.130060 0.006991 -40.442175 1.027972 -3.106024 1.829378 34.145494 2.630784 51.242933 nan 3.871948 0.000099 719.088367 0.055214
216.501100 2004 3199.615125 91.861407 13608.076571 514.031512 0.135391 0.002425 -32.960964 0.532793 -0.697816 0.630832 34.334328 0.728871 55.854551 nan 3.871949 0.000100 719.087806 0.055610
223.501100 2004 1144.321587 30.034928 4167.958690 274.493077 0.141346 0.009561 -33.021752 0.706942 -0.051114 1.573183 35.977083 2.439424 54.906936 nan 3.871793 0.000102 719.174806 0.056749
237.501100 2004 539.830748 11.709794 1182.473745 52.510775 0.131379 0.001715 -35.950583 0.933618 2.869774 0.730250 39.915808 0.526881 62.975363 nan 3.871786 0.000103 719.179260 0.057328
244.501100 2004 1456.508622 46.492723 6671.808652 614.725258 0.131070 0.003595 -41.289535 1.543932 3.545880 1.201143 44.139810 0.858354 65.739234 nan 3.871783 0.000103 719.180926 0.057552
251.501100 2004 658.438111 15.411160 1667.995286 96.710320 0.128395 0.002299 -42.413257 1.372834 2.572781 0.972208 43.416889 0.571582 67.558191 nan 3.871780 0.000103 719.182585 0.057581
258.501100 2004 1145.719398 32.087370 3275.623034 169.042265 0.118724 0.009341 -50.408722 3.066108 2.055880 1.968100 41.520682 0.870092 66.719952 nan 3.871777 0.000104 719.184183 0.057689
265.501100 2004 1293.680432 30.719625 2913.710400 139.929241 0.131944 0.002447 -54.341217 1.784252 0.428139 1.210004 43.072152 0.635756 73.785289 nan 3.871775 0.000104 719.185271 0.057923
272.501100 2004 551.679803 13.845634 1421.955615 61.011524 0.113782 0.001726 -47.108739 1.485264 -1.001929 1.093147 39.212928 0.701030 65.883111 nan 3.871774 0.000104 719.186105 0.057940
279.501100 2004 444.300158 10.689960 975.397221 60.501863 0.125748 0.002024 -54.228193 1.663557 -3.306545 1.141142 38.985426 0.618728 73.020948 nan 3.871775 0.000104 719.185516 0.057772
286.501100 2004 963.280704 31.338223 3316.913850 367.994145 0.129835 0.003151 -57.794458 1.587663 -5.495784 1.279236 39.720099 0.970809 74.750616 nan 3.871775 0.000104 719.185450 0.057691
293.501100 2004 727.537954 20.522508 1930.264119 173.683671 0.127983 0.002559 -58.057647 1.475193 -7.396711 1.284992 39.741475 1.094791 73.662741 nan 3.871778 0.000104 719.183387 0.057703
314.501100 2004 3873.513610 146.614014 23479.089167 1582.507518 0.103426 0.010597 -56.796592 4.024453 -9.921102 3.258543 45.205224 2.492633 56.820598 nan 3.871790 0.000102 719.176860 0.056952
321.501100 2004 2798.271197 83.931971 11228.588483 799.719324 0.131790 0.003233 -52.705593 0.728008 -13.620433 1.189803 34.165786 1.651599 66.986881 nan 3.871799 0.000102 719.171462 0.056884
328.501100 2004 1246.976103 32.741735 4599.547500 237.039816 0.129733 0.003251 -53.565723 0.799220 -14.251480 1.196062 34.438100 1.592904 63.578065 nan 3.871803 0.000102 719.169629 0.056609
335.501100 2004 1191.639387 221.864872 3009.280929 136.888739 0.132372 0.003351 -52.700931 0.944205 -13.641441 1.273305 29.980064 1.602404 60.956549 nan 3.871813 0.000101 719.164018 0.056315
342.501100 2004 813.483966 18.920185 1886.845455 111.545792 0.138889 0.009788 -50.654222 1.096122 -14.372404 1.503948 33.086228 1.911775 56.338288 nan 3.871816 0.000101 719.162293 0.056185
349.501100 2004 932.683054 34.327610 2770.194091 537.547654 0.146991 0.013269 -46.256702 1.054692 -13.593146 1.655843 33.087015 2.256994 51.779568 nan 3.871825 0.000101 719.156990 0.056172
356.501100 2004 445.354781 9.978412 950.369700 51.923090 0.149421 0.013595 -45.591616 1.170664 -12.518594 1.682120 29.144202 2.193576 49.953807 nan 3.871827 0.000100 719.155851 0.055932
363.501100 2004 592.361325 17.323111 1734.900043 137.362465 0.146065 0.013530 -42.040445 1.128462 -10.699594 1.649674 29.334623 2.170886 47.428338 nan 3.871835 0.000100 719.151300 0.055697
4.501100 2005 1659.969040 40.256104 4798.202370 438.551539 0.183460 0.021626 -39.960250 1.025328 -12.610263 2.230268 30.962231 3.435207 40.196761 nan 3.871835 0.000100 719.151541 0.055639
10.098322 2005 1102.582228 42.305741 4115.317529 548.296235 0.117222 0.032666 -37.502375 1.171230 -10.782241 2.806148 25.059213 4.441066 35.455629 nan 3.871882 0.000128 719.124877 0.071516
18.501100 2005 3302.159284 122.260257 17448.050143 2373.273530 0.221491 0.038801 -33.519327 1.278912 -7.586758 2.845717 33.636244 4.412521 38.199450 nan 3.871838 0.000100 719.149826 0.055447
25.381655 2005 966.415279 22.066004 2241.891000 119.070529 0.186905 0.022324 -31.895909 0.701412 -7.641753 2.952759 29.978740 5.204107 38.567146 nan 3.871718 0.000101 719.216315 0.056257
39.501100 2005 1505.660939 41.800132 5083.441238 286.404266 0.179546 0.021304 -38.412941 4.796557 8.895842 2.913201 37.923728 1.029845 43.648516 nan 3.871836 0.000100 719.150563 0.055461
46.501100 2005 1304.980336 33.536562 3819.180964 224.295786 0.155671 0.015524 -37.636300 3.667891 6.328658 2.182037 36.800141 0.696183 52.643667 nan 3.871830 0.000099 719.154029 0.055379
53.501100 2005 760.805384 17.620392 1714.694109 79.364705 0.144444 0.013848 -37.043667 3.238863 6.019736 1.892049 38.590077 0.545235 57.200995 nan 3.871831 0.000100 719.153757 0.055444
60.501100 2005 391.830097 7.348019 838.198018 26.588616 0.179040 0.019550 -40.452884 5.024535 9.025972 2.757166 43.144889 0.489797 60.050721 nan 3.871823 0.000100 719.158041 0.055724
67.501100 2005 2603.572522 66.556854 7360.580893 309.263872 0.187963 0.022208 -43.714089 5.753950 9.289605 3.420094 52.903389 1.086238 58.022917 nan 3.871823 0.000101 719.157926 0.056045
74.501100 2005 1337.976063 37.912876 4100.712621 351.173254 0.143519 0.014260 -43.422608 3.821854 4.319707 2.275400 42.792883 0.728946 63.172095 nan 3.871818 0.000101 719.160986 0.056161
81.501100 2005 435.429755 10.758887 1072.703786 69.319604 0.141551 0.013013 -44.937871 3.604978 1.911652 2.365746 42.046864 1.126515 64.069300 nan 3.871819 0.000101 719.160440 0.056429
88.501100 2005 511.244005 11.070467 1202.270160 59.699607 0.168358 0.016704 -49.954221 5.372404 2.120120 3.144239 44.524201 0.916074 69.274205 nan 3.871816 0.000102 719.162291 0.056901
95.501100 2005 1429.345175 42.920992 5669.693150 523.922258 0.120833 0.016751 -52.224515 1.396525 -8.000434 2.627598 42.529666 3.858671 67.962229 nan 3.871818 0.000103 719.161508 0.057326
102.501100 2005 1686.481625 44.388318 4614.257179 280.560950 0.136859 0.010191 -56.304799 1.623000 -8.301398 2.223571 40.825251 2.824143 69.047515 nan 3.871819 0.000103 719.160903 0.057524
109.501100 2005 1068.050932 25.484523 2597.759161 131.916572 0.149556 0.012915 -54.870481 1.630950 -11.171729 2.542693 37.527224 3.454435 68.008930 nan 3.871823 0.000104 719.158868 0.057901
116.501100 2005 457.379048 10.349748 1163.778494 81.589899 0.131276 0.003888 -54.287165 1.439397 -10.163346 1.562614 37.001834 1.685830 70.579290 nan 3.871826 0.000105 719.157048 0.058418
123.501100 2005 968.765461 23.349066 2348.626957 108.342593 0.137346 0.002791 -55.325074 1.125086 -11.431092 1.349409 36.330966 1.573733 71.392904 nan 3.871832 0.000106 719.154132 0.058837
130.501100 2005 1321.198473 35.577518 4666.335621 327.359943 0.126852 0.004055 -59.077369 1.333106 -12.627835 1.555318 35.584407 1.777531 64.431307 nan 3.871839 0.000106 719.150281 0.059079
137.501100 2005 3134.421417 97.149214 11910.183185 810.255332 0.124177 0.004286 -58.062115 1.366087 -13.749356 1.562468 31.317887 1.758849 59.987827 nan 3.871845 0.000107 719.146771 0.059520
144.501100 2005 1201.848224 30.627362 3903.709536 215.752927 0.130247 0.002211 -54.401858 1.020234 -13.613016 1.335295 26.076196 1.650357 59.908300 nan 3.871852 0.000108 719.142939 0.060162
151.501100 2005 2273.479555 74.900801 10458.431423 1001.196181 0.129594 0.003424 -53.276415 1.154932 -13.234116 1.395291 26.096442 1.635649 55.513948 nan 3.871859 0.000109 719.139245 0.060646
158.501100 2005 1368.862920 34.412471 4232.266679 265.259470 0.134615 0.002825 -50.363650 1.134663 -11.645939 1.269351 24.504349 1.404039 54.855497 nan 3.871868 0.000110 719.134704 0.061030
165.501100 2005 2667.806440 77.700664 10101.610222 636.427573 0.114559 0.012896 -46.499072 1.092693 -11.966912 1.922502 28.681355 2.752311 48.330967 nan 3.871872 0.000111 719.132219 0.061600
172.501100 2005 1541.496771 48.654443 5738.505000 637.778340 0.129594 0.004154 -41.853409 1.161532 -8.598954 1.177262 24.292215 1.192991 49.244065 nan 3.871879 0.000112 719.128827 0.062251
179.501100 2005 592.173414 13.018266 1313.647850 64.719943 0.134188 0.003209 -39.216387 0.991932 -6.714059 1.001548 25.567873 1.011163 49.629493 nan 3.871881 0.000113 719.127847 0.062721
186.501100 2005 318.914254 9.926710 831.920638 128.995961 0.111859 0.020364 -35.947161 0.731447 -4.690526 0.748300 24.373348 0.765153 49.316209 nan 3.871886 0.000113 719.125058 0.063021
193.501100 2005 2651.645462 79.648657 10950.914037 811.399856 0.149333 0.012345 -34.663556 0.763483 -4.273100 1.486055 29.769110 2.208627 46.688475 nan 3.871885 0.000114 719.125879 0.063460
200.501100 2005 2000.459024 55.145242 6957.095464 397.911661 0.151333 0.013239 -31.824729 0.533263 -3.187055 1.691198 31.239327 2.849133 46.697707 nan 3.871886 0.000115 719.125233 0.063990
207.501100 2005 1067.643367 24.771550 2780.306667 106.030697 0.133025 0.003306 -35.124706 0.810557 0.968476 0.805299 35.996549 0.800041 52.545591 nan 3.871883 0.000115 719.127251 0.064243
214.501100 2005 735.253564 19.023716 1667.585565 156.879582 0.141346 0.009252 -30.321398 2.220503 3.344859 1.499289 36.650994 0.778074 52.799081 nan 3.871883 0.000116 719.127035 0.064416
221.501100 2005 1345.195006 32.984049 3317.453325 172.205523 0.137140 0.002414 -34.168590 1.000582 3.540596 0.859335 39.719824 0.718087 59.441828 nan 3.871876 0.000116 719.130859 0.064721
228.501100 2005 793.390544 15.734341 1698.608630 51.507268 0.141049 0.001448 -36.238973 1.118567 4.380684 0.866259 40.869977 0.613950 64.025677 nan 3.871875 0.000117 719.131682 0.065094
235.501100 2005 1241.345544 39.058407 5991.311111 645.724794 0.127480 0.013913 -42.268151 3.572789 4.903367 3.194349 43.914047 2.815909 57.393489 nan 3.871867 0.000117 719.136017 0.065215
242.501100 2005 1637.720119 49.202070 5958.762000 525.249680 0.136859 0.009748 -39.506212 2.896562 6.118279 1.731804 41.190559 0.567046 61.793557 nan 3.871867 0.000117 719.136019 0.065283
249.501100 2005 2523.164604 70.325113 7955.962828 511.382511 0.131410 0.003343 -0.000000 0.000000 0.000000 0.000000 -0.000000 0.000000 0.000000 nan 3.871861 0.000118 719.139766 0.065499
256.501100 2005 5437.506139 167.515570 24071.871379 1205.273471 0.131173 0.005760 -49.191672 3.425952 3.634141 2.076600 45.472954 0.727247 70.357511 nan 3.871861 0.000118 719.139822 0.065754
263.501100 2005 2518.848674 67.957273 9244.819036 462.181710 0.132799 0.002073 -49.776158 1.555170 0.813671 1.087751 42.072751 0.620333 73.411541 nan 3.871857 0.000118 719.142136 0.065676
270.501100 2005 942.142746 27.404505 3365.462562 305.825108 0.126543 0.003556 -52.934635 1.887722 -0.584976 1.373616 42.605625 0.859510 70.612984 nan 3.871860 0.000118 719.140291 0.065603
277.501100 2005 562.900879 12.906183 1283.446542 82.015888 0.127161 0.003996 -53.632001 1.619207 -2.777395 1.469009 42.809484 1.318810 71.729362 nan 3.871858 0.000118 719.141427 0.065628
284.501100 2005 388.595736 10.306343 912.936650 68.455466 0.137757 0.002433 -55.320875 1.321161 -4.834007 1.193108 41.510604 1.065055 76.519142 nan 3.871863 0.000118 719.138401 0.065609
291.501100 2005 232.990866 6.565084 810.197783 58.740280 0.106790 0.020928 -54.140526 1.369399 -7.486550 1.451224 39.511644 1.533048 69.272267 nan 3.871865 0.000117 719.137581 0.065275
298.501100 2005 293.345890 9.001148 1078.921665 83.355700 0.079424 0.028978 -52.510571 1.468633 -9.545130 1.780599 37.901208 2.092565 63.868869 nan 3.871873 0.000117 719.132742 0.065032
305.501100 2005 880.508442 25.617389 3034.200100 264.646737 0.127058 0.004727 -51.704793 1.137381 -9.703808 1.470610 43.529347 1.803839 66.974640 nan 3.871877 0.000117 719.130772 0.064924
312.501100 2005 715.587767 14.888114 1619.201422 52.478028 0.126916 0.009987 -52.222403 0.700847 -12.449996 1.775609 40.903634 2.850372 65.250663 nan 3.871886 0.000116 719.125243 0.064794
319.501100 2005 415.043621 9.212071 1013.386664 35.164625 0.126337 0.002327 -51.019785 0.746511 -12.583145 1.065220 32.039308 1.383929 61.477498 nan 3.871892 0.000116 719.121978 0.064422
326.501100 2005 229.426772 5.811289 659.541827 45.705921 0.125748 0.002938 -49.348198 0.909032 -12.738349 1.216248 32.387355 1.523464 58.587747 nan 3.871902 0.000115 719.116411 0.064204
333.501100 2005 314.911569 7.803026 890.932658 51.302972 0.133111 0.013471 -48.697798 1.026766 -13.798115 1.621251 30.998545 2.215736 54.474252 nan 3.871907 0.000115 719.113447 0.064138
340.501100 2005 298.503317 6.792324 863.381777 36.219133 0.149421 0.014375 -46.529563 1.174488 -13.070282 1.758127 28.119163 2.341766 51.047716 nan 3.871915 0.000115 719.108849 0.064053
354.501100 2005 211.068340 4.865709 597.720683 29.479736 0.145111 0.013417 -38.163582 1.022323 -9.459753 1.654821 27.577916 2.287320 45.346639 nan 3.871926 0.000114 719.102668 0.063585
361.626100 2005 459.790100 12.835378 1420.388872 79.074956 0.119743 0.019841 -37.983986 2.314994 -9.663320 2.931992 28.059955 3.548990 32.937216 nan 3.872054 0.000112 719.031372 0.062442
10.501088 2006 143.376980 3.106277 336.749650 13.146027 0.103087 0.004290 -30.015555 1.008882 -1.155960 0.942022 26.596641 0.875162 39.900801 nan 3.871930 0.000113 719.100284 0.063225
17.501088 2006 154.069066 3.954250 456.775588 31.878847 0.119097 0.032062 -32.689155 3.633711 5.026608 2.817617 34.741087 2.001524 35.766614 nan 3.871929 0.000113 719.100826 0.063142
24.501088 2006 544.706411 16.969552 1549.122527 129.712261 0.152778 0.038202 -30.324524 4.657739 10.589160 2.777018 35.660554 0.896296 38.623195 nan 3.871926 0.000113 719.102790 0.063212
31.501088 2006 309.013396 7.380253 864.974711 58.442656 0.143555 0.014383 -31.682034 2.833999 6.381264 1.810766 36.788683 0.787533 48.795684 nan 3.871922 0.000113 719.105098 0.063221
38.501088 2006 246.922323 6.221580 721.881731 50.261667 0.130983 0.010279 -34.713117 2.722519 6.729135 1.679261 37.668984 0.636003 52.971564 nan 3.871919 0.000113 719.106730 0.063084
45.501088 2006 113.649414 3.169482 398.719524 36.075326 -1.429111 0.333811 -33.424721 4.856775 15.969797 2.949409 40.756240 1.042043 30.788175 nan 3.871914 0.000113 719.109593 0.063214
52.501088 2006 649.222752 17.312416 2118.431810 62.664924 0.149653 0.018066 -36.124008 4.087301 8.533952 3.277402 40.810722 2.467502 53.914189 nan 3.871909 0.000114 719.112341 0.063514
59.501088 2006 249.951945 5.834375 646.635123 41.711105 0.122863 0.002219 -36.614544 1.270067 4.733350 0.950869 42.226974 0.631670 63.109612 nan 3.871904 0.000114 719.115151 0.063737
66.501088 2006 229.624966 6.472860 675.041350 63.187270 0.118590 0.003879 -40.773161 1.684044 3.756228 1.365347 43.324237 1.046651 62.868720 nan 3.871903 0.000115 719.115758 0.063842
73.501088 2006 228.349333 6.981055 728.295987 62.712556 0.077315 0.023212 -46.072279 2.761866 0.377687 2.903578 46.146161 3.045289 65.125957 nan 3.871899 0.000115 719.118164 0.064177
80.501088 2006 1742.938443 42.416652 4023.222800 328.459990 0.184596 0.021921 -48.209349 6.287999 6.554017 3.763633 46.201148 1.239266 60.241691 nan 3.871900 0.000116 719.117560 0.064647
87.501088 2006 603.142067 16.133760 1676.880893 110.625607 0.127469 0.003171 -49.075232 1.362850 -2.652538 1.410271 46.991840 1.457692 70.437487 nan 3.871898 0.000116 719.118853 0.064904
94.501088 2006 795.707306 30.823347 3100.179183 651.844414 0.122942 0.004817 -49.223657 1.657420 -3.958647 1.744363 41.838595 1.831307 68.031786 nan 3.871904 0.000117 719.115298 0.065095
101.501088 2006 2284.450292 84.872737 8671.594704 1284.128647 0.126786 0.013588 -51.684973 3.352798 -6.918618 3.402644 42.507871 3.452489 64.516170 nan 3.871905 0.000118 719.115005 0.065506
108.501088 2006 4112.831712 113.783138 14393.949448 562.767775 0.141880 0.009832 -51.967802 1.269780 -9.177901 2.028289 39.022274 2.786798 68.412392 nan 3.871913 0.000118 719.110670 0.065967
115.501088 2006 1130.971057 33.693219 4528.271310 264.150094 0.118313 0.003018 -51.692541 1.327917 -10.025471 1.447018 31.893586 1.566119 62.137959 nan 3.871917 0.000119 719.108942 0.066268
122.501088 2006 531.578580 15.413733 1961.928679 115.046762 0.103189 0.004312 -50.153645 1.292713 -11.577531 1.554752 29.436123 1.816791 53.270469 nan 3.871928 0.000119 719.102830 0.066549
129.501088 2006 958.921583 21.763152 2125.175705 113.081277 0.141152 0.005041 -53.427709 1.196746 -10.469535 1.406493 35.664548 1.616240 64.913565 nan 3.871932 0.000120 719.100606 0.066969
134.806644 2006 666.404118 19.491848 1649.085045 54.474393 0.139087 0.002800 -52.174078 1.331940 -10.709652 1.667340 30.360367 2.002741 64.065173 nan 3.872151 0.000170 718.978690 0.094544
150.501088 2006 68.042290 2.133176 218.409491 29.235119 1.759462 0.183119 -44.024062 0.602886 -20.237381 1.636942 23.572507 2.670999 24.598258 nan 3.871802 0.000123 719.173178 0.068271
157.501088 2006 758.910931 23.096236 2669.390500 84.341724 0.144444 0.010262 -42.320903 0.957943 -9.091047 1.330680 27.387025 1.703417 51.689599 nan 3.871804 0.000124 719.172248 0.068891
171.501088 2006 449.582427 9.083106 1018.235160 39.097558 0.127778 0.008309 -36.881866 0.766736 -6.201614 1.228018 25.515761 1.689300 48.005833 nan 3.871811 0.000125 719.168634 0.069899
178.501088 2006 275.359514 6.165743 632.337134 23.105941 0.110317 0.009571 -34.023952 1.614892 -2.350077 1.277129 27.462041 0.939367 42.716598 nan 3.871816 0.000126 719.166294 0.070295
185.501088 2006 698.842258 36.608646 2467.017085 596.674694 0.092361 0.032040 -31.435355 0.506393 -2.697221 1.186682 29.738746 1.866971 46.972028 nan 3.871813 0.000127 719.168089 0.070816
192.501088 2006 316.015081 6.813226 789.140454 30.236338 0.140812 0.009413 -28.750251 0.630293 -0.426300 1.385729 31.124036 2.141164 46.786776 nan 3.871814 0.000128 719.167914 0.071303
206.501088 2006 305.567795 14.347892 2319.133250 255.995394 1.922500 0.246210 -29.690406 1.884498 -10.890593 2.992947 35.788827 4.101395 21.346210 nan 3.871807 0.000129 719.171505 0.071770
213.501088 2006 417.032044 9.811749 998.912856 45.435829 0.136111 0.001391 -29.952448 1.003084 4.905203 0.815028 38.581818 0.626973 57.083233 nan 3.871801 0.000130 719.175345 0.072168
220.501088 2006 632.538031 17.383747 1731.175482 161.969251 0.137654 0.003040 -35.757806 1.299446 5.958584 1.044526 42.413374 0.789607 60.436875 nan 3.871797 0.000130 719.177381 0.072543
227.501088 2006 350.392777 8.820751 982.300602 87.870761 0.130864 0.002504 -39.325599 1.559315 6.580881 1.059873 41.470162 0.560431 61.172367 nan 3.871791 0.000130 719.180680 0.072636
234.501088 2006 1109.545425 28.163590 2798.009756 239.534811 0.136859 0.002252 -39.497806 1.522465 6.314592 1.062730 43.804098 0.602995 66.573408 nan 3.871789 0.000131 719.182287 0.072853
241.501088 2006 539.331334 12.708872 1312.516673 65.757554 0.131624 0.003571 -43.925908 1.928872 5.968954 1.369565 46.388588 0.810259 67.192585 nan 3.871784 0.000131 719.185186 0.073178
248.501088 2006 608.486246 14.358766 1509.908971 49.357893 0.137714 0.002490 -45.143427 1.529249 4.680809 0.981378 44.839133 0.433508 71.981908 nan 3.871782 0.000132 719.186393 0.073392
255.501088 2006 211.940369 5.052427 521.218366 37.157419 0.124074 0.001527 -43.959723 1.489376 3.393769 1.097830 43.988421 0.706285 67.371786 nan 3.871781 0.000132 719.186912 0.073300
261.787199 2006 692.964412 19.040538 1943.210282 63.495094 0.136905 0.003703 -49.997537 1.823054 1.013788 1.509191 45.081063 1.195328 74.194825 nan 3.871676 0.000148 719.245561 0.082419
269.501088 2006 573.938787 15.349106 1306.275157 97.135130 0.135597 0.002867 -50.934951 1.313739 -0.597286 1.190471 44.203561 1.067203 74.306521 nan 3.871783 0.000132 719.185877 0.073415
276.501088 2006 611.595324 15.149532 1608.620519 67.570082 0.134054 0.002461 -51.336834 1.231194 -2.720291 1.152988 42.618245 1.074783 73.642487 nan 3.871785 0.000132 719.184320 0.073373
283.501088 2006 406.293238 14.816286 1049.856776 177.366037 0.122119 0.003597 -50.839468 1.271869 -4.826611 1.464100 42.068528 1.656330 67.358584 nan 3.871791 0.000131 719.180901 0.073046
290.501088 2006 789.042185 18.044228 2229.080472 63.781517 0.133231 0.003456 -50.424889 1.005850 -6.933840 1.268928 40.360293 1.532007 71.228499 nan 3.871797 0.000131 719.177885 0.072902
304.501088 2006 557.533045 14.010514 1458.969036 73.912727 0.137500 0.009829 -49.192553 0.633816 -10.934434 1.463992 35.733823 2.294167 63.273807 nan 3.871811 0.000130 719.169753 0.072637
311.501088 2006 460.471066 17.371281 1041.704200 180.233190 0.122115 0.005563 -48.966813 1.381061 -10.282991 1.643234 36.316161 1.905406 60.022511 nan 3.871821 0.000130 719.164056 0.072276
318.501088 2006 561.121949 13.490348 1418.496965 79.785291 0.153819 0.013802 -49.543176 0.917886 -12.888963 1.830562 32.751215 2.743237 58.665314 nan 3.871828 0.000129 719.160378 0.072119
325.501088 2006 385.330186 9.901755 821.824962 64.550662 0.162121 0.018046 -47.236133 1.217491 -13.409603 2.112746 30.858668 3.008001 52.102805 nan 3.871837 0.000129 719.154854 0.072064
332.501088 2006 946.452307 36.902410 2529.709958 483.213190 0.144000 0.010104 -44.385506 1.058559 -9.991122 1.581363 32.312448 2.104166 54.177630 nan 3.871842 0.000129 719.152440 0.071889
339.501088 2006 1078.240834 27.944681 2937.100071 252.469672 0.175884 0.035812 -39.747961 1.047498 -11.088676 1.850007 25.449719 2.652517 44.419086 nan 3.871851 0.000128 719.147141 0.071574
346.501088 2006 2197.034797 81.754639 7338.720233 1415.779613 0.188636 0.020641 -38.186426 1.067726 -11.591042 2.321200 33.107610 3.574674 41.544457 nan 3.871853 0.000128 719.146079 0.071510
353.501088 2006 3445.046530 94.667390 13324.305357 601.046869 0.164583 0.021172 -35.363885 0.920137 -9.196389 2.263933 30.760391 3.607729 40.877475 nan 3.871859 0.000128 719.142925 0.071478
360.501088 2006 2068.838652 51.060019 7003.043655 145.164849 0.157556 0.012914 -33.014398 0.713020 -3.925472 1.777929 32.062295 2.842838 45.595648 nan 3.871857 0.000128 719.143846 0.071280
2.501088 2007 1259.683097 32.781278 4230.427655 291.381351 -15.702899 15.871850 -27.676080 3.985013 5.128335 2.529832 30.676502 1.074650 37.041985 nan 3.871860 0.000127 719.142055 0.071032
9.501088 2007 630.197184 14.045216 1917.485069 59.374686 0.149778 0.012960 -26.788609 2.698353 4.568853 1.719576 31.754602 0.740800 45.039347 nan 3.871855 0.000127 719.144699 0.070984
16.501088 2007 718.887641 14.820344 1570.741696 52.402834 0.208889 0.025632 -23.173273 4.340877 13.033869 2.673400 35.731404 1.005923 35.402638 nan 3.871854 0.000127 719.145045 0.071010
23.501088 2007 524.505955 10.474238 1136.866680 35.850075 0.153445 0.013128 -30.022393 2.585021 7.558662 1.621421 38.525190 0.657821 51.055442 nan 3.871847 0.000127 719.149016 0.070891
30.501088 2007 791.578829 19.509252 2144.071693 137.785380 0.155072 0.017547 -30.331487 3.029480 9.793001 2.016500 41.618265 1.003521 49.300752 nan 3.871846 0.000127 719.149685 0.070797
37.501088 2007 423.159084 8.939330 1035.855535 44.034158 0.173864 0.019913 -32.297585 3.695720 11.461918 2.133488 42.210724 0.571256 53.232619 nan 3.871838 0.000127 719.153956 0.070945
44.501088 2007 504.785340 14.836658 1686.740647 126.893727 0.138542 0.015706 -33.187962 2.966987 9.591325 2.154320 45.030741 1.341654 53.533995 nan 3.871836 0.000128 719.155161 0.071161
51.501088 2007 283.291628 6.277817 778.529177 31.326434 0.129167 0.002652 -36.005160 1.402650 6.812371 1.013815 44.033869 0.624981 63.788908 nan 3.871831 0.000128 719.157992 0.071221
58.501088 2007 432.929745 12.805367 1490.782834 94.614445 0.125444 0.011888 -40.194352 3.295129 8.044651 2.258062 48.595812 1.220996 58.039346 nan 3.871827 0.000128 719.160542 0.071270
72.501088 2007 475.439695 11.030598 1197.282102 52.038114 0.143376 0.009666 -48.501496 2.723312 3.243228 1.996431 51.053393 1.269549 70.469503 nan 3.871824 0.000129 719.162104 0.072042
86.501088 2007 597.311124 18.157875 1490.466720 194.539206 0.132099 0.002569 -48.010989 1.449539 -1.880461 1.433044 45.997645 1.416549 71.795510 nan 3.871829 0.000130 719.159695 0.072405
93.501088 2007 1194.055334 29.576216 3237.324422 161.087166 0.140171 0.010757 -48.474727 3.248013 -2.718021 2.548987 46.071784 1.849961 68.313433 nan 3.871831 0.000131 719.158641 0.072721
100.501088 2007 796.834461 19.517372 2030.133286 151.857296 0.129115 0.003320 -48.747183 1.090348 -5.886779 1.357402 42.320790 1.624457 68.570940 nan 3.871839 0.000131 719.154408 0.073150
107.501088 2007 256.621110 6.049079 663.685017 43.029610 0.122325 0.003223 -49.978187 1.171422 -7.425983 1.394069 35.249076 1.616716 64.171399 nan 3.871844 0.000132 719.151545 0.073332
114.501088 2007 517.909802 26.990590 1841.918830 517.419682 0.127778 0.011382 -49.236575 2.666200 -9.355850 3.083197 35.469758 3.500195 56.955784 nan 3.871854 0.000132 719.146064 0.073580
121.501250 2007 1154.884880 27.070842 2905.182982 68.989808 0.146261 0.009385 -53.212794 1.049794 -10.187898 1.792107 34.015368 2.534421 62.950385 nan 3.871821 0.000133 719.164560 0.074066
128.501250 2007 476.613462 12.642295 1138.421716 99.107211 0.132051 0.003109 -49.331578 0.987852 -9.692776 1.306996 31.035814 1.626141 60.044060 nan 3.871835 0.000134 719.157319 0.074619
135.501250 2007 165.015883 3.813406 426.249069 26.037669 0.104111 0.011853 -43.335925 1.306727 -10.839624 1.531075 25.565842 1.755423 41.627112 nan 3.871843 0.000134 719.152957 0.074930
142.501250 2007 1159.295468 37.971278 4909.096389 251.738718 0.149889 0.010469 -44.979134 1.041413 -8.603812 1.543614 29.987894 2.045815 56.374386 nan 3.871850 0.000135 719.148780 0.075428
149.501250 2007 1769.102828 40.655202 3846.901912 135.255345 0.142201 0.002642 -41.047210 0.900345 -6.909744 0.969434 28.258418 1.038522 54.908640 nan 3.871859 0.000136 719.144123 0.076027
156.501250 2007 1079.779882 27.759700 3216.152429 119.726771 0.129167 0.003044 -37.720622 0.951084 -5.838170 0.938328 26.023428 0.925573 48.920210 nan 3.871861 0.000138 719.143274 0.076624
163.501250 2007 588.635624 13.197332 1603.245800 65.349534 0.133230 0.002642 -34.544009 0.797371 -3.908000 0.811933 27.279431 0.826494 48.379565 nan 3.871864 0.000138 719.142005 0.076925
170.501250 2007 373.541072 8.319009 1004.141683 72.290239 0.146902 0.008853 -32.399542 0.669630 -2.503345 1.282831 29.447267 1.896032 47.265626 nan 3.871865 0.000139 719.141127 0.077383
177.501250 2007 227.153555 5.531357 543.772476 46.267523 0.116564 0.005322 -28.110631 1.178543 0.318824 1.085415 28.397721 0.992286 42.487944 nan 3.871865 0.000140 719.141460 0.077888
184.501250 2007 212.388497 5.674783 665.595035 56.932681 0.063996 0.032182 -26.388633 2.378554 2.944745 2.316927 32.370700 2.255299 31.701259 nan 3.871863 0.000141 719.142937 0.078359
191.501250 2007 421.122457 15.778185 1639.085200 226.690584 0.146111 0.014413 -25.780746 2.841864 5.964568 2.303714 34.413960 1.765563 43.022595 nan 3.871862 0.000141 719.143477 0.078521
198.501250 2007 602.620865 14.492238 1488.304131 54.336200 0.138786 0.002407 -27.990286 1.087426 5.781621 0.910401 37.788631 0.733377 53.603709 nan 3.871858 0.000142 719.145741 0.078912
205.501250 2007 290.987296 6.632298 771.778218 45.974727 0.137346 0.001842 -28.016962 1.084274 6.881553 0.914262 40.580766 0.744249 55.942142 nan 3.871853 0.000142 719.148610 0.079327
212.501250 2007 336.812598 8.288629 1046.156835 49.954344 0.143519 0.002485 -43.855013 1.506544 7.706745 1.133746 44.298395 0.760947 60.822152 nan 3.871849 0.000143 719.151232 0.079687
219.501250 2007 490.884781 12.891499 1267.540983 81.941923 0.137346 0.002929 -35.260297 1.583848 8.343546 1.155126 45.760503 0.726405 62.165399 nan 3.871843 0.000143 719.154676 0.079786
226.501250 2007 311.382480 7.373745 820.409491 44.019898 0.136004 0.001787 -35.944279 1.387091 8.433746 1.000314 45.185585 0.613536 64.592931 nan 3.871838 0.000144 719.157560 0.080101
240.501250 2007 246.342544 6.804004 848.554018 45.604107 0.111494 0.010724 -40.766668 3.862982 9.858044 3.052563 49.025594 2.242145 58.737287 nan 3.871830 0.000145 719.161858 0.080680
247.501250 2007 732.010570 17.260971 1876.955975 57.419951 0.140124 0.002799 -45.382713 1.618829 5.590948 1.191184 49.603034 0.763538 73.179160 nan 3.871831 0.000145 719.161420 0.080676
254.501250 2007 335.290985 7.725080 943.049702 42.848094 0.124794 0.002353 -44.023465 1.453246 3.905443 1.236184 47.359589 1.019122 67.939040 nan 3.871829 0.000145 719.162907 0.080806
261.501250 2007 177.118545 4.248669 433.374826 20.286228 0.103909 0.003421 -46.459804 1.753593 2.572799 1.528666 44.392119 1.303739 57.926204 nan 3.871837 0.000145 719.158569 0.080921
275.501250 2007 938.751752 21.247938 2427.073754 66.792686 0.148718 0.009575 -48.866597 0.999306 -3.924399 1.878006 44.257654 2.756705 72.659278 nan 3.871846 0.000145 719.153296 0.080617
289.501250 2007 338.661680 8.432212 864.741689 47.869302 0.105342 0.004217 -45.154840 1.320144 -5.721139 1.505349 38.556932 1.690553 56.641250 nan 3.871866 0.000144 719.141769 0.080480
296.501250 2007 488.042104 13.048295 1160.160266 86.779768 0.161458 0.016087 -46.736346 1.063946 -10.677134 2.339588 40.168072 3.615230 61.366915 nan 3.871868 0.000144 719.140545 0.080299
303.501250 2007 571.299217 14.627971 1535.417018 75.536341 0.153588 0.013567 -46.945369 0.831773 -10.301894 1.918283 36.499528 3.004794 61.863024 nan 3.871877 0.000144 719.135697 0.080011
310.501250 2007 188.962551 4.167549 514.691071 15.173415 0.111432 0.001697 -43.755161 0.787750 -9.213576 1.061677 30.581451 1.335604 53.645899 nan 3.871885 0.000143 719.131181 0.079936
317.501250 2007 161.600736 3.276159 338.585187 15.670144 0.137333 0.014397 -43.124564 1.129259 -10.549844 1.801194 32.149908 2.473129 49.674791 nan 3.871894 0.000143 719.126220 0.079887
324.501250 2007 727.848675 25.976992 2803.849435 511.508904 0.151556 0.013453 -42.921084 1.123593 -9.204668 1.917282 37.393986 2.710972 52.245726 nan 3.871900 0.000143 719.122996 0.079731
331.501250 2007 521.791392 11.088969 1162.550617 49.574970 0.149667 0.013189 -39.816878 0.876235 -8.522920 1.680797 30.871818 2.485358 48.749635 nan 3.871905 0.000143 719.119606 0.079518
338.501250 2007 281.346137 6.298263 647.147393 12.134759 0.107716 0.002024 -34.431847 0.808308 -5.147030 0.836856 24.489051 0.865404 42.489769 nan 3.871906 0.000143 719.119104 0.079443
345.501250 2007 281.039978 6.966179 875.312571 54.444756 0.144213 0.018841 -33.810827 1.850775 -5.551507 2.537018 29.042786 3.223261 36.369477 nan 3.871912 0.000142 719.115772 0.079372
352.501250 2007 694.105558 22.114872 2117.785366 263.530576 0.188762 0.024959 -30.010072 0.762828 -9.546743 2.857311 28.867059 4.951795 31.570786 nan 3.871907 0.000142 719.118583 0.079173
359.501250 2007 371.504305 7.483421 967.679762 29.169508 0.161343 0.016188 -28.504766 3.334643 5.156803 2.048839 29.669447 0.763035 41.053495 nan 3.871912 0.000142 719.115963 0.078963
1.501250 2008 232.651228 5.341771 544.307374 26.114110 -12.502586 12.585631 -29.870213 1.345193 4.738672 1.087581 30.855343 0.829969 37.995188 nan 3.871908 0.000142 719.118058 0.078909
8.501250 2008 412.611555 9.474952 1259.489520 33.861638 0.205026 0.023096 -31.863489 4.054415 12.064464 2.464327 38.345518 0.874239 40.669119 nan 3.871904 0.000142 719.120471 0.078906
15.501250 2008 557.846133 11.922471 1414.890981 40.844934 0.177273 0.019877 -26.241943 3.215745 11.012598 1.986576 40.855820 0.757408 47.307954 nan 3.871897 0.000141 719.123869 0.078782
22.501250 2008 394.968155 8.478286 992.057148 47.532122 0.173990 0.019670 -32.647985 3.114789 12.139908 1.872503 41.523851 0.630218 50.246049 nan 3.871892 0.000141 719.126793 0.078776
29.501250 2008 367.555641 12.616954 930.802549 131.038100 0.145833 0.013826 -27.846738 2.179338 10.850081 1.429261 42.924485 0.679185 53.806521 nan 3.871881 0.000142 719.132823 0.078925
36.501250 2008 570.163356 13.353996 1525.886880 64.536317 0.155440 0.013617 -35.472280 2.445492 10.793749 1.560209 45.501358 0.674926 60.376867 nan 3.871875 0.000142 719.136229 0.079138
43.501250 2008 691.631153 14.969655 1776.592188 55.040632 0.167245 0.016469 -38.095487 3.215229 11.109263 2.074219 49.110825 0.933210 63.702125 nan 3.871833 0.000142 719.160024 0.079181
50.501250 2008 557.535978 11.432739 1281.496965 48.265430 0.140432 0.002378 -37.591595 1.472309 7.450227 1.182243 52.003428 0.892177 70.231583 nan 3.871719 0.000142 719.223230 0.079311
57.501250 2008 704.262056 22.282895 2093.733335 282.886191 0.139850 0.009329 -44.985950 2.385621 7.300409 1.770081 55.607590 1.154541 67.271203 nan 3.871724 0.000143 719.220731 0.079623
64.501250 2008 875.034445 20.649264 2300.656196 74.809192 0.135700 0.002972 -40.493640 1.349065 4.624463 1.282680 51.471645 1.216296 72.025522 nan 3.871725 0.000143 719.220097 0.079929
71.501250 2008 1148.057345 26.480644 3053.466636 180.059295 0.139198 0.004026 -51.455094 1.968340 2.889540 1.711659 54.812829 1.454978 74.720134 nan 3.871725 0.000144 719.220254 0.080032
78.501250 2008 832.267246 19.315734 2072.309973 115.232306 0.137346 0.002346 -43.737322 1.242072 0.752527 1.333502 50.333818 1.424932 74.419065 nan 3.871725 0.000144 719.220318 0.080292
85.501250 2008 1157.151629 36.325318 3895.599960 426.821745 0.141773 0.009632 -44.697883 2.698973 -0.223741 2.324980 50.499367 1.950987 69.362460 nan 3.871735 0.000145 719.214836 0.080614
92.501250 2008 1644.098540 39.554423 4017.951500 138.410355 0.138889 0.002718 -47.826255 1.031871 -2.895104 1.347759 43.352103 1.663648 73.372148 nan 3.871739 0.000145 719.212919 0.080930
99.501250 2008 1001.103625 20.196022 2119.888040 55.592683 0.151282 0.009704 -51.448615 1.084104 -5.261988 1.841346 43.658971 2.598589 71.580107 nan 3.871748 0.000146 719.207994 0.081081
106.501250 2008 650.450513 13.510501 1339.234626 61.778802 0.138580 0.003146 -50.622577 0.922416 -6.093887 1.270254 40.098149 1.618091 69.498948 nan 3.871758 0.000146 719.202572 0.081475
113.501250 2008 733.973826 23.054632 2932.207407 240.092417 0.128909 0.003036 -47.062850 0.805405 -7.257735 1.145754 35.811214 1.486102 62.845710 nan 3.871770 0.000147 719.196051 0.081950
120.501250 2008 849.516140 19.710855 2348.012127 87.370422 0.137180 0.002984 -48.202909 0.830389 -7.223275 1.172545 34.057743 1.514701 63.027733 nan 3.871774 0.000148 719.193797 0.082449
127.501250 2008 525.118145 9.992343 1086.271630 29.610860 0.142308 0.001987 -44.300580 0.767545 -6.863527 1.036310 31.396108 1.305075 61.821967 nan 3.871787 0.000149 719.186931 0.082808
134.501250 2008 248.942319 5.381638 597.257887 14.432062 0.110256 0.002221 -39.007003 0.828016 -7.261868 0.930035 25.298875 1.032054 47.701137 nan 3.871789 0.000150 719.185844 0.083369
141.501250 2008 282.395358 6.769543 710.371284 50.545447 0.120620 0.005708 -38.810171 1.043146 -5.795847 1.292722 30.982681 1.542299 48.211891 nan 3.871798 0.000151 719.180938 0.083945
148.501250 2008 205.896791 4.607142 553.689822 28.495188 0.146581 0.009211 -36.313493 0.681783 -4.789983 1.206558 28.008275 1.731332 50.979982 nan 3.871797 0.000152 719.181926 0.084474
155.501250 2008 166.413059 3.928715 481.848365 27.405218 0.108642 0.020029 -34.023586 0.710728 -2.969846 1.198934 27.947898 1.687140 47.382279 nan 3.871801 0.000152 719.179917 0.084836
162.501250 2008 139.462338 3.295141 416.481412 25.689525 0.129012 0.006694 -30.200315 1.847546 -0.137195 1.722399 29.571744 1.597252 46.407517 nan 3.871805 0.000153 719.177703 0.085338
169.501250 2008 633.751297 14.185102 1555.373558 58.144477 0.170833 0.016108 -28.235922 3.455504 4.977398 2.029050 31.778582 0.602596 43.203686 nan 3.871807 0.000154 719.177030 0.085818
176.501250 2008 290.487843 6.358543 788.552384 33.611697 0.131687 0.003043 -25.669090 0.887960 3.910664 0.880880 34.446943 0.873800 47.505309 nan 3.871800 0.000155 719.180732 0.086239
196.066944 2008 504.167501 14.338612 1338.614562 36.499823 0.159630 0.015874 -29.893299 3.169546 9.988270 2.219910 43.345210 1.270275 52.724605 nan 3.871550 0.000204 719.320867 0.113565
204.500278 2008 348.656725 9.319735 1007.564216 64.325451 0.137860 0.002331 -37.323192 1.468842 9.474968 1.193084 46.258618 0.917326 58.412143 nan 3.871778 0.000157 719.193694 0.087742
211.069722 2008 163.427500 3.775526 438.355782 21.366205 0.138510 0.011352 -30.663371 2.398023 11.996222 1.675434 45.322190 0.952845 54.953832 nan 3.871558 0.000170 719.316782 0.094466
218.500278 2008 80.797844 1.902251 189.226343 5.960240 -0.631173 0.196950 -19.050108 2.098640 15.102439 1.441652 40.290767 0.784664 33.108840 nan 3.871765 0.000159 719.201372 0.088393
225.500278 2008 451.700752 12.117047 1138.286064 74.203924 0.141346 0.001920 -41.022703 1.592456 9.820204 1.202680 49.935516 0.812904 68.952662 nan 3.871769 0.000159 719.199444 0.088743
232.500278 2008 330.827761 9.629842 948.330651 76.648128 0.134671 0.002629 -40.303312 1.530644 9.034706 1.181479 50.677140 0.832315 68.604579 nan 3.871764 0.000160 719.201997 0.088979
239.500278 2008 134.135213 3.076065 344.519005 12.985056 0.111831 0.002020 -36.083018 1.513203 8.788531 1.266139 49.102449 1.019076 60.172347 nan 3.871764 0.000160 719.202376 0.089129
246.500278 2008 430.613836 16.296614 2075.026700 133.643018 0.103571 0.007178 -47.176987 2.365050 4.634007 2.872165 50.308930 3.379281 56.717591 nan 3.871762 0.000160 719.203523 0.089302
253.500278 2008 324.992258 6.502303 768.638104 29.092852 0.146902 0.009737 -47.110877 2.771154 5.390099 1.887549 49.642555 1.003944 72.376123 nan 3.871767 0.000160 719.200830 0.089421
260.500278 2008 292.147863 8.549324 893.568736 59.631328 0.135791 0.010700 -45.496851 2.945400 3.123551 2.280294 46.552612 1.615188 66.969449 nan 3.871768 0.000160 719.200072 0.089376
274.500278 2008 270.704377 10.922532 1693.555050 98.232440 1.800806 0.250746 -43.763839 0.515584 -25.392201 2.945720 44.546723 5.375855 30.221344 nan 3.871784 0.000160 719.190989 0.089200
281.500278 2008 478.691060 17.560506 1439.776973 133.668568 0.139637 0.010730 -45.225404 0.774132 -6.063144 2.123406 44.260036 3.472679 66.417325 nan 3.871793 0.000160 719.185796 0.089116
288.500278 2008 575.106387 15.825321 1406.866655 103.838806 0.145333 0.009577 -44.684810 0.456140 -6.206521 1.572158 42.518578 2.688176 67.700709 nan 3.871805 0.000160 719.179080 0.088923
295.500278 2008 173.821056 3.692487 398.020830 25.654803 0.125641 0.002842 -43.208113 0.789046 -6.179208 1.158000 38.186712 1.526954 63.340837 nan 3.871812 0.000159 719.175496 0.088798
302.500278 2008 206.996418 5.673413 872.258359 47.819496 -0.232488 0.140291 -43.345521 1.879379 -10.042589 2.482670 39.195517 3.085960 44.413479 nan 3.871825 0.000159 719.168023 0.088715
309.500278 2008 148.283828 4.770650 435.352676 43.556410 0.015278 0.055597 -42.938745 3.333535 -3.823851 2.762617 34.253372 2.191698 48.818178 nan 3.871826 0.000159 719.167384 0.088656
316.500278 2008 251.020355 53.349727 656.991685 30.900453 0.054609 0.009193 -41.260652 3.183769 -7.080383 3.342085 33.256539 3.500401 22.381794 nan 3.871837 0.000159 719.161454 0.088487
322.028056 2008 135.464751 5.582442 445.277419 31.723870 0.010769 0.029388 -35.948665 3.996580 -7.540924 4.180533 29.960562 4.364486 16.713188 nan 3.871996 0.000210 719.072843 0.116860
337.500278 2008 81.786216 4.219295 251.166530 35.798696 1.602197 0.158716 -29.044717 2.397348 -7.243121 2.117124 29.602480 1.836900 29.985292 nan 3.871849 0.000158 719.154238 0.088169
365.030833 2008 48.597414 2.274995 203.488433 19.342033 -225.305889 25.201917 -24.280816 2.335056 8.729781 2.591533 38.237903 2.848009 36.229855 nan 3.871834 0.000168 719.162183 0.093720
34.500278 2009 126.259124 5.207249 487.024528 59.816245 2.207847 0.211737 -30.904737 3.040670 25.752341 2.626454 51.429425 2.212238 19.355274 nan 3.871814 0.000157 719.173667 0.087760
41.500278 2009 70.820519 5.392833 213.327375 30.107422 -3.266723 0.331083 -30.652180 3.018604 7.886511 2.732477 50.327556 2.446349 44.186811 nan 3.871808 0.000158 719.177084 0.087982
48.500278 2009 217.056514 6.388740 667.396142 48.267525 0.053788 0.009657 -34.534992 4.179355 10.177369 4.060439 54.213989 3.941523 23.698207 nan 3.871806 0.000158 719.178203 0.088210
55.500278 2009 92.922422 2.973025 320.990207 27.605646 -0.514203 0.118704 -38.633800 3.801578 10.010363 3.793568 51.965149 3.785559 28.391214 nan 3.871804 0.000159 719.179922 0.088463
62.500278 2009 75.706885 2.424894 278.481301 11.369054 -0.027935 0.023890 -40.627351 4.531016 4.715447 4.408159 51.480880 4.285303 14.796513 nan 3.871806 0.000159 719.178419 0.088581
69.500278 2009 120.711637 4.260310 413.004748 32.110118 0.272275 0.212505 -46.287020 4.213196 2.422969 4.109484 51.596552 4.005773 25.210229 nan 3.871809 0.000159 719.177023 0.088800
83.500278 2009 93.640307 2.913942 376.675391 15.663993 -0.001616 0.014972 -45.357366 4.216779 -3.459840 4.210431 44.681917 4.204084 12.561032 nan 3.871831 0.000160 719.164701 0.089248
97.500278 2009 67.873938 3.710756 632.880972 53.010329 0.044006 0.009235 -47.219634 6.503145 -5.410729 6.561301 40.959202 6.619458 17.871000 nan 3.871850 0.000161 719.154472 0.089803
104.500278 2009 84.568186 3.261337 354.113615 28.077698 -0.244547 0.075088 -43.696521 3.790721 -5.048213 3.736374 39.479749 3.682027 20.724953 nan 3.871856 0.000162 719.151656 0.090175
125.500278 2009 112.996624 5.953299 848.832590 98.112681 1.154594 0.254363 -36.327362 3.521182 -6.452823 3.691190 29.744136 3.861198 37.941569 nan 3.871883 0.000164 719.136691 0.091596
174.500278 2009 17.852113 1.159794 210.702329 13.295137 0.090783 0.110104 -28.867281 5.353991 7.622864 5.062188 39.949591 4.770385 10.635153 nan 3.871881 0.000170 719.139305 0.094809
181.500278 2009 226.882241 8.200267 737.809107 68.357540 -0.018642 0.031467 -31.823267 3.278982 6.008526 3.117757 41.521097 2.956532 22.076400 nan 3.871878 0.000171 719.141228 0.095207
195.500278 2009 69.016465 2.573703 309.639156 19.310514 1.370912 0.297314 -31.920319 4.016617 9.731994 3.524493 47.159824 3.032368 25.204639 nan 3.871863 0.000172 719.149909 0.096064
209.500278 2009 143.863285 3.380613 359.477455 22.811024 -0.053535 0.059232 -39.960576 4.036126 8.592594 3.916640 48.816503 3.797154 44.923815 nan 3.871852 0.000174 719.156319 0.096886
216.500278 2009 123.063788 3.788655 389.676113 28.785341 0.676720 0.301153 -38.705153 4.416503 9.080612 3.998433 52.551039 3.580363 32.343129 nan 3.871849 0.000175 719.158418 0.097327
230.500278 2009 102.769594 4.434650 704.404381 66.508826 2.041622 0.188979 -41.261115 3.356305 -11.973349 3.141489 53.532433 2.926673 30.158608 nan 3.871847 0.000176 719.159629 0.097904
237.500278 2009 43.694001 1.696792 188.654334 12.407694 -0.776507 0.119074 -38.925616 3.946677 19.470745 3.674923 53.256935 3.403169 9.947856 nan 3.871847 0.000176 719.159687 0.098048
293.500278 2009 102.442747 4.937359 835.012485 59.222812 0.327525 0.204406 -40.404715 6.912558 -7.447314 7.059301 38.681052 7.206043 34.830100 nan 3.871766 0.000174 719.204685 0.096931
300.500278 2009 131.925693 4.677230 539.811739 49.733815 -0.362424 0.078189 -41.661917 4.002500 2.287308 3.607670 38.941877 3.212840 22.277361 nan 3.871771 0.000174 719.201535 0.096964
307.500278 2009 108.994800 3.735832 436.017805 34.296794 -0.001566 0.010926 -37.956519 3.143530 -5.478274 3.227600 35.657777 3.311670 13.760025 nan 3.871777 0.000174 719.198353 0.096867
321.500278 2009 49.905519 1.967515 219.047744 12.944959 1.546893 0.299557 -37.063284 2.950912 2.295523 3.007154 30.858084 3.063396 17.326798 nan 3.871790 0.000173 719.191139 0.096634
328.500278 2009 47.324194 1.939132 215.190869 13.352945 -1.318788 0.202198 -33.202469 3.243974 13.718132 3.125309 33.202469 3.006644 8.319793 nan 3.871792 0.000173 719.190119 0.096564
19.500278 2010 96.258429 3.814815 398.680033 42.522774 2.067907 0.210233 -25.995289 2.146565 14.831754 2.205795 51.652547 2.265026 49.412671 nan 3.871745 0.000173 719.215901 0.096147
47.500278 2010 189.787892 6.841557 690.469870 61.764390 1.989476 0.371915 -43.639368 4.136714 -1.349114 3.966075 54.996428 3.795435 30.553588 nan 3.871738 0.000174 719.219846 0.096845
68.500278 2010 104.321212 4.159865 462.460388 42.892994 0.991182 0.333285 -41.394602 3.548255 2.190884 3.547243 49.131852 3.546232 30.421299 nan 3.871758 0.000175 719.208878 0.097270
75.500278 2010 66.796075 2.437301 263.771457 17.042564 -1.014751 0.169021 -40.356805 3.763378 0.499078 3.738361 48.649769 3.713345 30.553306 nan 3.871767 0.000175 719.204188 0.097474
89.500278 2010 125.725390 5.143956 471.560348 54.806152 0.081019 0.277274 -45.875803 3.353949 -11.532022 4.110075 42.448218 4.866200 40.143651 nan 3.871784 0.000176 719.194724 0.098004
96.500278 2010 4325.917097 135.644821 16005.635087 1042.676032 0.133547 0.003886 -42.413128 0.940075 -2.091786 1.246415 40.909092 1.552756 68.023461 nan 3.871794 0.000177 719.189503 0.098397
103.500278 2010 1903.589313 70.781688 6994.609429 992.143069 0.128419 0.002953 -42.326339 0.876195 -3.357187 0.978984 37.556482 1.081773 63.374549 nan 3.871805 0.000177 719.183485 0.098784
110.500278 2010 358.565650 9.527883 1360.585796 74.981960 0.113782 0.002950 -35.875009 0.749151 -3.206796 0.908116 32.885540 1.067082 54.609859 nan 3.871813 0.000178 719.179591 0.099288
124.500278 2010 1543.853460 42.924292 4602.809714 492.253840 0.100090 0.015143 -37.278692 2.106567 -2.933389 2.601687 33.516951 3.096806 48.847264 nan 3.871832 0.000180 719.169384 0.100181
131.500278 2010 994.474955 22.978924 2336.262500 72.765169 0.131276 0.002375 -34.583147 0.702063 -1.015430 0.724065 33.444517 0.746066 53.612444 nan 3.871838 0.000181 719.166223 0.100659
138.500278 2010 472.128322 11.689766 1365.500057 75.198221 0.130769 0.010319 -29.350810 0.692648 -0.558858 1.461536 32.256949 2.230424 45.846839 nan 3.871976 0.000173 719.087167 0.096524
145.500278 2010 336.746897 16.215063 1183.886882 245.537621 0.088272 0.004938 -26.170436 1.106345 3.007021 1.039486 30.984737 0.972627 34.946597 nan 3.871837 0.000182 719.167177 0.101507
152.500278 2010 1513.918194 34.502842 3460.338487 133.725838 0.138272 0.001941 -27.236682 0.757045 4.536896 0.812592 36.434050 0.868139 51.187987 nan 3.871831 0.000183 719.170694 0.102015
159.500278 2010 763.616351 17.302524 1715.653333 63.038226 0.128704 0.002011 -24.500751 0.994688 6.949991 0.883587 37.051695 0.772487 48.378787 nan 3.871833 0.000184 719.169597 0.102389
166.500278 2010 489.722821 10.497934 1011.661895 50.400778 0.127263 0.003100 -25.909956 1.216085 8.992029 1.105104 43.731852 0.994123 48.495390 nan 3.871820 0.000185 719.176981 0.102874
173.500278 2010 272.641855 5.411206 595.317944 15.827969 0.124280 0.002854 -24.876305 1.434323 11.289641 1.159434 43.590230 0.884546 48.827147 nan 3.871815 0.000185 719.179961 0.103181
180.500278 2010 456.453597 9.627380 1161.456613 42.396587 0.152111 0.009955 -29.979176 2.074222 12.776077 1.613858 48.683037 1.153494 54.920720 nan 3.871809 0.000186 719.183590 0.103675
187.500278 2010 240.764081 5.290275 684.865473 31.560883 0.133440 0.001807 -27.833966 1.458507 13.516724 1.222702 48.421412 0.986897 56.778414 nan 3.871804 0.000187 719.186870 0.104099
194.500278 2010 156.040884 3.296595 410.929163 14.739116 0.120268 0.003288 -28.702597 1.702652 15.216951 1.370394 50.607483 1.038136 54.646633 nan 3.871794 0.000188 719.192729 0.104554
208.500278 2010 328.264055 9.369102 1261.323100 70.610689 0.087037 0.032387 -51.990421 3.504966 8.422257 4.640947 55.961556 5.776928 59.059351 nan 3.871782 0.000189 719.199324 0.105387
215.500278 2010 1211.624651 43.537589 6422.141118 516.129792 0.133539 0.003292 -35.086678 1.665202 13.985131 1.379518 56.750121 1.093833 68.843415 nan 3.871786 0.000190 719.197465 0.105745
222.500278 2010 775.121100 21.173550 2389.889724 218.902305 0.129630 0.001973 -35.561129 1.441643 12.437092 1.175677 57.560772 0.909711 69.549873 nan 3.871781 0.000190 719.200695 0.106042
229.500278 2010 331.205292 7.568676 986.114903 28.534762 0.119445 0.002879 -36.440130 1.506679 10.916293 1.282676 52.896661 1.058673 66.387029 nan 3.871786 0.000191 719.197525 0.106158
236.500278 2010 515.040086 13.461946 1522.792263 79.341438 0.127030 0.012135 -40.465347 3.601201 10.462770 2.847832 52.968410 2.094463 63.636554 nan 3.871790 0.000191 719.195583 0.106349
243.500278 2010 435.839401 9.268447 1167.386561 49.362100 0.140535 0.002526 -41.706230 0.921552 6.469749 1.045337 53.120130 1.169123 78.688226 nan 3.871801 0.000191 719.189665 0.106412
250.500278 2010 233.511963 5.055085 491.616081 28.070388 0.146889 0.013194 -38.880430 3.550014 7.000546 2.382846 51.768315 1.215679 68.556325 nan 3.871808 0.000191 719.185773 0.106411
257.500278 2010 179.346722 4.770487 505.021818 45.314454 0.102671 0.020817 -38.763075 1.188379 1.825636 1.699662 51.865650 2.210945 69.402852 nan 3.871819 0.000191 719.179454 0.106301
264.500278 2010 134.139388 4.966340 562.274522 69.776545 -1.503000 0.344896 -38.994203 2.567169 -1.003466 2.473569 48.865643 2.379969 57.346379 nan 3.871831 0.000191 719.172868 0.106345
271.500278 2010 119.162428 3.768864 402.057508 30.759126 0.002305 0.019430 -42.396311 4.407020 -1.585714 4.406463 46.570592 4.405906 15.108710 nan 3.871839 0.000191 719.168113 0.106370
285.500278 2010 510.522207 15.437630 1610.968509 118.222651 2.666534 0.416134 -39.968990 0.601600 -16.986368 2.625928 43.049358 4.650255 37.492388 nan 3.871861 0.000191 719.156128 0.106211
292.500278 2010 263.358387 14.649510 855.434919 195.660410 0.044241 0.013444 -43.970856 3.469873 -1.677045 3.397720 41.815621 3.325566 29.941457 nan 3.871869 0.000191 719.151476 0.106265
299.500278 2010 586.878378 15.112333 1456.398775 95.924792 0.178744 0.018294 -39.736090 0.596862 -8.434581 2.769016 40.651712 4.941171 51.860593 nan 3.871884 0.000191 719.143176 0.106228
306.500278 2010 205.327803 4.682859 486.363479 23.980832 0.100926 0.002468 -31.243396 0.741875 -1.355540 0.774283 30.727078 0.806692 46.062626 nan 3.871884 0.000190 719.143168 0.106093
313.500278 2010 308.432771 11.826293 1504.072222 158.828236 0.106444 0.015753 -26.425064 2.755003 2.711778 2.004370 30.140608 1.253737 33.564557 nan 3.871891 0.000190 719.139247 0.105929
320.500278 2010 247.732539 5.266120 616.111295 33.425758 0.187752 0.021226 -33.102362 4.848822 7.823048 2.816133 34.980865 0.783443 41.017275 nan 3.871889 0.000190 719.139986 0.105846
327.500278 2010 114.597067 2.339245 239.887575 10.279713 0.122756 0.011118 -27.198382 2.605949 5.538981 1.830391 34.404463 1.054834 42.351983 nan 3.871884 0.000190 719.143070 0.105742
341.500278 2010 26.172106 1.318259 186.203123 12.753543 0.997531 0.250389 -31.774243 4.633124 6.638064 4.397519 40.227717 4.161914 24.371935 nan 3.871871 0.000189 719.149985 0.105329
348.500278 2010 147.527836 4.843370 534.537113 43.384437 -0.019312 0.031169 -36.907281 3.654050 6.910741 3.531729 43.395276 3.409408 14.311380 nan 3.871864 0.000189 719.153631 0.105272
4.500278 2011 68.680403 3.126538 246.915145 35.101210 -3.461300 0.290861 -26.142339 1.477906 13.418284 1.534920 51.135752 1.591934 12.685680 nan 3.871843 0.000189 719.165294 0.105206
11.500278 2011 177.770101 4.564513 588.128032 20.853399 0.065246 0.013059 -35.069973 4.368131 15.301576 4.003016 55.101317 3.637900 19.622684 nan 3.871841 0.000189 719.166851 0.105365
32.500278 2011 230.097563 18.285334 1005.986162 326.617609 2.019345 0.272899 -52.531552 3.087376 4.009976 3.134941 58.646823 3.182507 28.086771 nan 3.871826 0.000190 719.175462 0.105830
39.500278 2011 419.331898 10.823884 1212.349718 64.670878 0.129218 0.002876 -34.114422 1.388855 12.331715 1.329810 59.347593 1.270764 71.200744 nan 3.871830 0.000190 719.173137 0.105995
46.500278 2011 209.712810 5.365454 526.003271 35.056627 0.110824 0.006024 -32.795933 2.042048 9.746569 2.562020 53.801374 3.081992 63.182890 nan 3.871833 0.000191 719.171280 0.106147
53.500278 2011 117.446447 4.032520 469.556527 25.940353 0.024647 0.003494 -37.636101 4.338200 8.274754 4.268452 57.188156 4.198705 15.151894 nan 3.871847 0.000190 719.163568 0.106129
60.500278 2011 838.548297 27.666994 3173.037240 210.902096 -0.663513 0.273878 -44.419339 3.030076 -0.203896 2.931705 54.035581 2.833334 60.836121 nan 3.871855 0.000191 719.159139 0.106315
67.500278 2011 993.036164 30.119135 2667.729900 301.198750 0.122428 0.003937 -39.920506 1.263033 3.998399 1.484371 50.937326 1.705709 70.094220 nan 3.871867 0.000191 719.152824 0.106556
74.500278 2011 819.788177 22.541456 2618.271429 243.512574 0.127564 0.003393 -40.020271 0.924522 1.778316 1.243955 49.098215 1.563388 71.759699 nan 3.871874 0.000192 719.149251 0.106834
81.500278 2011 251.934244 5.201667 561.010010 29.667194 0.129273 0.004397 -44.128372 1.238339 0.179057 1.469640 47.617858 1.700940 70.762639 nan 3.871889 0.000192 719.140634 0.106999
95.500278 2011 815.216889 21.470061 2212.061812 146.885310 0.112202 0.011735 -40.261264 1.389152 -3.891262 2.485031 41.247081 3.580911 61.194963 nan 3.871911 0.000194 719.128758 0.107919
109.500278 2011 326.828920 7.589819 738.327923 39.279287 0.120062 0.001725 -33.532844 0.456275 -1.349907 0.664964 34.988292 0.873653 57.182432 nan 3.871932 0.000195 719.117922 0.108745
123.500278 2011 1360.523093 31.588629 2848.133349 129.043172 0.149038 0.009369 -34.943614 2.446172 1.768146 1.566844 37.169585 0.687517 56.684958 nan 3.871895 0.000197 719.138920 0.109500
130.500278 2011 636.108677 15.080504 1525.195765 74.360964 0.127572 0.001475 -28.774199 0.767211 2.230412 0.704073 33.498298 0.640935 52.737236 nan 3.871770 0.000196 719.208280 0.109015
137.500278 2011 379.434102 7.718278 785.947733 29.326640 0.130247 0.002763 -28.630221 0.839156 3.791784 0.837858 36.517391 0.836561 51.898696 nan 3.871764 0.000196 719.211396 0.109334
144.500278 2011 323.753584 18.540648 1198.035550 372.496675 0.086111 0.004003 -21.294543 1.168189 7.222448 1.071488 35.108715 0.974788 35.104850 nan 3.871761 0.000197 719.213641 0.109854
158.500278 2011 679.102489 19.607340 1717.178337 197.517345 0.130342 0.002416 -26.877987 1.476653 10.438293 1.224869 46.347310 0.973084 50.759434 nan 3.871752 0.000199 719.218890 0.110791
165.500278 2011 265.177945 5.642038 642.211726 34.910064 0.132692 0.001987 -25.943513 1.335394 12.020211 1.159050 46.861537 0.982705 53.040895 nan 3.871741 0.000199 719.225070 0.111135
172.500278 2011 358.758975 10.910969 1602.669064 95.290971 0.134000 0.011876 -29.078321 2.886103 15.681580 2.104142 49.138548 1.322181 50.709500 nan 3.871735 0.000201 719.229030 0.111733
179.500278 2011 346.008177 8.523577 1013.846250 43.398720 0.132692 0.002830 -28.999631 1.613912 14.971438 1.381748 51.510405 1.149584 57.409408 nan 3.871723 0.000202 719.235798 0.112309
186.500278 2011 436.034053 12.942195 1133.672580 86.027449 0.127057 0.002541 -29.908639 1.684997 16.447998 1.401124 53.810535 1.117251 58.102313 nan 3.871720 0.000202 719.237982 0.112784
193.500278 2011 331.574748 7.050814 898.340314 27.610438 0.148611 0.009470 -32.620886 2.061218 16.220791 1.594359 57.737288 1.127500 65.508163 nan 3.871712 0.000203 719.242620 0.113178
200.500278 2011 401.416666 10.339593 1256.333376 79.452807 0.134829 0.002542 -36.941949 1.743069 15.800614 1.386103 57.989100 1.029138 68.014831 nan 3.871710 0.000204 719.243822 0.113725
207.458611 2011 313.657652 7.210939 907.494553 41.034805 0.132372 0.002112 -32.776941 1.493300 15.217405 1.231343 59.266014 0.969385 69.901514 nan 3.871852 0.000206 719.164817 0.114578
214.500278 2011 389.997833 18.876312 1391.474735 308.024572 0.043280 0.040008 -50.463394 3.562136 11.873635 3.868490 57.873206 4.174845 61.799474 nan 3.871715 0.000205 719.241425 0.114441
221.500278 2011 585.384007 13.739410 1309.506923 122.051698 0.139300 0.002389 -38.646739 1.244314 12.444243 1.062922 57.762193 0.881530 77.286278 nan 3.871723 0.000206 719.237289 0.114591
228.500278 2011 323.314079 6.718788 709.624980 31.445630 0.133848 0.002268 -37.408888 1.212830 10.713407 1.116834 55.667038 1.020838 76.212344 nan 3.871723 0.000206 719.237474 0.114852
242.500278 2011 62.891680 2.130491 150.908338 20.076817 -0.997321 0.591792 -39.092972 5.241153 9.731812 4.130405 55.819824 3.019657 58.075257 nan 3.871742 0.000206 719.226722 0.114993
249.500278 2011 450.650280 26.890260 1300.334081 301.022494 0.068994 0.007410 -39.779932 4.694893 4.335484 4.668909 55.684801 4.642924 39.664169 nan 3.871751 0.000206 719.221878 0.114985
256.500278 2011 1769.072964 47.427300 5627.577034 288.037688 0.121296 0.009119 -41.989085 2.738110 3.998237 2.231286 53.619483 1.724462 72.770625 nan 3.871765 0.000207 719.214074 0.115105
263.500278 2011 490.426813 17.908861 1820.639556 301.874124 0.117628 0.003976 -38.226415 1.008579 0.747497 1.413881 51.158476 1.819183 67.287694 nan 3.871779 0.000207 719.206059 0.115213
270.500278 2011 1151.439448 36.682808 5198.703045 327.817083 0.099521 0.012871 -43.937524 1.633249 -2.320479 2.598203 52.655531 3.563156 59.276495 nan 3.871790 0.000207 719.200139 0.115130
277.500278 2011 817.853523 19.768327 2013.249474 178.329570 0.150000 0.012677 -40.200834 3.871671 1.564440 2.699337 48.280513 1.527004 63.759942 nan 3.871793 0.000207 719.198496 0.115152
284.500278 2011 277.386183 7.089534 728.631100 54.343039 0.105060 0.008818 -40.729369 0.824171 -3.183199 1.506410 43.312787 2.188649 57.296991 nan 3.871811 0.000207 719.188736 0.115212
290.089167 2011 95.734531 2.405144 228.763757 13.848823 0.000992 0.053845 -34.906875 2.983824 -3.025210 3.199812 34.886996 3.415801 24.652350 nan 3.872167 0.000268 718.990197 0.149137
298.500278 2011 421.398775 17.238909 2010.248335 299.051050 -0.139484 0.088382 -31.705731 3.139384 1.529664 3.127233 32.121201 3.115083 38.652419 nan 3.871819 0.000206 719.183890 0.115003
305.500278 2011 523.489770 17.661722 1673.138222 172.474733 0.070620 0.041758 -33.276577 0.647747 -1.904718 1.941562 34.388720 3.235378 47.311623 nan 3.871817 0.000206 719.184734 0.114940
312.500278 2011 219.717048 5.030392 576.131653 38.690901 0.118107 0.002280 -29.514165 0.854389 2.703290 0.759519 32.684245 0.664650 50.409295 nan 3.871822 0.000206 719.182038 0.114863
326.500278 2011 56.531220 1.587088 135.260221 11.134370 1.327257 0.275510 -23.779184 2.396337 20.240409 1.488480 38.059164 0.580622 29.787163 nan 3.871815 0.000205 719.186081 0.114385
333.500278 2011 163.810296 4.953709 565.572147 41.911476 0.068210 0.012019 -24.284451 3.485597 9.932581 3.370299 41.086260 3.255001 22.860773 nan 3.871803 0.000205 719.192437 0.114293
354.500278 2011 25.586592 1.165810 138.022062 8.215923 1.769444 0.148686 -46.579883 3.798264 -17.355771 3.177463 48.608576 2.556662 21.819340 nan 3.871778 0.000205 719.206442 0.114006
10.500278 2012 72.364434 2.246811 285.608803 10.003831 0.018535 0.000912 -26.525855 4.098401 18.795848 3.958171 60.159624 3.817942 7.721803 nan 3.871758 0.000205 719.217619 0.114475
17.500278 2012 71.072806 2.424844 285.629563 15.802440 -0.124897 0.041555 -46.546611 4.284176 14.469430 4.212426 59.594157 4.140675 14.864392 nan 3.871764 0.000205 719.213992 0.114426
24.500278 2012 832.240436 25.519965 2949.209926 287.089425 0.074552 0.021900 -31.318282 3.260779 16.340453 2.975954 62.636670 2.691130 57.074835 nan 3.871758 0.000206 719.217825 0.114647
31.500278 2012 344.472915 8.221701 833.136754 45.481173 0.122942 0.002479 -28.946919 1.413641 14.621517 1.424605 61.547808 1.435568 70.159593 nan 3.871772 0.000206 719.210135 0.114809
38.500278 2012 292.855285 6.971939 826.491510 43.966167 0.131893 0.002941 -36.770854 1.381464 12.082309 1.436527 63.420225 1.491590 76.037459 nan 3.871770 0.000206 719.211275 0.114862
45.500278 2012 750.386637 24.057896 2523.866715 273.923778 0.121914 0.005720 -36.587729 2.341940 11.390851 2.101277 56.592676 1.860614 71.883526 nan 3.871779 0.000206 719.206179 0.114774
52.500278 2012 627.998021 16.898075 1579.558564 134.350720 0.121090 0.003323 -37.276956 1.513460 8.561420 1.484588 53.080352 1.455716 72.360312 nan 3.871789 0.000206 719.200766 0.114981
59.500278 2012 748.595662 26.504663 2398.698968 399.748522 0.126282 0.003756 -41.219856 1.128250 5.356886 1.490680 55.428261 1.853110 74.733147 nan 3.871802 0.000207 719.193611 0.115217
66.500278 2012 1431.164957 56.184002 6103.716750 1029.167104 0.146296 0.024028 -40.816818 3.838435 6.972958 2.821794 52.102179 1.805154 68.029079 nan 3.871815 0.000207 719.186298 0.115372
73.500278 2012 1729.678501 50.999790 6762.781036 521.780870 0.123354 0.009642 -41.072153 2.503001 3.710396 1.937266 51.744839 1.371530 72.632374 nan 3.871823 0.000207 719.181774 0.115480
80.500278 2012 1708.067436 45.000957 4953.552393 269.336601 0.131517 0.002651 -41.415229 0.693021 0.513018 0.961000 45.975771 1.228979 73.160726 nan 3.871833 0.000208 719.176491 0.115918
87.500278 2012 832.663353 22.201741 2757.814357 188.053298 0.124074 0.003716 -44.120312 0.900633 -0.091414 1.064344 45.640508 1.228055 66.755440 nan 3.871851 0.000209 719.166682 0.116410
94.500278 2012 692.955495 24.203012 2770.103355 451.454963 0.124486 0.003092 -38.042095 0.673157 -0.130909 0.796821 41.915115 0.920485 64.403312 nan 3.871857 0.000210 719.163623 0.116755
101.500278 2012 716.070217 20.135503 2133.914616 236.484663 0.121726 0.007905 -41.294752 0.847676 -1.233268 1.687782 41.130415 2.527888 61.638172 nan 3.871869 0.000210 719.157348 0.117066
108.386389 2012 432.689797 12.022733 1159.528974 64.775082 0.131636 0.002167 -35.681651 0.718257 0.527049 0.890716 39.424947 1.063174 62.384355 nan 3.871849 0.000256 719.168724 0.142787
116.203056 2012 2411.227876 81.636212 10996.836045 646.677898 0.129444 0.003122 -34.456050 0.986757 2.179429 0.961681 40.755220 0.936605 58.096278 nan 3.871674 0.000221 719.266094 0.123024
129.500278 2012 1038.188124 27.499993 3180.760765 163.373810 0.122016 0.002998 -28.989188 1.019189 5.137973 0.915138 37.679189 0.811088 51.531195 nan 3.871865 0.000213 719.160268 0.118835
136.500278 2012 682.731799 15.528290 1445.302483 63.176390 0.129938 0.001830 -28.194544 1.144975 7.010722 0.918433 38.508854 0.691890 53.287337 nan 3.871867 0.000214 719.159802 0.119348
143.500278 2012 650.653787 18.602242 1337.689898 142.268607 0.131790 0.002783 -31.701745 1.379073 8.911195 1.111892 42.277807 0.844711 53.217435 nan 3.871858 0.000215 719.164633 0.119858
150.469722 2012 263.940449 5.272210 586.384666 26.171713 0.125000 0.002124 -26.240027 1.358029 11.496097 1.129531 44.244649 0.901034 51.372908 nan 3.871791 0.000217 719.202557 0.120966
157.500278 2012 966.156726 23.250218 2523.336500 75.955086 0.131838 0.004584 -36.566434 2.300743 13.042358 1.707047 49.891287 1.113351 54.346001 nan 3.871843 0.000216 719.173609 0.120605
164.500278 2012 944.701981 26.414804 2693.868748 324.448783 0.129060 0.002281 -25.377136 1.545268 15.111370 1.326703 49.736971 1.108138 55.518077 nan 3.871834 0.000218 719.179197 0.121224
171.500278 2012 1272.649517 36.986977 4420.876179 393.292542 0.134259 0.003468 -28.233973 1.794040 16.010625 1.479717 52.858015 1.165394 59.044528 nan 3.871826 0.000219 719.183921 0.121848
178.294722 2012 511.053457 15.873203 1705.101300 279.751658 0.125333 0.002413 -27.493938 1.686299 17.538144 1.392470 55.583517 1.098642 58.937539 nan 3.871624 0.000227 719.296758 0.126604
192.500278 2012 1617.165264 45.205693 5013.547536 386.249772 0.126029 0.003686 -31.639311 1.820281 17.702004 1.463874 60.531251 1.107468 64.917194 nan 3.871814 0.000221 719.191605 0.123350
199.500278 2012 3420.259726 105.742960 14645.379448 717.507025 0.123045 0.004863 -34.552315 1.858775 17.372100 1.553928 63.230130 1.249081 66.262560 nan 3.871809 0.000222 719.194184 0.123802
206.500278 2012 1757.118237 50.381825 7258.923821 364.286679 0.145726 0.009542 -34.887984 2.064554 15.735130 1.460079 63.259792 0.855604 74.694467 nan 3.871815 0.000223 719.191186 0.123989
213.500278 2012 870.037003 23.667464 3345.452429 204.733193 0.126132 0.002369 -32.953514 1.336488 14.906387 1.150247 58.316437 0.964006 73.155277 nan 3.871814 0.000223 719.192059 0.124284
220.500278 2012 417.547412 9.654871 1131.689463 77.311082 0.125206 0.002143 -34.373723 1.018417 12.874824 1.119638 59.399152 1.220859 74.383990 nan 3.871827 0.000224 719.184582 0.124594
227.500278 2012 325.293882 8.006727 851.513353 51.905343 0.133222 0.009429 -36.573459 2.315635 11.798098 1.841373 59.976965 1.367111 72.950256 nan 3.871834 0.000224 719.180793 0.124750
234.500278 2012 396.916111 8.625683 981.613308 39.237239 0.143111 0.009805 -39.847684 2.674245 8.812252 2.135008 60.654975 1.595771 77.299140 nan 3.871850 0.000224 719.172164 0.124671
241.500278 2012 252.446780 5.368435 611.129418 34.462100 0.143111 0.010055 -38.786727 2.918682 7.109704 2.221648 59.672543 1.524614 77.569681 nan 3.871858 0.000224 719.167566 0.124837
248.500278 2012 1020.986427 35.103987 4719.783333 419.603489 0.105449 0.005486 -34.982116 2.530828 6.184129 2.173877 55.224430 1.816926 63.913111 nan 3.871875 0.000224 719.158327 0.125068
255.500278 2012 522.616098 11.939841 1289.284730 62.635937 0.124897 0.002052 -39.418827 0.486823 2.462297 0.992521 54.010372 1.498219 73.822191 nan 3.871886 0.000225 719.152076 0.125168
262.500278 2012 423.791173 12.456175 1096.734210 139.676784 0.138675 0.009282 -43.167815 2.893655 2.269189 2.185387 52.382048 1.477119 71.375404 nan 3.871904 0.000224 719.141956 0.125061
269.275278 2012 148.807937 2.989406 328.141284 17.801538 0.091667 0.030806 -37.019236 4.260477 3.048118 3.377278 42.094177 2.494078 46.280684 nan 3.872024 0.000233 719.075476 0.129854
276.500278 2012 403.567337 15.616832 1904.896982 386.874256 0.346811 0.235965 -38.247609 1.056522 -1.323487 1.822454 41.530338 2.588386 58.287950 nan 3.871920 0.000225 719.133441 0.125397
283.489167 2012 2555.919518 100.770681 13662.076043 1252.018459 0.112037 0.022795 -38.740418 4.505473 3.684470 3.653883 41.277879 2.802294 46.544086 nan 3.871875 0.000225 719.158310 0.125413
290.500278 2012 2479.290415 73.674997 9765.562107 742.850911 0.184848 0.020954 -36.174475 5.702493 8.179673 3.293898 38.425345 0.885303 49.380029 nan 3.871924 0.000225 719.130845 0.125125
304.500278 2012 795.041244 22.442859 2908.123786 144.585900 0.124444 0.014589 -26.718666 2.544150 6.198950 1.634898 36.759868 0.725645 44.248181 nan 3.871927 0.000225 719.129525 0.125134
311.500278 2012 333.189943 7.340691 732.012284 49.891570 0.126923 0.003350 -30.819872 1.201827 5.492133 0.984554 39.690414 0.767280 54.145306 nan 3.871921 0.000224 719.132398 0.124941
339.500278 2012 100.359460 2.193750 275.190403 5.497389 0.035537 0.017007 -17.231796 2.042670 15.782174 1.671421 43.692257 1.300171 29.194502 nan 3.871714 0.000221 719.247244 0.123352
15.353056 2013 264.686180 7.696170 889.593932 47.273439 0.545620 0.303439 -29.796466 3.862912 15.733176 4.365540 69.352181 4.868168 58.488522 nan 3.871685 0.000227 719.263564 0.126263
22.275278 2013 179.481351 4.673460 566.365680 32.332986 0.104067 0.008859 -29.889578 3.206077 14.284027 3.791548 62.980168 4.377018 60.407598 nan 3.871617 0.000230 719.301539 0.128316
29.197500 2013 313.652162 9.748294 868.593033 67.306999 0.125000 0.005539 -32.571506 1.432502 13.336486 1.958038 62.089659 2.483574 74.712673 nan 3.871950 0.000232 719.115491 0.129049
36.080833 2013 114.152104 3.661633 362.396737 35.860672 -0.257937 0.092852 -35.588390 4.962212 14.079691 4.661534 60.743035 4.360856 48.337152 nan 3.871849 0.000236 719.171720 0.131663
50.500278 2013 119.540143 4.013951 450.390164 31.891615 0.002604 0.015858 -41.014890 4.220372 5.939637 4.283261 52.578711 4.346149 26.152930 nan 3.871684 0.000224 719.264973 0.125032
57.500278 2013 377.192704 19.411273 1213.095328 259.545120 -0.166506 0.052425 -37.649256 4.266275 -0.835440 4.225096 53.462918 4.183917 20.409459 nan 3.871699 0.000225 719.256741 0.125386
64.500278 2013 472.964617 11.237978 1295.187822 55.326372 0.142333 0.009697 -41.633457 0.602935 1.552825 1.973280 52.631294 3.343625 76.238831 nan 3.871712 0.000226 719.249721 0.125736
71.500278 2013 189.404111 4.135174 418.471040 22.703648 0.105983 0.003674 -37.738021 1.216245 2.266654 1.287716 45.215321 1.359188 62.559803 nan 3.871722 0.000226 719.243948 0.126056
78.500278 2013 1497.217575 57.267946 6313.595000 1141.367274 0.133642 0.003510 -42.814671 0.961760 1.140184 1.128383 47.043783 1.295006 74.655033 nan 3.871734 0.000227 719.237701 0.126604
85.500278 2013 1136.966538 33.730275 3497.776179 400.892493 0.129321 0.002415 -40.173923 0.867461 0.910984 0.934282 44.683607 1.001103 70.053826 nan 3.871745 0.000228 719.231917 0.127188
92.500278 2013 905.774912 25.276139 2425.131036 287.554643 0.133745 0.002213 -41.254482 0.859257 0.859690 0.870214 45.398170 0.881170 69.242086 nan 3.871751 0.000229 719.228968 0.127654
99.500278 2013 285.309846 6.875600 844.052917 28.260212 0.102572 0.002593 -32.063535 0.945216 1.789820 0.857898 35.318842 0.770579 52.414775 nan 3.871754 0.000230 719.227645 0.127977
106.500278 2013 129.422753 3.335050 444.982766 18.678287 0.067078 0.002808 -21.894768 0.895743 3.339164 0.834105 29.399191 0.772468 33.670893 nan 3.871756 0.000231 719.226445 0.128512
113.500278 2013 481.579869 17.531891 1917.926890 128.422925 0.070165 0.019689 -35.971144 1.785998 3.821909 1.760953 38.294841 1.735908 40.547675 nan 3.871757 0.000231 719.226319 0.128938
120.500278 2013 1118.837193 37.317492 3445.935212 496.138484 0.136625 0.003423 -37.364229 1.358015 5.590595 1.067927 43.225837 0.777838 59.635024 nan 3.871753 0.000232 719.229044 0.129368
127.500278 2013 627.955545 15.487945 1849.333286 118.645463 0.129630 0.001723 -32.743369 1.216415 7.755976 0.925450 40.794141 0.634484 56.012805 nan 3.871745 0.000233 719.233372 0.129682
134.500278 2013 370.103973 14.298550 1055.405706 209.387761 0.110150 0.003812 -28.780568 1.385716 10.424615 1.246739 44.162953 1.107762 47.961409 nan 3.871740 0.000234 719.236925 0.130214
141.500278 2013 713.458844 24.556411 1757.017841 261.473366 0.125962 0.002730 -31.419001 1.611569 12.100539 1.317964 49.686127 1.024358 54.270909 nan 3.871732 0.000234 719.241593 0.130665
148.500278 2013 1413.581526 36.234166 3957.032387 376.478890 0.138355 0.003937 -32.078348 1.680013 12.728173 1.395975 50.793267 1.111937 58.951229 nan 3.871722 0.000235 719.247446 0.131140
155.500278 2013 1496.566975 46.407580 5158.452607 638.673975 0.133333 0.002833 -31.984883 1.719184 15.424240 1.440822 51.837490 1.162460 58.429811 nan 3.871713 0.000236 719.252562 0.131546
162.500278 2013 1238.142349 34.948360 4368.304821 307.916759 0.127983 0.002169 -26.846499 1.581990 17.125188 1.317207 55.201903 1.052425 59.110674 nan 3.871705 0.000237 719.257464 0.132231
169.500278 2013 546.420226 14.476417 1774.491449 73.214272 0.106481 0.004003 -31.552225 1.830354 19.539919 1.552041 58.431596 1.273729 52.900863 nan 3.871699 0.000238 719.260990 0.132733
176.500278 2013 1243.721328 45.611273 3267.509068 562.606365 0.126955 0.004533 -33.088858 1.782864 18.447246 1.532154 61.941169 1.281445 63.946437 nan 3.871694 0.000239 719.263982 0.133180
183.500278 2013 1571.357167 51.199956 6644.965172 621.957382 0.130041 0.003872 -31.572832 1.790517 18.569118 1.431601 63.446719 1.072684 68.506389 nan 3.871691 0.000240 719.266062 0.133550
190.500278 2013 1660.592829 44.032494 4879.668742 288.010779 0.129218 0.003263 -39.054153 1.798275 17.518201 1.345146 62.624781 0.892016 71.319925 nan 3.871692 0.000241 719.265940 0.134072
197.500278 2013 1694.175402 45.819334 5415.355600 425.420086 0.138782 0.009826 -34.924277 2.362082 17.541967 1.667386 62.209740 0.972690 73.190995 nan 3.871696 0.000241 719.263669 0.134318
204.500278 2013 816.230052 19.107317 2231.453367 131.876665 0.132202 0.002727 -35.128235 1.256428 15.698227 1.106640 61.924453 0.956851 78.500548 nan 3.871701 0.000241 719.260801 0.134445
211.500278 2013 297.545662 6.181881 757.301058 28.010460 0.138556 0.009626 -35.451314 2.200790 14.698427 1.698929 62.973175 1.197067 77.260310 nan 3.871708 0.000241 719.256942 0.134513
218.500278 2013 578.548219 15.806698 1606.333298 97.962831 0.128312 0.013528 -37.326946 3.033417 13.764658 2.322631 63.878802 1.611845 76.210257 nan 3.871720 0.000242 719.250328 0.134724
225.500278 2013 513.916867 15.263167 1321.154363 141.699985 0.137923 0.015518 -39.982087 3.625686 11.454880 2.698562 63.221393 1.771437 68.372626 nan 3.871734 0.000242 719.242544 0.134760
232.500278 2013 591.627340 13.041633 1402.286376 52.204273 0.163164 0.016450 -43.322070 5.054475 10.530309 3.387184 63.122980 1.719894 73.414509 nan 3.871747 0.000242 719.235424 0.134711
239.500278 2013 654.232255 18.376774 1712.144993 175.815462 0.125823 0.002725 -41.585904 0.927806 5.435788 1.295324 59.122004 1.662841 78.248389 nan 3.871760 0.000242 719.228518 0.134699
246.500278 2013 395.765817 9.260229 963.784213 43.502426 0.129938 0.001500 -41.634346 0.476018 3.619393 0.929201 57.388268 1.382383 79.433623 nan 3.871775 0.000242 719.220158 0.134900
253.500278 2013 148.137226 2.977236 339.213325 13.135484 0.119856 0.003254 -45.109573 1.098542 2.233537 1.350406 52.370138 1.602271 71.808817 nan 3.871789 0.000242 719.212228 0.134900
260.500278 2013 168.936349 4.633691 527.104046 46.204865 0.139352 0.028761 -43.392935 5.264520 6.383900 3.207049 51.795219 1.149579 66.236126 nan 3.871798 0.000242 719.207047 0.134845
281.500278 2013 542.535443 15.303495 1489.568712 181.769918 0.162440 0.019941 -36.075516 5.065188 7.971737 3.049080 42.877265 1.032973 51.403000 nan 3.871817 0.000242 719.196338 0.134851
288.500278 2013 655.065436 19.273858 1701.424780 206.664239 0.158912 0.015822 -43.816143 4.049019 6.232586 2.311816 37.843964 0.574613 55.641082 nan 3.871815 0.000242 719.197609 0.134624
295.500278 2013 233.318439 4.750464 542.905354 20.417141 0.117415 0.002225 -34.235400 1.043034 4.168599 0.772411 36.943292 0.501788 55.901874 nan 3.871812 0.000241 719.199075 0.134320
302.500278 2013 250.288646 7.390876 606.223511 48.224687 0.112111 0.011263 -28.217720 1.972416 7.536758 1.516023 38.239687 1.059630 46.294986 nan 3.871808 0.000241 719.201469 0.134279
309.500278 2013 240.875355 11.668287 682.029978 119.580165 0.037500 0.012591 -36.360908 3.726901 4.175823 3.802710 41.701980 3.878519 21.301968 nan 3.871800 0.000241 719.205404 0.134079
316.500278 2013 691.116710 20.584311 2204.485364 275.133472 0.165404 0.020441 -27.182999 2.891225 13.643604 1.825180 44.182455 0.759135 49.328954 nan 3.871789 0.000240 719.211383 0.133865
337.500278 2013 118.710887 3.671898 377.780090 25.066391 0.017054 0.018119 -39.043135 4.573221 15.628583 4.173024 54.064170 3.772828 21.649053 nan 3.871762 0.000241 719.226759 0.134053
344.500278 2013 275.752153 8.563747 827.416338 61.561889 0.048757 0.020609 -32.412695 3.932974 18.329161 3.216101 57.131387 2.499228 46.574820 nan 3.871751 0.000241 719.232747 0.134103
351.500278 2013 184.858310 7.350810 539.735330 55.051386 -0.745834 0.161367 -22.383203 3.533157 23.497597 3.503351 61.570198 3.473545 27.869258 nan 3.871748 0.000241 719.234874 0.134335
358.500278 2013 58.207459 2.200550 248.286368 15.886930 -0.710808 0.142142 -48.711794 4.881008 14.251243 4.275401 62.710171 3.669793 34.252458 nan 3.871746 0.000242 719.235921 0.134612
0.500278 2014 186.385418 7.540746 1095.258678 85.626935 204.835648 33.241248 -26.915927 2.844465 27.474539 1.967393 67.537638 1.090321 59.240786 nan 3.871746 0.000242 719.236296 0.134782
35.500278 2014 97.056338 5.837413 337.063725 49.818827 -1.408889 0.221546 -38.168914 4.650770 5.237131 4.171374 59.104756 3.691977 36.193835 nan 3.871789 0.000243 719.212794 0.135397
42.500278 2014 473.265387 11.292534 1203.122413 56.100916 0.168720 0.022757 -43.566810 3.454025 8.666466 2.581731 61.710724 1.709437 82.809265 nan 3.871802 0.000244 719.205312 0.135776
49.500278 2014 768.335826 27.867862 4886.666600 328.777592 0.105357 0.009887 -52.997395 4.441460 8.709774 3.705339 60.529913 2.969219 69.638432 nan 3.871819 0.000244 719.196196 0.136149
56.500278 2014 791.044729 27.542933 2776.847679 228.472344 0.116880 0.003123 -40.531169 0.889656 3.687251 1.192094 55.547989 1.494532 72.943954 nan 3.871834 0.000245 719.188175 0.136513
63.500278 2014 245.903566 5.891438 542.930951 35.122250 0.137551 0.002496 -46.840973 0.815231 1.792109 1.041491 52.588726 1.267751 82.651690 nan 3.871845 0.000246 719.182103 0.136868
84.500278 2014 83.049048 2.682210 311.963890 18.352899 -0.034295 0.022204 -39.047448 4.131462 2.652798 4.099411 41.424170 4.067361 16.837516 nan 3.871873 0.000249 719.167981 0.138558
91.500278 2014 64.532211 2.546575 242.161150 16.962758 -0.398533 0.094043 -38.448116 4.279372 6.744739 4.236812 41.493282 4.194253 11.864973 nan 3.871874 0.000249 719.167668 0.138891
98.500278 2014 217.394438 14.268901 754.057497 212.010470 -0.089568 0.042432 -34.751484 4.007754 5.092948 3.867938 40.064206 3.728122 22.421955 nan 3.871873 0.000250 719.168328 0.139547
105.500278 2014 503.215796 15.665005 1221.734158 173.879337 0.120062 0.001889 -36.343005 1.137513 4.407184 0.789265 37.585586 0.441018 58.506349 nan 3.871871 0.000251 719.170015 0.139923
112.500278 2014 435.239983 11.935613 1025.460300 86.453545 0.132407 0.002123 -35.516071 1.468209 5.871303 1.034232 40.852270 0.600255 61.603731 nan 3.871863 0.000252 719.174460 0.140368
119.500278 2014 470.555435 16.314963 1193.349158 122.883759 0.084979 0.029399 -32.530554 3.411076 10.744266 2.067429 44.446684 0.723783 52.989667 nan 3.871753 0.000253 719.236111 0.141003
140.500278 2014 142.602820 6.370329 479.879845 82.912432 -2.410504 0.371106 -29.922742 3.432400 22.368403 2.792061 50.667880 2.151721 19.952653 nan 3.871648 0.000257 719.296105 0.142988
161.500278 2014 217.933849 8.736615 602.998812 109.973939 0.019653 0.022582 -57.697541 4.677334 8.765076 5.080878 60.437557 5.484421 33.390043 nan 3.871627 0.000260 719.308947 0.144929
168.500278 2014 159.321963 6.233711 711.777990 74.316766 1.928842 0.326984 -50.694081 3.211462 9.428683 3.490813 59.992653 3.770164 28.764029 nan 3.871624 0.000261 719.311301 0.145339
203.500278 2014 9.994701 0.657807 89.325331 7.149970 0.331965 0.008675 -22.734237 1.077711 35.309145 1.275193 63.254091 1.472675 31.037144 nan 3.871649 0.000263 719.298206 0.146823
210.500278 2014 44.975294 2.412852 182.526218 19.376422 -2.120043 0.192462 -33.818772 3.477588 16.273202 3.260402 65.892158 3.043217 51.949080 nan 3.871663 0.000264 719.290622 0.147014
217.500278 2014 201.249335 5.773291 790.271507 30.011808 0.059127 0.008038 -38.089552 4.879853 8.299229 4.885279 67.568305 4.890705 36.012038 nan 3.871678 0.000264 719.282175 0.147084
224.500278 2014 120.856975 3.757652 470.315868 26.481096 0.025052 0.006506 -42.795184 4.672999 7.247875 4.596990 64.315593 4.520980 18.255686 nan 3.871692 0.000264 719.274286 0.147061
231.500278 2014 145.356412 5.045625 703.924543 50.068513 -0.927114 0.181915 -45.809129 3.759480 -10.851205 4.343445 60.644493 4.927410 26.789466 nan 3.871705 0.000264 719.266947 0.147233
252.500278 2014 449.215466 13.067428 1259.691408 157.255579 0.130342 0.009436 -50.061603 3.278045 1.461574 2.344590 52.629728 1.411135 70.234185 nan 3.871743 0.000265 719.246017 0.147416
259.500278 2014 432.406243 14.309249 1888.698400 162.638101 -0.580144 0.209333 -41.974867 2.863983 4.533230 1.926337 40.579451 0.988690 55.806500 nan 3.871749 0.000265 719.242648 0.147530
266.500278 2014 679.022847 19.386051 1906.909674 148.423957 0.155556 0.015562 -47.949108 4.751465 5.262663 2.837945 47.768044 0.924425 61.946389 nan 3.871755 0.000265 719.239711 0.147575
273.500278 2014 685.260484 16.198022 1680.378969 47.065002 0.142000 0.012637 -44.127384 3.553939 4.108653 2.084161 43.469839 0.614383 61.458127 nan 3.871756 0.000265 719.238836 0.147408
280.500278 2014 424.343176 10.760186 1024.961598 60.272244 0.120299 0.002031 -38.783357 1.122539 2.806562 0.822895 37.559128 0.523252 62.384351 nan 3.871753 0.000264 719.240297 0.147167
287.500278 2014 528.410349 16.188821 1233.079081 147.952597 0.125444 0.023594 -35.143251 4.048824 8.408495 2.476298 37.956274 0.903771 50.067866 nan 3.871747 0.000264 719.243510 0.146999
308.500278 2014 690.158302 21.093811 2079.772424 277.977396 0.120193 0.002823 -26.373113 1.288017 9.837970 1.052920 44.408289 0.817822 55.279172 nan 3.871721 0.000263 719.257804 0.146539
315.500278 2014 590.001181 19.310898 1786.790404 277.834876 0.130449 0.009692 -26.134741 1.739836 12.848395 1.325825 48.257349 0.911814 55.002005 nan 3.871709 0.000263 719.264447 0.146597
329.500278 2014 321.667058 7.876741 845.066669 54.301829 0.120679 0.002811 -22.826286 1.377152 16.469194 1.191170 55.260438 1.005189 57.311165 nan 3.871692 0.000264 719.274206 0.146937
336.500278 2014 322.472045 8.502821 858.224956 70.851904 0.128205 0.010608 -27.878868 1.873961 18.457876 1.563275 60.746544 1.252588 58.744688 nan 3.871685 0.000264 719.278064 0.146919
343.500278 2014 1137.124359 26.883115 2811.840871 121.910744 0.130453 0.003663 -23.599803 1.602589 18.239743 1.430621 63.845993 1.258653 66.654305 nan 3.871679 0.000264 719.281366 0.147096
350.500278 2014 601.101912 14.359874 1353.109073 72.071802 0.124383 0.003076 -26.489775 1.527940 19.541031 1.395210 66.364361 1.262479 67.734900 nan 3.871678 0.000264 719.282180 0.147310
357.500278 2014 681.738291 19.933535 2205.674281 215.680121 0.115123 0.003974 -24.828221 1.799862 19.770556 1.571572 64.153547 1.343283 66.485210 nan 3.871682 0.000265 719.279916 0.147404
364.500278 2014 976.617399 25.796579 2765.308034 262.833178 -13.902671 14.038341 -28.950916 1.553820 18.959039 1.572731 67.928790 1.591643 74.994375 nan 3.871686 0.000265 719.278070 0.147443
6.500278 2015 1082.323594 31.968822 4066.182100 305.246027 0.120370 0.002991 -31.537466 1.234353 17.745178 1.430975 66.267505 1.627597 75.040701 nan 3.871693 0.000265 719.274345 0.147685
13.500278 2015 260.292701 6.423349 600.049172 50.577957 0.126175 0.002744 -33.836536 0.802191 15.257197 1.184902 65.194822 1.567613 80.551901 nan 3.871705 0.000265 719.267669 0.147808
20.500278 2015 139.603564 3.615250 408.918226 36.778278 -0.785470 0.238619 -32.414459 0.924649 9.300703 2.465686 65.601594 4.006723 67.137013 nan 3.871718 0.000265 719.260289 0.147851
27.500278 2015 306.659167 7.774227 866.597945 40.585644 0.120727 0.002080 -33.638050 0.589968 10.415991 1.099600 58.839595 1.609231 79.203557 nan 3.871731 0.000265 719.252862 0.147880
34.500278 2015 813.255566 20.076626 1990.779933 125.122289 0.121811 0.008292 -45.411346 3.100094 8.678988 2.423175 59.574316 1.746257 82.096841 nan 3.871746 0.000266 719.244966 0.148206
41.500278 2015 296.797433 8.139310 669.059062 57.892296 0.117094 0.002840 -41.407691 0.922109 5.228548 1.226691 58.393018 1.531273 76.580718 nan 3.871762 0.000267 719.236550 0.148555
48.500278 2015 443.407114 15.340940 1600.333344 215.431609 0.085700 0.019277 -40.023511 1.427877 3.653708 1.532537 49.971360 1.637198 66.549525 nan 3.871779 0.000267 719.227036 0.148976
55.500278 2015 534.940890 16.751355 1446.264987 197.171915 0.095139 0.015319 -62.837730 4.597322 0.975267 4.604011 62.837730 4.610699 64.972034 nan 3.871789 0.000267 719.221707 0.149053
62.500278 2015 1092.162345 29.963018 3481.569871 323.072911 0.126440 0.012003 -48.336848 3.293518 1.908039 3.124851 52.467065 2.956184 71.044815 nan 3.871800 0.000268 719.215629 0.149481
69.500278 2015 573.154144 13.700863 1196.033350 68.586729 0.129527 0.002283 -44.961999 1.128583 0.419916 1.070661 48.148437 1.012739 76.543302 nan 3.871808 0.000269 719.211550 0.149951
76.500278 2015 2223.413291 84.090655 12952.660368 908.945363 0.138333 0.013717 -44.178027 1.427327 -2.166938 2.604716 41.547897 3.782104 62.661212 nan 3.871814 0.000270 719.208436 0.150448
90.500278 2015 832.577579 21.000681 2855.504750 112.018143 0.118416 0.001498 -39.246106 1.082854 2.433315 0.731072 39.230718 0.379289 62.977301 nan 3.871815 0.000271 719.208672 0.151214
97.500278 2015 619.565867 18.964122 2212.073846 292.188116 0.124177 0.003539 -39.967825 1.533015 3.999186 1.175509 44.175063 0.818003 63.252971 nan 3.871809 0.000272 719.212031 0.151610
104.500278 2015 1595.023426 52.873869 6362.433143 749.989683 0.121261 0.002878 -40.234263 1.583871 5.752547 1.196659 44.597532 0.809447 60.065585 nan 3.871802 0.000273 719.216418 0.152099
111.500278 2015 1521.471219 40.077004 5077.247571 341.681102 0.152899 0.014372 -35.869566 3.086085 10.214520 1.962264 45.119080 0.838443 58.042700 nan 3.871793 0.000274 719.221727 0.152487
118.500278 2015 562.167867 14.476863 1854.800071 88.248785 0.114637 0.002835 -35.309489 1.535445 10.105283 1.144338 44.216700 0.753230 55.236884 nan 3.871783 0.000275 719.227989 0.152987
132.500278 2015 1169.061088 36.256732 4705.472458 495.098012 0.121811 0.003600 -31.938212 1.715633 14.004537 1.410884 52.429602 1.106135 57.924576 nan 3.871760 0.000277 719.241689 0.154167
139.500278 2015 670.389143 17.771273 1819.219767 192.382325 0.128807 0.003064 -34.135084 1.819949 15.641169 1.434469 55.642408 1.048989 62.521398 nan 3.871751 0.000278 719.247106 0.154821
146.500278 2015 155.365186 3.555303 456.020117 18.228595 0.097017 0.003992 -25.272574 1.824068 19.040595 1.465100 55.578989 1.106131 50.672527 nan 3.871742 0.000279 719.252289 0.155394
153.500278 2015 100.075998 1.984732 232.582474 9.726425 0.069547 0.007451 -25.772325 2.690424 20.785233 2.328793 58.841450 1.967162 37.940360 nan 3.871737 0.000280 719.255508 0.156288
160.500278 2015 894.104582 24.685979 2717.933333 196.332327 0.068162 0.044538 -38.199645 3.057365 20.004407 2.432309 63.760083 1.807253 61.793746 nan 3.871733 0.000281 719.258013 0.156605
167.500278 2015 819.350879 21.582746 1754.472571 130.379786 0.140064 0.009181 -31.730567 1.826354 18.843578 1.300980 64.424127 0.775606 73.328340 nan 3.871736 0.000282 719.257210 0.157155
174.500278 2015 1907.825615 64.675652 10379.028667 796.294975 0.168841 0.021241 -36.954477 4.057401 22.105780 2.775724 64.392577 1.494047 68.627678 nan 3.871739 0.000283 719.255546 0.157455
181.500278 2015 1194.564954 30.533239 4315.071630 176.266087 0.134829 0.001944 -34.741575 0.966322 17.444612 0.945281 66.189929 0.924239 82.174886 nan 3.871746 0.000283 719.251784 0.157906
188.500278 2015 758.365198 22.144911 2210.581839 284.472956 0.145718 0.013375 -32.989730 2.950328 18.289079 2.150406 67.612804 1.350485 76.272849 nan 3.871757 0.000284 719.245686 0.158088
195.500278 2015 1111.218691 30.194615 2883.928867 348.071586 0.153935 0.013669 -39.229866 3.576138 16.098310 2.571918 69.787178 1.567699 81.779428 nan 3.871772 0.000284 719.237969 0.158296
202.500278 2015 789.026098 26.387262 2427.949448 413.817009 0.121474 0.003371 -36.298122 1.143855 12.703554 1.550338 69.805590 1.956821 80.507574 nan 3.871786 0.000284 719.229838 0.158462
209.500278 2015 497.808771 10.746053 1148.225050 47.207663 0.147444 0.012647 -43.082515 3.828982 11.458881 2.889754 69.892048 1.950526 80.115837 nan 3.871801 0.000285 719.221593 0.158636
223.500278 2015 642.447611 26.099973 1976.016061 442.331332 0.152894 0.016119 -45.876064 5.221882 8.286082 3.332093 57.518794 1.442304 72.153028 nan 3.871836 0.000285 719.202815 0.159018
230.500278 2015 2847.042937 79.012765 9830.814586 479.348297 0.165097 0.018767 -52.929187 6.105825 9.578275 3.904952 61.137035 1.704078 67.905600 nan 3.871850 0.000286 719.195001 0.159175
237.500278 2015 1998.027820 74.190763 8919.880414 1123.203290 0.124359 0.010281 -58.188476 3.270241 2.460356 2.689380 59.847264 2.108519 70.797987 nan 3.871861 0.000286 719.188898 0.159422
244.500278 2015 1408.886156 39.472770 4989.668862 458.942109 0.158218 0.015566 -54.191088 5.458915 5.025915 3.416493 54.616866 1.374070 70.599949 nan 3.871871 0.000286 719.183587 0.159513
251.500278 2015 2646.180257 92.084283 14471.687565 1719.637629 0.140222 0.013177 -51.245403 4.197474 3.376115 2.783288 55.733560 1.369101 67.084889 nan 3.871696 0.000284 719.279871 0.158188
258.500278 2015 1796.502154 45.034659 5807.962036 325.011808 0.171860 0.018332 -47.391161 5.994305 6.017574 3.317555 43.917514 0.640805 63.468243 nan 3.871698 0.000284 719.278631 0.158079
265.500278 2015 1292.118104 37.420446 4677.995250 503.435196 0.151389 0.013551 -48.035802 4.127114 3.498521 2.467017 45.998040 0.806920 67.557273 nan 3.871695 0.000284 719.280480 0.158119
272.500278 2015 451.083304 10.335272 1194.609466 59.004699 0.132222 0.009384 -42.996358 2.629669 3.224805 1.602875 40.255725 0.576081 64.110743 nan 3.871691 0.000283 719.282824 0.157977
279.500278 2015 2618.602482 86.084962 10445.514800 1086.657432 0.117758 0.014327 -50.311137 2.740043 -1.456188 3.594434 40.359481 4.448825 57.098446 nan 3.871685 0.000283 719.286035 0.157779
286.500278 2015 3307.237241 88.278563 11419.333107 348.730645 0.148032 0.012799 -40.061238 3.083146 6.756368 1.799337 41.685267 0.515529 60.819391 nan 3.871675 0.000283 719.291509 0.157612
293.500278 2015 1230.632449 35.518803 4334.980929 393.156518 0.145370 0.019585 -33.998321 3.124972 8.124044 3.029077 43.761273 2.933182 54.667275 nan 3.871663 0.000283 719.297681 0.157580
300.500278 2015 375.899075 9.770616 1309.759561 75.278303 0.110905 0.003686 -30.179340 1.506342 9.722114 1.235092 46.327861 0.963842 54.262349 nan 3.871653 0.000283 719.303577 0.157541
307.500278 2015 1598.515395 56.099242 7526.771421 754.821486 0.144556 0.014202 -33.485734 2.409015 12.344403 1.727928 51.159036 1.046842 59.136301 nan 3.871642 0.000283 719.309384 0.157544
314.500278 2015 3271.511859 86.242670 10781.409786 474.262112 0.172101 0.019730 -32.489166 2.985270 15.200923 2.068663 55.126210 1.152057 60.400346 nan 3.871632 0.000283 719.315148 0.157612
321.500278 2015 1694.272083 47.766874 6260.285786 349.839079 0.126132 0.003215 -24.802247 1.453837 15.368740 1.267279 58.600167 1.080721 62.226905 nan 3.871623 0.000283 719.320138 0.157778
328.500278 2015 591.480206 17.303913 2489.225276 85.281530 0.100926 0.003515 -20.826352 1.658923 18.709782 1.436014 56.571496 1.213104 53.072428 nan 3.871619 0.000283 719.322746 0.157894
335.500278 2015 518.201394 13.088752 1309.792207 81.248808 0.119856 0.005411 -25.591096 2.136230 18.856991 1.911982 64.958004 1.687734 63.932056 nan 3.871616 0.000283 719.324164 0.157980
342.500278 2015 836.116378 18.329931 1929.129392 55.519749 0.145086 0.010130 -29.751208 2.079695 18.559158 1.770010 69.899042 1.460324 74.363424 nan 3.871616 0.000284 719.324596 0.158095
349.500278 2015 694.839403 20.058851 1730.071239 189.484352 0.130864 0.003414 -29.261965 1.374633 18.667437 1.467959 67.733842 1.561285 75.782315 nan 3.871619 0.000284 719.323179 0.158183
356.500278 2015 1782.937857 56.240719 8230.882346 589.774242 0.119856 0.004304 -31.063563 1.770721 19.438081 1.733649 67.370684 1.696576 73.678912 nan 3.871624 0.000284 719.319983 0.158235
363.500278 2015 1501.432288 48.756384 5282.342821 699.629946 0.132202 0.004386 -33.604373 1.263707 16.653633 1.572919 67.971384 1.882132 82.840304 nan 3.871638 0.000284 719.312473 0.158169
5.500278 2016 1537.205005 41.534997 5081.228464 404.092026 0.146778 0.009705 -35.567505 2.556776 15.422811 2.099649 67.457797 1.642522 86.186863 nan 3.871648 0.000284 719.306590 0.158208
12.500278 2016 651.353828 14.192146 1706.896552 88.288552 0.144889 0.009875 -39.359317 2.899378 14.067100 2.350935 68.458076 1.802493 86.265299 nan 3.871662 0.000284 719.298980 0.158286
19.500278 2016 857.217343 30.856800 3356.895908 565.683946 0.123111 0.010942 -37.727545 2.919973 11.667288 2.399313 61.839578 1.878654 73.243934 nan 3.871678 0.000284 719.290095 0.158426
26.500278 2016 703.308445 16.728136 1637.157121 126.136740 0.127243 0.004460 -46.698349 1.408944 7.109854 1.736637 63.941478 2.064330 85.312158 nan 3.871696 0.000284 719.280416 0.158539
33.500278 2016 254.398460 6.299101 634.659581 24.539048 0.089484 0.019726 -44.457080 2.947594 6.115252 2.222873 56.355502 1.498153 74.194206 nan 3.871711 0.000285 719.272168 0.158869
40.500278 2016 482.727446 14.719881 1295.265808 169.762919 0.076075 0.021478 -44.971776 2.259351 4.759396 1.760514 58.240669 1.261677 77.763712 nan 3.871726 0.000286 719.263993 0.159249
47.500278 2016 1668.371483 54.592230 7158.764632 610.900493 0.141026 0.009349 -60.773095 1.416887 -1.230213 2.414607 55.599319 3.412326 81.555753 nan 3.871739 0.000286 719.256896 0.159653
54.500278 2016 1536.100865 41.366092 4595.199931 287.385444 0.126646 0.001485 -47.281812 0.980143 -0.260807 0.920422 50.176319 0.860700 80.007482 nan 3.871749 0.000287 719.251465 0.159883
61.500278 2016 633.539665 18.271945 2241.967793 109.394234 0.107202 0.002759 -43.425562 1.235519 -0.620647 1.103250 40.290750 0.970981 66.170601 nan 3.871758 0.000288 719.247227 0.160485
68.500278 2016 1151.088594 31.990746 3945.960444 271.581690 0.119650 0.003368 -45.826725 1.429088 -0.393369 1.267734 44.596078 1.106381 71.153442 nan 3.871762 0.000289 719.245208 0.160924
75.500278 2016 1217.993093 31.768401 3215.638143 204.284650 0.139744 0.009956 -48.965043 1.480496 -1.068785 2.142644 45.357398 2.804793 71.226345 nan 3.871763 0.000290 719.244864 0.161360
82.500278 2016 932.246421 25.326744 2506.519000 207.848305 0.126646 0.001439 -44.900984 1.310832 1.201753 0.876053 41.887065 0.441274 69.752187 nan 3.871760 0.000290 719.247063 0.161471
88.758611 2016 362.500833 7.979583 782.825485 32.280548 0.134656 0.003367 -47.270272 1.732568 2.478002 1.279556 45.827662 0.826544 70.886243 nan 3.871788 0.000326 719.230908 0.181883
96.500278 2016 859.883771 23.013773 2274.190973 195.788801 0.126923 0.002346 -41.366688 1.581864 5.090205 1.074078 41.829800 0.566293 65.281276 nan 3.871748 0.000292 719.254441 0.162786
103.500278 2016 1143.439227 36.667573 4333.358810 429.658921 0.129701 0.002502 -39.687261 1.529386 6.356370 1.182042 45.069292 0.834697 65.082374 nan 3.871735 0.000292 719.261824 0.162906
110.500278 2016 1014.010830 27.579805 3000.818929 224.775095 0.125855 0.002559 -45.328433 1.772415 8.585541 1.241774 46.426008 0.711133 62.813542 nan 3.871725 0.000293 719.267686 0.163450
117.500278 2016 369.062685 7.058433 674.296249 32.496232 0.120786 0.012649 -38.296212 2.452772 11.267921 1.599099 50.407274 0.745426 64.016802 nan 3.871712 0.000294 719.275379 0.163956
124.500278 2016 1307.114406 36.171126 3751.819000 300.469970 0.102778 0.013639 -37.762352 2.520630 14.489852 1.682285 53.277135 0.843940 59.433877 nan 3.871701 0.000295 719.281904 0.164618
131.500278 2016 3272.175028 92.770017 11944.742286 733.219852 0.122222 0.009708 -34.921886 2.176244 15.033830 1.554791 56.753002 0.933337 64.372049 nan 3.871692 0.000297 719.287341 0.165287
138.500278 2016 1513.975398 40.463040 5356.937966 229.611639 0.128189 0.003251 -32.941240 1.512613 15.882192 1.158941 56.848042 0.805269 66.385891 nan 3.871685 0.000298 719.291680 0.165853
145.500278 2016 668.845591 16.563343 2154.950548 83.127387 0.135256 0.009591 -30.922411 2.021515 17.651319 1.465094 60.090544 0.908674 67.412300 nan 3.871680 0.000299 719.295427 0.166519
152.500278 2016 465.997246 9.594582 846.545488 45.320782 0.134465 0.002056 -32.074641 1.289048 17.578951 1.059076 62.128582 0.829104 74.930797 nan 3.871678 0.000300 719.296759 0.167047
159.500278 2016 878.395870 25.332202 2211.239625 228.348502 0.136432 0.009601 -35.266201 2.148205 18.769570 1.541945 62.715515 0.935684 73.633214 nan 3.871681 0.000301 719.295723 0.167509
166.500278 2016 557.659016 13.106132 1153.058973 68.455529 0.141880 0.009199 -35.776002 2.062173 17.855925 1.457576 65.107547 0.852980 78.911193 nan 3.871686 0.000301 719.292747 0.167824
173.500278 2016 330.778374 7.241289 720.207393 50.455265 0.124679 0.016077 -34.810107 3.082279 19.802660 2.033595 68.459667 0.984911 79.398510 nan 3.871694 0.000302 719.288649 0.168160
180.500278 2016 289.956146 6.723663 811.093204 45.107546 0.154227 0.013518 -38.453291 3.418295 16.315561 2.408637 70.492204 1.398979 81.844455 nan 3.871706 0.000302 719.282334 0.168345
187.500278 2016 351.175523 12.791721 1003.834364 132.897220 0.090278 0.022419 -40.721274 4.269310 17.699725 2.940771 72.552296 1.612232 80.071815 nan 3.871721 0.000302 719.273746 0.168515
194.500278 2016 849.110032 18.982314 1977.620132 65.034610 0.196958 0.023197 -42.621868 6.788242 18.770415 4.149542 72.449423 1.510842 68.919168 nan 3.871738 0.000303 719.264684 0.168653
201.500278 2016 433.544806 10.003690 1220.057164 58.857891 0.135363 0.009800 -44.690693 2.988656 9.557900 2.501872 69.705891 2.015088 83.319526 nan 3.871755 0.000303 719.255550 0.168858
208.500278 2016 800.890213 21.362243 2008.723916 124.454972 0.149444 0.013251 -55.038385 4.496679 9.621406 3.263036 71.131832 2.029393 82.020155 nan 3.871772 0.000303 719.246022 0.169020
215.500278 2016 1069.215024 31.360682 3107.496296 359.866796 0.150000 0.012836 -55.610268 4.653697 7.606448 3.255673 67.902545 1.857650 82.046960 nan 3.871792 0.000304 719.234644 0.169186
222.500278 2016 1367.710104 30.056104 2909.721000 93.686264 0.165394 0.015382 -59.635893 5.992544 7.018586 3.735812 62.141906 1.479080 79.859032 nan 3.871805 0.000304 719.227860 0.169375
229.500278 2016 651.427051 15.209728 1499.252971 82.387886 0.145556 0.013280 -51.890067 4.779899 3.719160 2.968040 50.762150 1.156180 75.916100 nan 3.871817 0.000304 719.221248 0.169565
236.500278 2016 713.777678 20.393637 1965.520406 230.507235 0.141111 0.013972 -54.172572 4.660112 2.259199 3.154650 56.748753 1.649189 71.388347 nan 3.871825 0.000305 719.217020 0.169696
243.500278 2016 1257.512128 44.656329 5044.793000 793.153301 0.149000 0.013216 -57.787055 3.601388 -0.947010 3.454232 46.776828 3.307075 73.464862 nan 3.871833 0.000304 719.212444 0.169656
257.500278 2016 1321.796245 38.185374 4667.381000 273.396115 0.121795 0.002577 -47.555337 1.368417 -0.681223 0.995113 40.776634 0.621808 70.411211 nan 3.871831 0.000304 719.213239 0.169510
264.500278 2016 505.992268 12.496100 1215.342196 110.576269 0.157488 0.017854 -47.422857 4.967204 5.239725 2.955931 45.101643 0.944658 62.623083 nan 3.871824 0.000304 719.217262 0.169439
271.500278 2016 2634.861599 84.349394 10660.279850 699.611329 0.165217 0.022454 -52.333391 5.583859 5.281178 4.347264 47.864083 3.110668 58.681859 nan 3.871817 0.000304 719.220702 0.169127
278.500278 2016 2885.736871 76.837023 9071.352786 395.552687 0.135898 0.003354 -43.899927 1.506229 3.626061 1.000508 43.016374 0.494788 69.411916 nan 3.871806 0.000303 719.227161 0.169009
285.500278 2016 1650.270447 51.849563 6649.401926 674.174558 0.126749 0.003593 -36.632975 1.538335 5.966199 1.202491 46.425844 0.866647 64.279870 nan 3.871792 0.000303 719.234589 0.168907
292.500278 2016 2022.700044 45.604197 5611.838179 197.549878 0.182609 0.018641 -39.919394 4.085675 10.442297 2.481580 49.694054 0.877485 64.529155 nan 3.871780 0.000303 719.241566 0.168912
299.500278 2016 2829.243114 85.892350 10196.789200 939.726374 0.127880 0.014026 -38.026259 2.636081 10.385996 1.840470 52.492477 1.044860 62.005241 nan 3.871768 0.000303 719.248092 0.168891
306.500278 2016 2567.788602 69.207389 8754.133571 440.228774 0.142201 0.009646 -30.638431 2.124687 12.428255 1.589893 56.299269 1.055099 65.642906 nan 3.871757 0.000303 719.254175 0.169026
313.500278 2016 963.798260 26.256500 3305.493300 208.043608 0.122016 0.003945 -28.434083 1.493811 14.356575 1.467780 59.183486 1.441749 62.307812 nan 3.871748 0.000304 719.259435 0.169147
327.500278 2016 635.694084 18.859088 1645.149473 151.119118 0.125309 0.004412 -31.703843 1.699705 16.688068 1.595106 65.913029 1.490507 68.531717 nan 3.871743 0.000304 719.262558 0.169337
334.500278 2016 705.541395 15.224565 1776.152357 43.810335 0.137243 0.002620 -29.423377 1.278249 16.988002 1.258028 66.813691 1.237807 77.891467 nan 3.871744 0.000304 719.261664 0.169446
341.500278 2016 617.763111 16.162330 1669.232456 111.574479 0.124486 0.003620 -31.343314 1.448114 18.253359 1.520257 70.940045 1.592399 75.029801 nan 3.871752 0.000304 719.257609 0.169388
348.500278 2016 664.600455 13.847870 1626.197602 49.109945 0.148184 0.010053 -35.340003 2.561247 17.958585 2.036364 71.010862 1.511482 83.026483 nan 3.871763 0.000304 719.251541 0.169417
355.500278 2016 906.696376 28.005441 3788.250000 350.179262 0.132586 0.003804 -37.388769 1.310177 16.090315 1.526169 70.301280 1.742161 84.647905 nan 3.871773 0.000304 719.245583 0.169386
362.500278 2016 1263.526172 29.282200 2831.915789 133.256796 0.125926 0.010157 -38.467823 2.676694 14.941929 2.236110 70.168148 1.795526 87.103314 nan 3.871788 0.000304 719.237352 0.169468
