291.500405 2005 216.505976 6.184841 751.916332 52.816127 0.100961 0.022636 -41.511729 1.849905 6.230888 2.366910 50.205568 2.883915 64.397316 nan 3.873625 0.000071 718.151383 0.039143
298.500405 2005 271.391766 8.227506 1012.985544 74.401591 0.053419 0.047202 -42.321074 1.747967 8.058371 2.348491 54.203088 2.949015 61.639568 nan 3.871929 0.000043 719.093283 0.024145
305.500405 2005 883.911931 28.776810 3101.854591 310.030475 0.129778 0.011349 -36.537678 2.354320 11.600976 2.522026 58.222369 2.689732 64.656340 nan 3.871906 0.000044 719.106170 0.024244
312.500405 2005 688.443789 14.754315 1585.462283 52.060894 0.134465 0.002699 -35.889705 1.336710 12.805365 1.257579 61.458583 1.178447 75.425290 nan 3.871909 0.000044 719.104570 0.024651
319.500405 2005 406.769749 8.958018 993.051708 31.715846 0.124280 0.002679 -33.450374 1.088624 13.872476 1.241253 61.102872 1.393881 73.020100 nan 3.871906 0.000045 719.106184 0.024912
326.500405 2005 211.989399 5.305677 624.085400 43.287574 0.125309 0.002814 -34.642892 1.333505 14.583873 1.346566 64.374220 1.359627 76.262688 nan 3.871906 0.000045 719.106233 0.025081
333.500405 2005 286.493923 7.210217 794.853069 38.698850 0.138782 0.009098 -36.845956 2.348681 15.610574 1.787819 64.336982 1.226957 79.628646 nan 3.871903 0.000045 719.107853 0.025351
340.500405 2005 274.325224 6.304157 790.247539 35.705161 0.137286 0.009069 -37.807974 2.354829 14.091825 2.004097 66.554198 1.653365 81.642122 nan 3.871901 0.000046 719.108992 0.025740
347.500405 2005 454.245172 14.256472 1109.119855 119.158428 0.133227 0.009598 -39.127042 3.287627 14.151173 2.479996 70.427581 1.672366 81.126602 nan 3.871899 0.000047 719.109837 0.025959
354.500405 2005 193.449059 4.532462 563.067300 26.845680 0.126440 0.002707 -45.977695 1.097279 9.688621 1.544847 71.237688 1.992416 86.834798 nan 3.871895 0.000047 719.112058 0.026125
361.500405 2005 415.310432 11.505959 1303.893730 66.523780 0.147705 0.022238 -48.758395 6.645356 9.856001 6.004737 71.655203 5.364117 60.327586 nan 3.871893 0.000047 719.113181 0.026402
10.500394 2006 135.411979 2.991615 318.178233 13.063038 0.100962 0.004287 -56.388586 1.646408 0.797191 1.735761 55.895872 1.825114 70.801841 nan 3.871887 0.000048 719.116940 0.027012
17.500394 2006 141.307545 3.641630 426.464076 26.578543 0.102667 0.026688 -61.931513 2.517867 -5.036641 3.666619 57.900855 4.815372 75.839371 nan 3.871880 0.000049 719.120867 0.027187
31.500394 2006 297.030185 7.239924 862.376300 57.585179 0.131667 0.010294 -66.908474 1.780892 -6.398404 2.608313 53.083840 3.435733 78.558552 nan 3.871873 0.000050 719.124926 0.027809
38.500394 2006 237.577219 6.076656 693.947794 49.910611 0.125320 0.010094 -62.093077 2.999153 -7.586645 3.320456 41.924654 3.641759 73.466468 nan 3.871874 0.000050 719.124062 0.027987
45.500394 2006 109.933601 3.184277 408.638262 38.404959 -1.684821 0.347220 -62.483116 1.015604 -23.411960 3.626479 44.348834 6.237355 44.926196 nan 3.871866 0.000050 719.128950 0.028116
52.500394 2006 597.458471 16.056290 1997.598528 69.963028 0.111296 0.008989 -60.589703 3.839764 -6.414945 4.077844 43.811378 4.315924 67.230108 nan 3.871870 0.000051 719.126417 0.028363
59.500394 2006 239.654033 5.541035 608.241528 40.189486 0.123354 0.002007 -56.316922 1.445168 -5.395801 1.085931 37.303747 0.726695 73.570138 nan 3.871862 0.000051 719.131050 0.028620
66.500394 2006 221.952815 6.505083 626.668365 47.759987 0.113066 0.005281 -51.023421 1.618833 -4.779998 1.902945 37.256484 2.187058 65.748705 nan 3.871868 0.000052 719.127881 0.028714
73.500394 2006 261.535036 10.860150 745.767377 88.678925 0.117857 0.011446 -48.788545 3.693409 -1.903889 3.899103 42.407890 4.104797 58.591733 nan 3.871859 0.000052 719.132528 0.028807
80.500394 2006 1624.526903 37.670073 3713.089486 174.162071 0.155787 0.013365 -46.432064 2.886826 0.254190 2.995596 44.693767 3.104366 69.313847 nan 3.871868 0.000052 719.127749 0.029024
87.500394 2006 555.742024 14.631685 1605.455172 96.719287 0.131778 0.009601 -41.167036 2.729602 4.045576 1.878653 46.072684 1.027703 64.667822 nan 3.871860 0.000053 719.132253 0.029261
94.500394 2006 721.145864 25.844721 2829.141165 472.290064 0.122543 0.004167 -38.872933 1.737544 4.054732 1.577632 47.932878 1.417720 65.916260 nan 3.871867 0.000053 719.128079 0.029338
101.500394 2006 1991.433117 71.846406 8098.174654 1134.529616 0.138444 0.009069 -38.494923 2.117275 6.750370 1.782336 54.162439 1.447397 68.807391 nan 3.871860 0.000053 719.132123 0.029461
108.500394 2006 3851.767677 107.651382 13774.190429 549.041142 0.132407 0.002813 -37.157847 1.424058 8.689197 1.285250 54.678187 1.146443 72.056504 nan 3.871869 0.000053 719.127347 0.029696
115.500394 2006 1095.701151 33.376214 4592.762000 262.880011 0.115844 0.002912 -31.172528 1.351493 11.505575 1.345774 56.290827 1.340055 65.469764 nan 3.871861 0.000054 719.131721 0.029940
122.500394 2006 512.408150 14.515359 1654.177833 88.652258 0.102778 0.004426 -29.718975 1.675907 13.184378 1.763044 65.114858 1.850181 60.399662 nan 3.871868 0.000054 719.127631 0.030032
129.500394 2006 890.426136 20.234207 2017.228571 93.300254 0.138272 0.002803 -35.052770 1.127544 13.023786 1.344616 68.042648 1.561688 81.409307 nan 3.871859 0.000054 719.132863 0.030125
136.500394 2006 500.537075 11.308028 1264.802496 57.957115 0.131996 0.002873 -34.391750 1.483529 14.224921 1.522277 70.289921 1.561026 81.331899 nan 3.871868 0.000055 719.127670 0.030397
150.500394 2006 64.681133 2.113209 212.178376 29.254346 1.673796 0.187870 -33.281153 4.561025 29.182369 2.896141 65.027501 1.231257 40.760729 nan 3.871863 0.000055 719.130585 0.030630
157.500394 2006 686.677017 20.571200 2607.494138 89.199264 0.118487 0.008403 -69.879136 3.122893 8.192071 4.473348 70.502718 5.823803 81.744189 nan 3.871854 0.000055 719.135686 0.030719
164.500394 2006 706.595828 15.843425 1907.902429 52.621790 0.134877 0.001378 -43.061447 0.569838 9.956271 1.168926 67.930184 1.768013 92.780572 nan 3.871858 0.000055 719.133638 0.030924
171.500394 2006 415.523726 8.551722 955.967308 36.524220 0.131944 0.001889 -45.159899 0.704303 8.187087 1.175144 68.555765 1.645985 92.203245 nan 3.871848 0.000056 719.139051 0.031097
178.500394 2006 261.453301 5.967783 603.437769 23.559401 0.116346 0.003552 -48.684921 1.379705 5.474582 1.620440 61.161381 1.861176 82.013547 nan 3.871848 0.000056 719.139017 0.031137
185.500394 2006 581.341358 21.009378 1949.146204 269.427113 0.130663 0.005531 -57.601275 1.678687 1.733567 2.471705 60.071631 3.264724 91.782632 nan 3.871839 0.000056 719.144087 0.031248
192.500394 2006 288.204703 6.421466 751.550915 28.006445 0.128953 0.002080 -57.797658 1.124406 -0.604410 1.165307 55.481435 1.206209 90.381594 nan 3.871841 0.000057 719.143123 0.031485
206.500394 2006 275.386776 13.983249 2317.704125 512.783268 1.625269 0.182267 -61.073761 1.008265 -7.473480 0.865805 46.299989 0.723344 85.783893 nan 3.871829 0.000057 719.149989 0.031741
213.500394 2006 382.937791 9.153794 884.661047 42.370601 0.131687 0.001557 -61.462444 1.533591 -6.185977 1.031695 43.940324 0.529798 88.737435 nan 3.871823 0.000057 719.153060 0.031907
220.500394 2006 589.420436 16.284274 1592.432416 144.927506 0.136008 0.002675 -63.255717 1.685780 -7.188888 1.260164 46.525028 0.834549 88.912547 nan 3.871820 0.000058 719.154719 0.032154
227.500394 2006 363.755357 15.076331 997.061822 162.852735 0.126440 0.002438 -61.331700 1.450634 -7.687925 1.251897 41.860993 1.053161 80.577273 nan 3.871818 0.000058 719.155966 0.032310
234.500394 2006 1040.676172 25.770401 2518.194872 193.601360 0.133642 0.002294 -58.360002 1.528692 -6.615682 1.094652 39.519148 0.660612 82.047456 nan 3.871813 0.000058 719.158969 0.032354
241.500394 2006 488.828985 11.595750 1195.927424 62.190326 0.127881 0.003482 -55.170969 1.448910 -6.302980 1.324168 38.941401 1.199425 75.924778 nan 3.871813 0.000058 719.158993 0.032485
248.500394 2006 547.158576 12.317567 1363.057858 28.221572 0.137346 0.002119 -56.234457 1.392450 -4.868665 1.141517 43.125996 0.890584 78.852931 nan 3.871811 0.000059 719.160072 0.032733
255.500394 2006 193.455710 4.563693 474.074095 31.233862 0.121047 0.001876 -47.463591 1.472647 -3.616562 1.204780 37.601585 0.936913 68.421938 nan 3.871813 0.000059 719.159067 0.032857
262.500394 2006 613.258833 14.453102 1735.356818 48.617981 0.145000 0.009965 -58.357620 1.779257 -2.539533 2.300318 44.932743 2.821379 71.713488 nan 3.871809 0.000059 719.161069 0.032920
269.500394 2006 524.029148 13.489675 1233.093060 83.248275 0.135897 0.002436 -50.149209 1.576706 0.544046 1.364172 44.920851 1.151639 72.960570 nan 3.871812 0.000059 719.159229 0.033107
276.500394 2006 593.513117 14.736119 1563.786204 68.835606 0.135470 0.002208 -49.985780 1.554720 2.776964 1.340688 45.939082 1.126657 72.293797 nan 3.871811 0.000060 719.160347 0.033397
283.500394 2006 383.122306 14.286869 971.483334 152.630470 0.118483 0.004766 -43.580492 2.843908 6.251206 2.028108 49.057452 1.212308 64.109418 nan 3.871816 0.000060 719.157375 0.033582
290.500394 2006 759.011777 17.539845 2101.127159 66.483779 0.133120 0.003120 -40.365693 1.535976 7.581871 1.377031 51.465527 1.218085 71.854373 nan 3.871811 0.000061 719.160128 0.033733
297.500394 2006 455.077407 10.191282 1033.052731 54.672730 0.142094 0.009737 -39.931665 2.662600 10.036502 1.942593 56.092628 1.222586 71.759610 nan 3.871817 0.000061 719.156570 0.033990
304.500394 2006 535.565687 13.484293 1447.633946 71.015457 0.129424 0.002838 -38.434292 1.388298 10.976529 1.330259 58.795421 1.272221 73.941289 nan 3.871813 0.000062 719.159259 0.034336
311.500394 2006 442.669829 16.140709 1137.742278 177.013740 0.113034 0.023164 -36.076207 2.177913 12.755236 1.884968 59.065637 1.592023 71.774590 nan 3.871819 0.000062 719.155627 0.034545
318.500394 2006 533.438794 12.917154 1344.550284 76.272535 0.143162 0.008944 -37.543299 2.322773 13.462549 1.765418 63.108618 1.208064 80.254142 nan 3.871812 0.000062 719.159793 0.034713
325.500394 2006 369.477435 10.044916 870.729821 83.162512 0.156366 0.016507 -37.793275 4.092577 15.377440 2.954740 64.766786 1.816902 74.315806 nan 3.871817 0.000063 719.156974 0.034984
332.500394 2006 845.034055 27.188615 2062.903174 243.202732 0.157523 0.015932 -40.150723 4.374205 14.605317 2.972056 66.548123 1.569906 77.262621 nan 3.871809 0.000063 719.161380 0.035331
339.500394 2006 1001.501253 26.337556 2709.570370 238.421123 0.164010 0.033861 -47.374924 4.218618 13.214544 3.104771 70.984120 1.990924 76.078262 nan 3.871814 0.000064 719.158956 0.035541
346.500394 2006 2062.193363 78.576998 7396.776828 1442.585658 0.169565 0.024034 -48.513776 7.017849 16.340361 4.243736 73.260205 1.469622 69.874093 nan 3.871802 0.000064 719.165292 0.035736
353.500394 2006 3210.577605 89.756216 12560.171571 569.937075 0.172853 0.017891 -50.323818 6.775256 11.657632 4.124081 68.974669 1.472907 76.040126 nan 3.871806 0.000065 719.163247 0.036071
360.500394 2006 1941.163372 48.492734 6752.380964 112.919917 0.147222 0.009308 -57.279528 3.955732 4.504190 2.845551 74.114946 1.735370 92.290437 nan 3.871794 0.000065 719.170241 0.036428
2.500394 2007 1156.083222 30.499605 3998.909500 263.571247 0.163384 0.018944 -49.498908 4.113698 -4.311202 5.139104 51.764623 6.164509 69.191694 nan 3.871798 0.000066 719.167952 0.036670
9.500394 2007 597.930392 13.400009 1860.999929 53.597787 0.139120 0.009285 -63.261211 1.410851 -4.807267 2.532016 55.376600 3.653180 86.707950 nan 3.871785 0.000066 719.174952 0.036931
16.500394 2007 656.851543 14.225827 1488.604104 43.454172 0.149537 0.013005 -74.516995 1.955127 -8.559456 3.286079 54.143529 4.617031 82.027671 nan 3.871788 0.000067 719.173551 0.037354
23.500394 2007 503.343755 10.203993 1115.747643 35.111928 0.149074 0.013403 -66.355534 1.474836 -9.967666 2.936938 48.247819 4.399040 80.948586 nan 3.871922 0.000066 719.098696 0.036844
30.500394 2007 767.947377 19.640714 2131.658138 147.862373 0.126440 0.013198 -67.362529 1.696963 -11.139407 2.689104 46.521587 3.681245 78.606438 nan 3.871923 0.000067 719.098286 0.037092
37.500394 2007 401.814118 8.649246 984.124996 41.471592 0.139423 0.008978 -66.426406 1.473028 -9.550876 2.052723 41.895469 2.632418 81.036145 nan 3.871914 0.000067 719.103566 0.037401
58.105949 2007 399.910621 12.616239 1449.004517 93.667798 0.124243 0.011859 -52.543833 1.624937 -7.676644 2.311732 40.560582 2.998527 64.167178 nan 3.871982 0.000072 719.065526 0.039953
65.500394 2007 473.999919 11.869388 1266.793437 56.300434 0.136111 0.002762 -50.777114 1.248748 -3.870229 1.092993 42.541005 0.937238 75.869342 nan 3.871921 0.000068 719.099826 0.038113
72.500394 2007 454.814855 10.701831 1143.598666 56.410758 0.140385 0.009412 -47.552938 2.918638 -1.004968 2.120435 47.483410 1.322233 69.941760 nan 3.871914 0.000070 719.103550 0.038874
79.500394 2007 386.134168 17.247060 1001.668046 195.631693 0.123718 0.004209 -45.289259 1.653093 -0.050590 1.507430 45.024698 1.361767 67.905706 nan 3.871913 0.000070 719.104449 0.039245
86.500394 2007 548.420181 15.963915 1335.166705 163.797456 0.137556 0.009813 -42.617842 2.796212 3.484970 2.044191 48.570018 1.292170 67.727960 nan 3.871916 0.000071 719.102880 0.039456
93.500394 2007 1111.859862 27.079365 2840.976804 93.124634 0.135597 0.003546 -46.418098 1.648619 4.724576 1.456339 52.711642 1.264059 73.161197 nan 3.871915 0.000071 719.103485 0.039725
100.500394 2007 732.630416 17.282870 1863.939114 105.817734 0.117460 0.010143 -40.567463 1.368650 5.221698 2.159668 55.758210 2.950687 68.016920 nan 3.871919 0.000072 719.101101 0.040109
107.500394 2007 245.393707 5.779553 597.122095 39.791436 0.120370 0.003659 -36.451270 1.511750 8.379057 1.528577 57.646924 1.545404 68.586772 nan 3.871919 0.000073 719.101271 0.040434
114.500394 2007 423.219891 15.531702 1544.970660 198.178813 0.105041 0.018367 -36.472553 1.338157 10.296821 1.432064 61.002035 1.525972 73.004147 nan 3.871921 0.000073 719.100158 0.040636
121.500556 2007 1113.700954 26.338001 2796.238981 69.433193 0.137860 0.002317 -38.864861 1.038301 11.530690 1.246340 64.970101 1.454378 82.576027 nan 3.871882 0.000073 719.122078 0.040874
128.500556 2007 447.618396 11.811345 1109.496898 96.449380 0.128807 0.002906 -39.857641 1.351988 11.948909 1.494641 64.146870 1.637294 80.661843 nan 3.871884 0.000074 719.121014 0.041204
135.500556 2007 153.111038 3.464558 380.034208 21.930824 0.093930 0.005746 -32.843716 1.840896 12.170374 2.238659 65.189286 2.636421 61.764216 nan 3.871878 0.000074 719.124264 0.041476
142.500556 2007 1203.339815 50.746683 5601.612857 1045.144038 0.144338 0.008972 -44.904190 2.461739 12.098779 2.237772 74.951973 2.013805 87.680943 nan 3.871877 0.000075 719.124869 0.041599
149.500556 2007 1649.059687 37.829992 3688.996000 115.981794 0.139815 0.002118 -43.322872 0.640964 10.121273 1.195291 71.004137 1.749618 94.618093 nan 3.871874 0.000075 719.126274 0.041796
156.500556 2007 1007.050728 26.107828 3005.004786 122.603955 0.127030 0.002733 -43.809491 0.921953 8.046096 1.345105 67.213441 1.768256 88.171442 nan 3.871869 0.000075 719.129470 0.042057
163.500556 2007 545.066653 12.433279 1504.405486 56.481329 0.129594 0.002254 -48.407342 0.963394 6.298403 1.286916 62.916639 1.610437 90.994720 nan 3.871865 0.000076 719.131377 0.042236
170.500556 2007 350.698380 7.888446 976.402758 66.961802 0.135577 0.001881 -65.808962 1.363453 3.279064 1.424220 62.939225 1.484987 95.701574 nan 3.871858 0.000076 719.135708 0.042280
177.500556 2007 208.443161 5.078624 479.156465 37.663150 0.114103 0.005800 -52.142647 2.037748 -0.162877 2.251973 54.161039 2.466197 80.740532 nan 3.871853 0.000076 719.138181 0.042451
184.500556 2007 194.503684 5.417544 587.832505 49.178724 -0.004527 0.046963 -59.398274 4.973739 -2.575534 4.488789 50.511901 4.003839 55.006335 nan 3.871847 0.000077 719.141605 0.042712
191.500556 2007 374.981838 13.727081 1229.553063 150.514972 0.098313 0.023129 -64.434033 1.667062 -5.715428 2.247911 49.791367 2.828760 89.939151 nan 3.871846 0.000077 719.142026 0.042903
198.500556 2007 572.057594 14.169533 1428.755983 71.979378 0.135288 0.002208 -65.673351 1.468022 -7.430599 1.237556 48.489776 1.007090 93.057089 nan 3.871835 0.000077 719.148305 0.042984
205.500556 2007 263.291704 6.029043 703.130630 43.911413 0.134259 0.001810 -65.887256 1.545457 -8.888436 1.170994 44.551331 0.796530 90.498833 nan 3.871832 0.000077 719.150123 0.043171
219.500556 2007 443.686462 11.369312 1049.252752 58.309190 0.129762 0.005941 -64.281451 2.527189 -10.146551 2.634607 42.457181 2.742025 82.248806 nan 3.871829 0.000078 719.152114 0.043537
226.500556 2007 283.040239 6.630474 723.077188 37.430009 0.133642 0.001699 -60.338099 1.551004 -9.297106 1.164629 38.090485 0.778254 82.258324 nan 3.871822 0.000078 719.155737 0.043572
240.500556 2007 240.742148 6.538013 789.531269 38.987135 0.126543 0.006231 -64.115819 2.694940 -7.472304 2.617545 40.445019 2.540150 72.332576 nan 3.871819 0.000079 719.157750 0.043906
247.500556 2007 700.598660 16.496535 1868.031322 62.301886 0.148889 0.009249 -60.286462 1.649811 -6.772523 2.180056 40.776422 2.710301 75.594237 nan 3.871822 0.000079 719.155886 0.043975
254.500556 2007 312.810621 7.122070 886.799418 38.997348 0.125214 0.002397 -52.152400 1.503928 -3.958000 1.351835 39.864768 1.199742 69.132946 nan 3.871816 0.000079 719.159260 0.044031
261.500556 2007 172.408913 4.120265 436.076737 20.058750 0.103205 0.003275 -46.246735 1.524873 -1.918785 1.503127 39.220620 1.481380 57.092162 nan 3.871822 0.000079 719.155898 0.044195
268.500556 2007 520.898410 15.821671 1316.896300 88.298004 0.151111 0.010614 -49.933688 3.157808 1.101254 2.227766 46.252871 1.297724 72.476867 nan 3.871820 0.000080 719.156969 0.044449
275.500556 2007 896.600654 20.666974 2343.461836 58.973956 0.139957 0.002342 -46.859786 1.301384 2.781316 1.249151 48.985491 1.196919 75.227715 nan 3.871831 0.000080 719.150996 0.044591
296.500556 2007 458.559730 11.963654 1087.790484 75.829546 0.143376 0.009129 -41.110370 2.511158 8.993752 1.934492 55.812286 1.357825 75.523161 nan 3.871830 0.000081 719.151896 0.045271
303.500556 2007 522.526901 12.614338 1366.457112 55.342096 0.146474 0.008639 -41.000325 2.450423 9.567225 1.865736 57.979167 1.281050 79.676186 nan 3.871832 0.000082 719.150539 0.045427
310.500556 2007 179.849725 3.969419 484.591073 14.898002 0.110597 0.001876 -33.248508 0.928215 10.711245 1.173307 57.085194 1.418399 69.691612 nan 3.871827 0.000082 719.153370 0.045598
317.500556 2007 148.453887 2.984613 296.152472 11.488408 0.134667 0.014275 -38.769235 3.756683 12.044340 2.957112 65.046754 2.157540 69.493424 nan 3.871830 0.000082 719.152060 0.045867
324.500556 2007 716.127345 28.431924 2714.478818 562.970554 0.162319 0.019200 -39.098516 5.790649 15.790151 3.617013 66.081905 1.443376 69.197943 nan 3.871818 0.000083 719.158370 0.046149
331.500556 2007 484.273881 10.395798 1078.026709 46.700361 0.157986 0.015445 -47.376989 4.958568 11.965038 3.221764 68.478607 1.484961 78.655456 nan 3.871823 0.000083 719.155603 0.046281
338.500556 2007 264.923802 5.979568 615.193619 10.799298 0.105983 0.002060 -39.233679 0.787797 6.471875 1.124102 61.479440 1.460406 73.712629 nan 3.871812 0.000083 719.161964 0.046481
345.164444 2007 266.517627 7.088332 814.497573 54.028512 0.135227 0.015831 -52.738512 5.234620 7.569072 3.763675 66.298977 2.292730 72.055023 nan 3.871694 0.000088 719.227601 0.048994
359.500556 2007 344.234373 7.077770 920.057137 28.590090 0.150725 0.013681 -63.165482 1.293358 -6.567373 3.320478 58.832538 5.347598 83.594583 nan 3.871802 0.000085 719.167970 0.047319
1.500556 2008 210.332996 4.772058 496.476139 17.233046 0.104487 0.002015 -58.067959 1.269409 -5.589671 1.096389 42.818637 0.923369 73.551888 nan 3.871790 0.000086 719.174542 0.047654
8.500556 2008 397.795466 9.417189 1217.913687 43.179349 0.151445 0.023593 -74.267156 1.602637 -15.637425 4.142280 53.291515 6.681924 74.511155 nan 3.871788 0.000086 719.175450 0.048051
15.500556 2008 520.004783 11.386579 1366.345489 50.209018 0.162500 0.015031 -70.769800 1.581006 -12.922597 3.313274 46.475838 5.045542 80.910494 nan 3.871781 0.000087 719.179439 0.048458
22.500556 2008 376.325405 8.072051 954.375579 44.825942 0.140705 0.008707 -70.406659 1.488725 -11.926320 2.039328 41.105320 2.589931 84.473087 nan 3.871779 0.000087 719.180788 0.048707
29.500556 2008 361.683942 14.508603 812.464575 150.542279 0.125103 0.001732 -65.925540 1.651327 -10.890937 1.180656 34.817147 0.709986 80.667654 nan 3.871775 0.000088 719.183067 0.049060
36.500556 2008 540.013980 12.792668 1474.944029 66.452360 0.142556 0.009307 -62.639153 1.191007 -11.263072 1.868614 38.845689 2.546222 80.144504 nan 3.871776 0.000089 719.182900 0.049472
43.500556 2008 656.376604 14.166607 1639.010951 45.222665 0.138889 0.003471 -59.000487 1.117222 -10.221820 1.201048 44.574822 1.284874 81.764325 nan 3.871774 0.000089 719.183805 0.049815
50.500556 2008 540.721461 11.032143 1214.141383 41.286397 0.140919 0.002680 -55.118478 1.015429 -7.684406 1.035722 40.375146 1.056016 79.611154 nan 3.871773 0.000090 719.184405 0.050045
57.500556 2008 642.711857 19.443445 1792.604365 232.544539 0.140333 0.009516 -51.772343 1.195589 -7.231022 1.902717 43.640585 2.609845 70.669211 nan 3.871772 0.000090 719.185004 0.050364
64.500556 2008 814.226043 18.978350 2119.816667 75.319530 0.133868 0.002238 -52.188873 1.219998 -4.340683 1.218166 42.366249 1.216333 73.789955 nan 3.871771 0.000091 719.186019 0.050794
71.500556 2008 1282.422765 218.930600 2698.034905 120.716237 0.149000 0.014343 -50.624081 4.884863 0.235681 4.047705 58.121660 3.210547 66.138745 nan 3.871776 0.000092 719.183242 0.051116
78.500556 2008 773.007584 18.166747 1884.374559 100.555150 0.144124 0.009365 -48.972738 2.891667 1.036570 2.059827 47.830570 1.227986 71.155681 nan 3.871775 0.000092 719.183980 0.051348
85.456111 2008 1069.888443 32.887385 3151.281774 284.689216 0.131624 0.003800 -45.166862 1.457242 2.070248 1.420999 53.197005 1.384755 72.345014 nan 3.871794 0.000094 719.173312 0.052299
98.620000 2008 990.947965 23.397196 2186.611706 53.054163 0.153655 0.013315 -41.011909 3.838997 6.434107 2.905140 60.338590 1.971283 75.084820 nan 3.871936 0.000109 719.094393 0.060627
106.500556 2008 612.364748 12.874633 1265.699355 56.145927 0.135391 0.002646 -40.599649 1.049422 7.078551 1.324421 59.293461 1.599419 79.243970 nan 3.871783 0.000095 719.179577 0.052741
113.500556 2008 654.975163 19.089455 2492.930963 125.642444 0.126132 0.002690 -42.277254 1.202380 8.309552 1.611793 62.146909 2.021206 76.992139 nan 3.871789 0.000095 719.176058 0.053070
120.500556 2008 793.377125 18.367767 2206.431415 77.928258 0.134259 0.001989 -43.111011 0.911624 9.053970 1.231446 64.113854 1.551269 84.204721 nan 3.871783 0.000096 719.179713 0.053470
127.500556 2008 490.853706 9.361496 1021.550006 29.826091 0.139403 0.001939 -41.898483 0.676365 9.245598 1.207129 65.514027 1.737893 89.871588 nan 3.871785 0.000096 719.178671 0.053715
134.500556 2008 233.105386 5.062375 557.224081 14.360532 0.108745 0.002064 -34.145893 0.791148 9.453605 1.124630 58.680994 1.458113 72.963735 nan 3.871777 0.000097 719.183333 0.053873
141.500556 2008 261.936679 6.548889 693.938905 56.314666 0.107922 0.011913 -46.151598 2.696312 9.647887 2.427603 67.786670 2.158895 79.029155 nan 3.871780 0.000097 719.181362 0.054099
148.500556 2008 189.988570 4.403267 542.319813 27.235973 0.134936 0.002102 -54.732579 1.034944 6.005713 1.221853 63.124800 1.408762 93.651701 nan 3.871770 0.000098 719.187273 0.054384
155.500556 2008 148.867265 3.585818 466.197513 26.261739 0.040705 0.049504 -48.108685 3.264959 5.421901 2.312459 63.254037 1.359960 88.663472 nan 3.871770 0.000098 719.187056 0.054515
162.500556 2008 126.004618 3.062104 380.650940 24.277740 0.129594 0.005275 -54.098756 0.944373 -0.416756 2.187834 59.854544 3.431295 91.495106 nan 3.871761 0.000098 719.192266 0.054618
176.500556 2008 267.404216 5.891738 720.435079 32.257924 0.128292 0.002951 -65.214194 1.610752 -4.972443 1.402171 49.686338 1.193589 90.411753 nan 3.871744 0.000099 719.201749 0.055080
190.500556 2008 130.978432 7.536595 1883.057186 290.242181 0.680556 0.038553 -63.872458 1.577244 -6.741158 1.212181 38.217278 0.847118 55.952398 nan 3.871730 0.000099 719.209664 0.055369
197.500556 2008 381.805221 9.159564 1090.929786 40.783312 0.140741 0.001604 -68.343335 1.570992 -10.990964 1.161683 47.585446 0.752373 94.178248 nan 3.871729 0.000100 719.210426 0.055581
204.500556 2008 300.723079 7.473163 848.230412 49.117933 0.137140 0.002428 -66.573467 1.471737 -11.565927 1.232104 46.292322 0.992471 89.567566 nan 3.871719 0.000100 719.216284 0.055842
211.500556 2008 142.114991 3.101106 373.194440 16.691371 0.122942 0.002609 -63.221514 1.508040 -12.565524 1.380941 36.002547 1.253841 78.491296 nan 3.871806 0.000102 719.167657 0.056560
218.475556 2008 74.920783 1.858282 179.242146 7.882045 -1.184465 0.284247 -51.795514 2.916464 -7.523472 1.817548 21.593416 0.718633 44.332522 nan 3.871920 0.000103 719.104200 0.057134
225.500556 2008 396.556120 10.499909 992.508330 64.027453 0.139712 0.002127 -62.673948 1.491537 -10.524297 1.309966 40.501303 1.128396 81.756753 nan 3.871877 0.000103 719.128223 0.057288
232.500556 2008 296.720367 8.344280 833.206650 56.319755 0.134081 0.002797 -64.306069 1.541907 -10.120283 1.467920 38.422782 1.393933 76.127008 nan 3.871870 0.000103 719.132431 0.057452
239.500556 2008 126.449392 2.917355 330.226786 12.490133 0.111752 0.002137 -52.853046 1.445666 -8.822697 1.336317 32.534079 1.226968 63.380623 nan 3.871877 0.000103 719.128457 0.057496
246.500556 2008 408.269597 16.143944 2047.034857 145.844174 0.099893 0.007595 -53.944620 3.184076 -4.729752 2.638080 39.149217 2.092084 54.959997 nan 3.871872 0.000103 719.131394 0.057601
253.500556 2008 310.885573 6.419418 758.488105 28.888416 0.138462 0.002077 -53.346662 1.168866 -3.979972 1.231107 42.066385 1.293348 74.216697 nan 3.871881 0.000104 719.126327 0.057814
260.500556 2008 290.037273 8.421029 867.898050 60.591157 0.137333 0.010085 -49.927645 1.727956 -2.673096 2.281439 43.027461 2.834921 66.894822 nan 3.871881 0.000104 719.126156 0.058029
274.500556 2008 231.916379 9.858425 1462.990035 126.903534 1.815316 0.199002 -46.597928 2.577014 -17.841831 3.737461 47.872990 4.897908 31.979131 nan 3.871889 0.000105 719.121792 0.058352
281.500556 2008 473.140891 26.477871 1410.745613 256.391054 0.139209 0.010322 -42.644818 3.230198 5.904697 2.336200 50.539167 1.442202 70.956958 nan 3.871896 0.000105 719.118109 0.058660
288.500556 2008 554.995882 15.737415 1388.098679 113.142493 0.136111 0.002038 -42.015770 0.845830 5.340441 1.048208 53.249972 1.250586 78.477829 nan 3.871894 0.000106 719.119257 0.058922
295.500556 2008 163.805678 3.517068 389.547988 26.427242 0.123560 0.003065 -37.693139 1.259485 7.473978 1.345585 56.407378 1.431685 74.319419 nan 3.871896 0.000106 719.118481 0.059059
302.500556 2008 194.046226 5.220724 717.714754 46.661567 -0.343237 0.177996 -44.157360 4.949449 8.973461 4.426264 55.811089 3.903078 45.309006 nan 3.871894 0.000106 719.119665 0.059289
309.500556 2008 137.771187 4.098124 397.042321 30.900440 0.014957 0.065336 -37.415372 2.561520 10.538573 2.000617 61.361912 1.439713 76.343099 nan 3.871890 0.000107 719.121876 0.059614
316.500556 2008 177.266784 4.920537 586.447969 27.614919 0.059987 0.010150 -42.194938 5.289934 6.519768 5.226743 65.117155 5.163553 30.092434 nan 3.871888 0.000107 719.122878 0.059851
337.500556 2008 72.901142 3.950729 259.109334 42.735270 1.668876 0.152678 -48.419997 3.305021 3.475593 3.721827 54.893049 4.138633 67.287690 nan 3.871870 0.000109 719.133363 0.060544
365.500556 2008 56.080760 2.570796 241.517665 23.471338 -195.999044 23.310689 -70.645404 4.310833 12.138254 4.248296 41.589466 4.185758 14.321909 nan 3.871838 0.000111 719.151143 0.061922
34.500556 2009 119.529615 4.846979 488.041337 58.634970 1.925500 0.227048 -56.852800 2.850065 -0.847116 2.979252 35.635807 3.108438 34.338880 nan 3.871832 0.000114 719.155548 0.063771
41.500556 2009 76.638490 5.012509 270.265664 55.174636 -3.952388 0.288972 -53.875656 2.900913 -29.190519 2.607180 48.170377 2.313448 29.160094 nan 3.871825 0.000115 719.159441 0.064015
48.500556 2009 193.012743 5.766457 621.572316 45.939311 0.051486 0.007398 -56.080661 4.153951 -10.512084 4.308997 38.863160 4.464043 28.342431 nan 3.871830 0.000116 719.156451 0.064388
55.500556 2009 86.830415 2.837449 298.387149 26.802551 -0.527991 0.117715 -50.347186 4.185778 3.807397 4.237381 39.807796 4.288984 18.395981 nan 3.871823 0.000116 719.160421 0.064823
69.500556 2009 112.106341 4.087525 383.070962 30.029416 0.028832 0.211209 -48.069689 3.967762 -13.650525 4.013635 46.271942 4.059508 19.967190 nan 3.871834 0.000117 719.154776 0.065417
76.500556 2009 128.278766 4.103051 471.665844 31.333642 0.001870 0.016561 -44.008806 3.911859 2.226723 3.881790 45.446385 3.851721 16.232884 nan 3.871845 0.000118 719.148821 0.065837
83.500556 2009 88.938720 2.818324 365.982856 14.184115 -0.005606 0.016641 -41.296222 4.394789 0.885404 4.369743 51.724748 4.344698 12.027793 nan 3.871840 0.000119 719.151541 0.066276
97.500556 2009 62.491156 3.511778 550.699734 54.313037 0.408201 0.206254 -39.130633 6.607435 2.969700 6.906507 57.958209 7.205580 24.727339 nan 3.871848 0.000120 719.147279 0.066869
125.500556 2009 103.024408 5.418075 712.531841 84.396637 1.077333 0.253003 -40.831802 5.732074 4.272039 5.858836 58.775685 5.985599 60.825240 nan 3.871843 0.000122 719.150572 0.067931
174.500556 2009 15.683118 1.064241 217.593390 10.670358 -0.076543 0.048345 -68.918221 11.173205 -2.845432 11.382083 59.739129 11.590961 9.405067 nan 3.871786 0.000124 719.182327 0.069085
202.500556 2009 383.265084 16.130954 1715.079419 337.729391 -0.236174 0.065688 -64.385235 4.424358 -10.271482 4.404378 35.927980 4.384399 49.125676 nan 3.871770 0.000125 719.191759 0.069685
216.500556 2009 111.079746 3.389661 361.299254 28.608766 0.836534 0.317479 -61.426951 3.984493 -15.432626 4.291763 33.700739 4.599033 28.240970 nan 3.871764 0.000126 719.195063 0.069977
230.500556 2009 98.190381 4.269320 576.745825 58.288633 2.179602 0.163821 -57.557738 2.812424 12.609059 2.585745 39.169713 2.359066 20.612478 nan 3.871763 0.000126 719.195764 0.070036
293.500556 2009 93.431488 4.693633 842.174537 63.428930 -0.059217 0.128249 -40.020692 3.969037 8.478140 3.512482 59.334034 3.055928 65.468559 nan 3.871793 0.000129 719.179842 0.071876
307.500556 2009 98.174458 3.394713 399.908598 30.514465 -0.209157 0.055794 -46.096588 4.480399 -1.187942 4.565915 63.408894 4.651431 14.207636 nan 3.871788 0.000130 719.182690 0.072363
321.500556 2009 44.621404 1.854636 220.672999 13.280802 1.561111 0.290834 -65.989477 4.382584 -25.398831 4.513905 52.925917 4.645227 19.590029 nan 3.871775 0.000131 719.189722 0.072785
328.500556 2009 44.465336 1.844920 203.570935 12.809610 -1.374269 0.199438 -57.546103 5.341236 19.273774 5.132897 57.035441 4.924557 12.706380 nan 3.871758 0.000131 719.199457 0.073153
33.500556 2010 78.530690 3.034560 359.290116 21.890964 1.306168 0.291773 -58.510542 3.603734 -10.319768 3.921126 48.746424 4.238518 29.129857 nan 3.871809 0.000139 719.172844 0.077349
47.500556 2010 164.543947 5.982727 622.311759 54.308871 1.566785 0.360909 -51.843336 4.005509 -0.789633 3.799583 36.810664 3.593657 25.012013 nan 3.871883 0.000141 719.131526 0.078488
68.500556 2010 100.446391 4.075095 410.449995 37.722713 -0.397366 0.084472 -44.088393 3.732910 -0.491543 3.743243 46.885574 3.753577 33.024030 nan 3.871905 0.000143 719.119735 0.079649
75.500556 2010 62.096777 2.332953 266.169026 16.529144 -0.874897 0.165383 -43.077370 4.168962 -12.710176 4.203947 49.609998 4.238932 10.209062 nan 3.871905 0.000144 719.120318 0.080096
81.386667 2010 40.903150 1.904266 196.073424 11.670720 -0.785526 0.151725 -40.493068 4.708836 1.037706 4.991879 45.890439 5.274922 35.866134 nan 3.872081 0.000175 719.022379 0.097357
89.500556 2010 120.973332 5.141434 453.483340 57.791266 0.245465 0.292175 -44.341583 4.881935 -0.868109 4.677227 52.860659 4.472518 34.427938 nan 3.871913 0.000145 719.115848 0.080734
96.500556 2010 4279.264771 133.692556 16018.573217 1272.652429 0.125694 0.005535 -45.708460 1.879574 3.190528 2.293171 57.710425 2.706769 75.200671 nan 3.871912 0.000146 719.116772 0.081214
102.133889 2010 2265.330825 97.505839 8678.948647 1034.085117 0.123958 0.003372 -41.775405 0.798442 4.150311 1.501435 56.564248 2.204429 76.603286 nan 3.871840 0.000188 719.156992 0.104599
110.500556 2010 339.081196 8.976672 1290.881000 69.427771 0.113462 0.002720 -38.420307 0.932713 5.622507 1.264574 52.783351 1.596434 73.457840 nan 3.871908 0.000146 719.119136 0.081620
117.500556 2010 165.601734 3.899615 575.613100 24.230320 0.087073 0.007613 -42.558082 2.596846 4.313944 2.690822 56.065303 2.784797 57.786028 nan 3.871908 0.000147 719.118872 0.081865
131.500556 2010 926.789355 21.587530 2203.154219 67.527867 0.129167 0.002010 -51.354172 0.893851 1.643000 1.078316 59.836621 1.262780 88.519209 nan 3.871893 0.000148 719.127537 0.082292
138.500556 2010 436.214987 11.070779 1293.183346 70.932989 0.119959 0.002754 -57.763549 1.341775 -0.667825 1.283700 54.367363 1.225624 83.386050 nan 3.872073 0.000145 719.026682 0.080811
145.500556 2010 335.557383 22.822144 1365.377393 440.434277 0.084671 0.003784 -55.307779 1.543834 -2.798021 1.673394 47.546878 1.802955 59.612485 nan 3.871874 0.000148 719.138287 0.082440
159.500556 2010 716.896721 16.435584 1600.722928 53.107634 0.125720 0.001914 -64.112361 1.402446 -8.920201 1.157454 44.552458 0.912462 87.492660 nan 3.871853 0.000149 719.150287 0.082895
166.500556 2010 467.769964 10.066929 990.793512 51.182715 0.124794 0.003586 -69.288603 1.801132 -10.955227 1.542999 48.727874 1.284866 85.968196 nan 3.871838 0.000149 719.158429 0.082917
173.500556 2010 251.585085 5.046897 558.889468 16.988521 0.119444 0.003225 -68.889233 1.672616 -13.921512 1.560333 40.035973 1.448051 81.321982 nan 3.871834 0.000149 719.160713 0.083191
180.500556 2010 411.962424 8.917635 1045.209530 40.977823 0.139198 0.002308 -70.549592 1.609959 -14.482057 1.221065 38.923172 0.832171 91.112835 nan 3.871821 0.000150 719.168122 0.083459
187.500556 2010 219.748329 4.847190 629.635138 27.352935 0.130658 0.001607 -66.543850 1.395096 -16.158805 1.176002 33.768165 0.956908 83.370113 nan 3.871826 0.000150 719.165405 0.083548
194.500556 2010 144.316334 3.061858 384.756064 13.170909 0.119033 0.003324 -66.653606 1.317113 -17.184701 1.427952 31.306829 1.538791 73.793334 nan 3.871822 0.000150 719.167908 0.083519
208.500556 2010 313.410769 9.208134 1115.582912 60.867844 0.571368 0.321468 -66.100710 4.303011 -14.530223 4.019492 59.025208 3.735973 74.229865 nan 3.871815 0.000151 719.171515 0.083865
215.500556 2010 1145.136525 41.587260 6308.933312 495.689082 0.133868 0.003688 -62.975279 1.436942 -14.056834 1.440735 31.360649 1.444529 72.690305 nan 3.871825 0.000150 719.166045 0.083854
222.500556 2010 734.760133 19.909726 2316.400000 204.957815 0.130235 0.001908 -59.236813 1.144329 -12.372589 1.272919 31.673173 1.401509 69.589742 nan 3.871823 0.000150 719.167328 0.083842
229.500556 2010 316.455248 7.242949 963.588039 28.898023 0.125778 0.009686 -54.749449 1.208241 -11.757122 1.630670 31.892396 2.053099 61.191546 nan 3.871833 0.000151 719.161997 0.084060
236.500556 2010 471.270677 12.241737 1449.860523 69.802050 0.071154 0.044177 -52.082069 1.593628 -10.124809 2.335886 38.034848 3.078144 58.915969 nan 3.871833 0.000151 719.161913 0.084297
243.500556 2010 410.708067 8.786521 1133.771391 47.651376 0.155111 0.013070 -49.868375 1.025316 -8.112629 2.065646 39.447576 3.105977 67.110574 nan 3.871845 0.000151 719.155295 0.084397
250.500556 2010 209.766068 3.945153 440.375000 13.446204 0.130350 0.002619 -46.832497 0.815903 -4.504784 1.102121 38.946459 1.388338 68.056837 nan 3.871850 0.000152 719.152579 0.084514
257.500556 2010 165.819373 4.230975 460.729770 39.418018 0.101646 0.019684 -43.341989 2.472395 -1.281321 2.026563 43.197306 1.580730 63.438733 nan 3.871853 0.000152 719.151098 0.084872
264.500556 2010 116.214865 4.348930 403.657177 50.872918 -1.845698 0.325585 -40.757075 5.527505 16.885719 3.186245 46.889399 0.844986 34.192056 nan 3.871855 0.000153 719.149763 0.085174
285.500556 2010 444.995433 13.002590 1423.343817 89.083665 2.029966 0.445148 -42.483607 0.642564 -10.163745 3.537379 57.714477 6.432194 49.198621 nan 3.871854 0.000154 719.150706 0.085823
292.500556 2010 197.806588 8.857107 596.190200 67.188310 -0.024502 0.041521 -45.311431 4.668984 3.727338 4.511483 56.113244 4.353983 36.382433 nan 3.871844 0.000155 719.156602 0.086092
299.500556 2010 536.577793 13.626673 1350.384471 84.206721 0.166919 0.016527 -49.201263 6.124926 8.249106 3.739637 62.504867 1.354349 75.806050 nan 3.871843 0.000155 719.156923 0.086148
306.500556 2010 194.554924 4.492753 462.161110 21.469119 0.099893 0.002511 -43.088482 0.969790 1.625288 1.131140 50.291559 1.292490 67.147786 nan 3.871834 0.000155 719.161991 0.086345
313.500556 2010 300.704057 12.587534 1756.622239 365.690810 0.090491 0.005896 -60.698233 2.104600 -0.057753 2.137738 56.918009 2.170875 61.741520 nan 3.871825 0.000156 719.167395 0.086737
320.500556 2010 233.183547 5.127209 607.042845 36.120939 0.172348 0.018423 -61.211703 1.198392 -9.349571 4.181107 64.488438 7.163823 73.573141 nan 3.871814 0.000156 719.173570 0.087069
327.500556 2010 108.366962 2.277834 231.672320 10.214160 0.112860 0.006103 -68.413105 2.194503 -6.389141 2.657824 56.239720 3.121146 78.269316 nan 3.871806 0.000157 719.178233 0.087266
348.500556 2010 135.901653 4.765557 501.815766 44.965304 -0.021164 0.028880 -72.371311 5.190510 -12.913707 5.460511 56.395240 5.730511 32.579633 nan 3.871779 0.000159 719.193639 0.088762
4.500556 2011 67.937903 3.181820 238.243533 33.854732 1.680000 0.068413 -61.474627 1.047260 -38.296719 1.344191 35.640986 1.641122 42.579518 nan 3.871765 0.000162 719.201986 0.090095
11.500556 2011 160.785627 4.171229 555.418676 19.121291 0.053642 0.007095 -63.989716 4.352414 -15.864585 4.658983 51.987821 4.965552 29.822435 nan 3.871766 0.000162 719.201804 0.090491
30.811667 2011 21.371906 1.528575 104.337879 13.651146 0.577865 0.037042 -53.359987 2.809747 21.357779 2.778754 36.839030 2.747761 21.670581 nan 3.871895 0.000227 719.129719 0.126247
39.500556 2011 364.903571 10.131841 1144.180016 63.559952 0.094097 0.009355 -53.807035 4.285759 -9.190869 4.051287 41.384744 3.816816 49.466177 nan 3.871776 0.000165 719.196632 0.092082
46.500556 2011 189.808591 4.666543 456.855241 25.437234 0.103544 0.008982 -48.893276 2.093868 -10.517683 2.271156 33.110656 2.448443 57.245930 nan 3.871780 0.000166 719.194466 0.092302
60.500556 2011 779.293094 26.122079 3188.455542 232.574961 -0.671296 0.262771 -48.435524 1.665668 -14.655419 2.807410 43.899964 3.949152 42.376699 nan 3.871797 0.000168 719.185407 0.093357
67.500556 2011 945.282851 30.092460 2778.982949 388.432326 0.122428 0.003567 -45.860450 1.210692 -2.997548 1.424871 43.599102 1.639050 65.893646 nan 3.871804 0.000168 719.181913 0.093745
74.500556 2011 776.111510 20.900867 2364.818414 205.529781 0.125617 0.002989 -43.556725 0.936826 -1.381816 1.214251 45.868403 1.491676 69.073608 nan 3.871798 0.000169 719.185226 0.093972
81.500556 2011 238.218459 4.924425 500.926898 25.529662 0.124074 0.003897 -44.007890 1.197055 0.495256 1.461127 48.364519 1.725200 70.606759 nan 3.871803 0.000169 719.182552 0.094439
88.500556 2011 213.022329 10.093445 714.385458 139.376424 0.071688 0.014253 -34.172455 2.929281 3.170899 2.564260 54.106649 2.199239 34.049819 nan 3.871796 0.000170 719.186963 0.094883
95.500556 2011 806.803826 20.996731 2180.271205 140.825391 0.130761 0.003131 -42.104929 0.842499 2.630550 1.252982 56.875640 1.663466 78.886264 nan 3.871803 0.000171 719.182787 0.095068
123.501667 2011 1281.754193 31.663159 2720.027385 145.429268 0.134295 0.001763 -56.823616 1.057192 0.486411 1.193324 61.456128 1.329455 90.566836 nan 3.871777 0.000172 719.197946 0.095688
128.912778 2011 689.033929 21.993999 1513.799906 65.321786 0.122818 0.001846 -51.004349 1.103006 -1.919077 1.161060 47.457167 1.219113 83.810302 nan 3.871331 0.000230 719.446102 0.128395
137.501667 2011 365.598154 7.927473 795.518839 35.135371 0.125000 0.002459 -58.125995 1.561772 -3.030984 1.392889 54.712930 1.224007 86.120042 nan 3.871752 0.000172 719.212112 0.095966
144.501667 2011 297.425501 18.552801 1130.260732 405.707021 0.081893 0.003781 -54.229217 1.562375 -7.203762 1.524944 35.969399 1.487512 57.085432 nan 3.871736 0.000173 719.221003 0.096240
151.501667 2011 1550.773852 38.678511 4179.154034 364.701281 0.136420 0.001787 -70.124370 1.468565 -10.148241 1.074238 42.717104 0.679911 93.247720 nan 3.871726 0.000173 719.226740 0.096277
158.501667 2011 598.230599 16.106591 1520.363517 152.308067 0.126235 0.001756 -66.238573 1.719254 -12.730556 1.299469 38.682723 0.879685 85.821966 nan 3.871716 0.000173 719.231950 0.096434
165.501667 2011 241.352008 5.172208 558.705756 30.624873 0.128910 0.002150 -67.944940 1.578261 -14.736351 1.288627 37.391486 0.998993 85.820308 nan 3.871718 0.000174 719.231304 0.096729
172.501667 2011 325.305377 10.002738 1326.094908 77.056095 0.111214 0.019745 -71.194157 1.598922 -15.987079 1.548230 52.730704 1.497538 84.582088 nan 3.871709 0.000174 719.236522 0.096970
179.501667 2011 311.617346 7.718924 916.442585 37.480509 0.128909 0.003132 -68.895698 1.564297 -17.317520 1.424218 31.717716 1.284140 80.571806 nan 3.871708 0.000174 719.237008 0.096931
186.501667 2011 405.326087 12.221698 1069.901334 78.318420 0.125427 0.002215 -67.635265 1.549588 -18.092900 1.425749 30.630863 1.301910 75.444504 nan 3.871703 0.000174 719.239506 0.097024
193.501667 2011 311.116790 6.677341 856.938695 27.782528 0.148889 0.010162 -69.699121 1.301136 -17.577404 1.749569 34.517047 2.198002 78.164603 nan 3.871701 0.000175 719.240756 0.097262
200.501667 2011 384.222886 10.040553 1226.992432 83.098801 0.116567 0.013175 -64.091355 1.193079 -17.756131 1.562461 33.177039 1.931843 73.088621 nan 3.871698 0.000175 719.242807 0.097381
207.501667 2011 297.309649 6.832326 844.767866 37.102688 0.130876 0.002328 -62.628109 1.110041 -15.652128 1.302492 28.905319 1.494944 69.714672 nan 3.871706 0.000175 719.238080 0.097269
214.501667 2011 352.864850 18.941127 1313.113306 344.490991 0.007479 0.064339 -58.551626 1.200100 -15.691891 1.879080 29.744682 2.558060 64.046557 nan 3.871709 0.000175 719.236251 0.097393
228.501667 2011 310.907269 6.507049 684.054187 31.512352 0.141239 0.008940 -51.394833 0.964707 -10.313114 1.499070 32.679859 2.033434 65.101599 nan 3.871898 0.000178 719.131792 0.099130
242.501667 2011 54.396071 1.756317 124.455022 14.660676 -1.041059 0.588149 -43.465915 3.356497 -1.148182 3.733187 39.490186 4.109878 53.075104 nan 3.871909 0.000179 719.125878 0.099468
249.501667 2011 375.420954 21.151823 1137.711334 246.146261 0.056165 0.010519 -42.573159 4.045304 -2.397892 4.014843 44.481997 3.984381 32.977800 nan 3.871918 0.000179 719.121338 0.099909
256.501667 2011 1672.286304 44.695860 5383.833286 285.152114 0.137073 0.008785 -42.832035 0.741075 -2.351067 1.660971 48.363517 2.580867 66.240044 nan 3.871919 0.000180 719.120873 0.100168
263.501667 2011 446.163167 16.251199 1593.955159 262.815963 0.109877 0.005115 -39.062851 1.484962 -0.557287 1.596156 44.767963 1.707351 61.083164 nan 3.871916 0.000180 719.122683 0.100271
270.501667 2011 1085.492398 34.980634 4862.133286 347.545290 0.111934 0.006810 -48.694276 1.986946 0.853133 2.025600 53.925285 2.064254 64.270199 nan 3.871921 0.000181 719.119737 0.100597
277.501667 2011 783.225876 20.069384 2015.233320 200.030947 0.147801 0.013503 -43.374116 0.746611 -1.937597 2.639620 52.672112 4.532629 70.158093 nan 3.871917 0.000181 719.122367 0.100997
284.501667 2011 254.810279 6.529253 671.105745 50.284515 0.109081 0.003357 -38.010399 1.180892 2.431143 1.270366 49.474446 1.359839 67.694393 nan 3.871910 0.000182 719.126064 0.101207
291.501667 2011 72.419338 1.558035 195.103279 9.858765 -0.433440 0.130139 -38.370242 4.003755 -0.307458 3.794705 47.818901 3.585655 25.526862 nan 3.871906 0.000182 719.128751 0.101242
298.501667 2011 372.810350 13.832703 1774.490471 266.337245 -0.436706 0.165648 -45.459384 1.745213 2.087756 2.380682 49.599861 3.016151 68.505770 nan 3.871893 0.000182 719.135982 0.101545
305.501667 2011 463.280131 15.769246 1430.902052 165.204428 0.096444 0.025813 -54.209773 2.937127 -1.439287 3.043882 52.298570 3.150636 70.955388 nan 3.871877 0.000183 719.144789 0.102063
312.501667 2011 208.392854 4.807029 532.634574 36.963653 0.114403 0.002689 -55.579777 1.412336 -3.375684 1.307009 47.516059 1.201683 77.725092 nan 3.871873 0.000184 719.147570 0.102328
326.501667 2011 51.499823 1.440639 140.107128 11.444614 0.150976 0.407160 -64.964782 4.471660 -14.830795 5.468058 44.178472 6.464456 52.666036 nan 3.871849 0.000185 719.161365 0.103130
333.501667 2011 150.165788 4.825230 538.940361 43.405875 0.032763 0.019193 -70.976978 5.072683 -12.983212 5.134464 37.950785 5.196245 47.235132 nan 3.871838 0.000186 719.167593 0.103801
10.501667 2012 66.241844 2.103737 288.271059 8.084329 0.016564 0.000770 -61.745977 4.193957 -18.730323 4.381586 31.232819 4.569215 8.465524 nan 3.871817 0.000191 719.180562 0.106391
17.501667 2012 62.356237 2.206566 260.638133 15.512635 -0.132424 0.036491 -58.152578 3.652148 -14.031577 3.677976 27.305342 3.703805 14.411436 nan 3.871830 0.000192 719.173469 0.106924
24.501667 2012 763.238677 23.946315 2983.597292 318.247290 0.077395 0.027742 -58.245343 2.218865 -14.252583 2.065582 37.955724 1.912298 58.625759 nan 3.871827 0.000193 719.175800 0.107487
31.501667 2012 320.387413 7.613341 749.227745 43.214091 0.120165 0.002356 -52.878714 1.046193 -13.131277 1.331911 30.079800 1.617630 61.432102 nan 3.871839 0.000193 719.168733 0.107734
38.501667 2012 268.113508 6.348856 760.868590 33.300910 0.129527 0.002441 -50.452537 0.986943 -11.032316 1.321630 37.760979 1.656317 64.927835 nan 3.871847 0.000194 719.164544 0.108109
45.501667 2012 708.484664 22.626502 2447.951545 198.641999 0.123148 0.003149 -47.511209 1.213795 -8.843683 1.373415 36.074635 1.533035 62.006240 nan 3.871865 0.000195 719.155101 0.108666
52.501667 2012 601.440035 15.770890 1473.810193 114.618093 0.123045 0.002444 -44.215390 0.770007 -6.774672 1.184519 35.123527 1.599032 62.524401 nan 3.871859 0.000196 719.158723 0.109230
59.501667 2012 686.244720 24.113772 2156.154784 356.547731 0.125823 0.002874 -43.278660 1.463512 -4.294631 1.528219 39.431971 1.592925 64.789899 nan 3.871867 0.000196 719.154336 0.109466
66.501667 2012 1334.523115 50.470593 5454.038323 801.030811 0.191402 0.069535 -40.772510 0.822855 -3.122817 1.459958 40.167481 2.097062 64.672400 nan 3.871868 0.000197 719.153996 0.109846
73.501667 2012 1603.729743 47.131594 6100.642857 472.075064 0.129732 0.002394 -41.390144 0.623389 -0.485335 1.165120 54.085725 1.706850 71.275888 nan 3.871865 0.000198 719.155753 0.110364
80.501667 2012 1596.631648 42.067655 4639.219036 252.571846 0.130556 0.002598 -40.249932 0.646763 0.304152 1.065371 48.172947 1.483980 74.177049 nan 3.871863 0.000199 719.157358 0.110695
87.501667 2012 773.095198 20.707541 2524.773786 176.254429 0.121688 0.003755 -44.943393 1.074152 1.052337 1.331552 50.699337 1.588953 72.399107 nan 3.871865 0.000199 719.155780 0.110696
94.501667 2012 771.822889 36.514975 4108.094124 1330.685984 0.123184 0.003089 -47.753723 1.018512 0.977808 1.248443 51.752796 1.478374 75.916401 nan 3.871856 0.000199 719.161027 0.110869
101.501667 2012 652.081114 19.186651 1942.354708 261.036975 0.124466 0.002682 -47.768758 0.932133 0.693182 1.119670 50.676821 1.307207 78.926074 nan 3.871849 0.000200 719.164921 0.111168
108.054444 2012 416.584082 12.651121 1170.206259 59.603064 0.128518 0.002073 -48.793956 1.090926 0.304157 1.207653 50.430944 1.324380 83.610456 nan 3.871759 0.000259 719.214876 0.144057
116.298889 2012 2264.187010 74.583692 10389.471913 443.919284 0.103175 0.012546 -52.637951 5.324102 4.513893 3.529492 59.439553 1.734882 75.647221 nan 3.871723 0.000205 719.234935 0.114135
129.501667 2012 970.057278 25.852431 3049.866600 155.018411 0.116461 0.002890 -58.198807 1.546643 -5.773253 1.279186 44.222161 1.011729 79.044146 nan 3.871800 0.000200 719.192528 0.111623
136.501667 2012 624.767841 14.345791 1328.479046 49.240835 0.125411 0.001714 -60.835170 1.390640 -8.800509 1.043692 40.952065 0.696744 84.972372 nan 3.871784 0.000201 719.201711 0.111774
143.501667 2012 623.282913 20.146268 1319.382211 202.086406 0.126646 0.002327 -69.214919 1.726031 -11.358822 1.295925 38.020675 0.865819 85.242444 nan 3.871773 0.000201 719.207879 0.111752
150.501667 2012 240.387023 4.885628 536.698000 21.785014 0.120885 0.002186 -65.216202 1.510182 -14.001316 1.282148 34.760318 1.054113 80.589082 nan 3.871769 0.000201 719.210032 0.111948
157.501667 2012 898.501207 21.680575 2387.955524 49.567841 0.129115 0.002842 -69.625711 1.683445 -15.732253 1.346353 33.644086 1.009261 83.462242 nan 3.871763 0.000202 719.213773 0.112320
164.501667 2012 888.426043 24.950284 2405.370650 263.515386 0.127058 0.001959 -67.604878 1.429333 -17.517255 1.276956 31.113719 1.124578 80.490763 nan 3.871762 0.000202 719.214450 0.112405
171.501667 2012 1208.258835 37.302033 4234.438107 482.122704 0.130449 0.003152 -70.198188 1.307780 -18.820502 1.481202 31.235709 1.654625 78.796461 nan 3.871752 0.000201 719.220058 0.112275
178.448889 2012 488.119088 14.213933 1663.285714 183.487486 0.121367 0.002725 -67.507393 1.339314 -19.561693 1.389226 27.218470 1.439138 71.700990 nan 3.871951 0.000202 719.108423 0.112629
192.501667 2012 1600.463152 45.254181 5346.222074 566.706158 0.133889 0.009718 -63.564766 1.304254 -18.407563 1.516978 26.564066 1.729702 66.346154 nan 3.871758 0.000202 719.216669 0.112637
199.501667 2012 3256.256266 103.172899 14723.894500 754.137782 0.121688 0.004529 -59.210705 1.271096 -17.119381 1.558603 28.319308 1.846111 62.481267 nan 3.871759 0.000202 719.216129 0.112555
206.501667 2012 1689.767116 48.140063 7054.933179 297.840744 0.153472 0.013390 -56.857024 0.982590 -15.703156 1.591914 29.183447 2.201238 65.093343 nan 3.871771 0.000202 719.209639 0.112750
213.501667 2012 822.257388 22.294506 3214.795179 169.812737 0.133333 0.008498 -51.832271 0.837471 -13.736738 1.217682 26.930007 1.597894 60.980685 nan 3.871779 0.000203 719.205429 0.113087
220.501667 2012 391.021438 8.951364 1082.882869 73.657922 0.123663 0.002360 -48.072917 0.800659 -11.512878 1.037564 29.231818 1.274469 59.717830 nan 3.871795 0.000203 719.196104 0.113189
227.501667 2012 301.830602 7.393950 831.419502 44.855971 0.125000 0.002702 -45.344541 0.709404 -9.166586 1.028999 32.679485 1.348595 60.384021 nan 3.871797 0.000203 719.195294 0.113264
234.501667 2012 366.912693 8.016083 898.070504 34.502967 0.132305 0.003075 -43.910160 0.672847 -6.952328 1.048266 37.918684 1.423685 63.953785 nan 3.871801 0.000204 719.193285 0.113645
241.501667 2012 231.381231 4.891324 560.732388 33.800166 0.138675 0.009419 -42.851527 0.728951 -6.376039 1.624069 37.820195 2.519188 62.895128 nan 3.871801 0.000205 719.193603 0.114068
248.501667 2012 955.838204 33.263146 4335.755750 472.402693 0.087243 0.018829 -37.352361 0.684191 -4.696259 1.525028 38.042000 2.365864 54.662193 nan 3.871805 0.000205 719.191238 0.114219
255.501667 2012 479.818391 11.008351 1175.441473 52.331791 0.122634 0.001943 -38.534220 0.493376 -1.719431 0.826903 41.716689 1.160430 65.753034 nan 3.871797 0.000205 719.195709 0.114355
262.501667 2012 367.674755 9.947171 870.885855 82.729999 0.143333 0.012418 -41.290325 0.705191 -3.588362 2.257361 47.054720 3.809532 64.113555 nan 3.871806 0.000206 719.191103 0.114754
276.501667 2012 397.499357 16.967974 2043.543882 449.563520 0.587444 0.326134 -40.562587 3.779354 2.539265 3.345957 44.876278 2.912560 57.551289 nan 3.871790 0.000207 719.200375 0.115136
283.137778 2012 2277.834006 92.688619 13694.208167 1103.376524 0.126087 0.011547 -48.870169 3.953034 3.039160 2.869618 54.474773 1.786203 68.488811 nan 3.871434 0.000218 719.398555 0.121502
290.501667 2012 2403.320207 73.309706 9753.047107 740.827829 0.149653 0.013051 -56.284069 1.398497 -3.256498 3.132987 53.634093 4.867478 75.774726 nan 3.871776 0.000208 719.208413 0.115707
304.501667 2012 717.711488 20.502094 2660.804786 123.341866 0.105967 0.003582 -63.372585 1.649761 -4.698189 1.454717 46.192633 1.259674 70.450268 nan 3.871744 0.000209 719.226339 0.116344
311.501667 2012 321.268724 7.238138 666.386357 46.488745 0.123354 0.003516 -67.565878 1.874362 -6.116272 1.555269 49.803968 1.236176 82.278289 nan 3.871723 0.000210 719.238258 0.116766
339.501667 2012 93.681923 2.115053 259.064760 5.117652 0.060082 0.006816 -64.082801 2.484929 -17.736305 2.528972 24.763075 2.573016 39.655331 nan 3.871701 0.000213 719.251924 0.118958
15.285000 2013 245.668304 7.996648 823.032238 52.479344 0.665900 0.314516 -57.543749 3.281164 -17.991151 3.695956 37.576923 4.110749 46.629985 nan 3.871741 0.000225 719.231100 0.125440
22.246111 2013 164.461598 4.406433 534.943194 30.783191 0.070139 0.025125 -51.834876 2.501986 -14.888273 2.869965 28.102949 3.237944 52.747487 nan 3.871714 0.000228 719.246489 0.127018
29.207222 2013 298.084647 9.330743 855.227937 66.380842 0.105144 0.008508 -50.792803 2.692941 -12.714527 2.915232 31.458764 3.137524 50.789713 nan 3.871794 0.000231 719.202520 0.128777
36.118333 2013 108.369422 3.454506 366.534251 34.568110 -0.234760 0.079404 -52.227623 3.286016 -12.994772 3.804073 37.924528 4.322131 26.101099 nan 3.872173 0.000235 718.991450 0.130834
50.501667 2013 110.888024 3.827104 449.133902 29.299330 -0.007959 0.016828 -40.412448 3.246823 -5.959214 3.362242 37.442306 3.477661 21.680338 nan 3.871840 0.000225 719.177745 0.125133
57.501667 2013 373.573528 18.546796 1446.303869 315.432661 -0.006076 0.018865 -42.798970 3.601843 -3.971186 3.664452 38.374859 3.727061 22.396566 nan 3.871845 0.000225 719.175307 0.125432
64.501667 2013 437.501898 10.532118 1181.387282 48.793042 0.130864 0.002018 -42.093763 0.614629 -1.934777 0.883372 40.331971 1.152116 68.821504 nan 3.871847 0.000225 719.174440 0.125644
71.501667 2013 175.935435 3.857114 396.422614 20.151790 0.103419 0.003803 -38.949490 1.024051 -1.027923 1.221985 39.042374 1.419919 58.017007 nan 3.871843 0.000226 719.176626 0.125958
78.501667 2013 1344.119079 44.060805 5731.481074 681.811136 0.122016 0.009307 -43.358387 0.979275 -1.413382 1.862094 46.072451 2.744913 72.332255 nan 3.871838 0.000226 719.179886 0.126152
85.501667 2013 1048.435974 31.608768 3345.181586 374.610210 0.100766 0.015050 -57.222031 4.408199 4.498097 2.693398 45.037385 0.978596 67.550425 nan 3.871832 0.000226 719.183159 0.126059
92.501667 2013 819.054373 23.169290 2209.697607 257.554136 0.129060 0.001758 -45.971672 0.723610 0.026765 0.783946 48.345369 0.844282 79.033631 nan 3.871821 0.000226 719.188817 0.125948
99.501667 2013 265.300688 6.529169 808.992864 28.649300 0.098868 0.002446 -41.025429 0.878892 -0.976287 0.906517 38.809734 0.934141 63.206521 nan 3.871808 0.000226 719.196457 0.126032
106.501667 2013 119.983877 3.207903 434.045232 18.540376 0.063034 0.002650 -34.852195 1.064155 -2.635843 0.987220 29.252734 0.910284 41.381813 nan 3.871794 0.000226 719.203992 0.126137
113.501667 2013 445.254818 16.544633 1911.301941 140.045036 0.062860 0.022303 -55.038070 2.658856 -4.443770 2.609708 41.989131 2.560561 54.628967 nan 3.871782 0.000226 719.211036 0.126137
120.501667 2013 977.657952 32.866639 2789.443208 370.039465 0.129115 0.002952 -60.680064 1.450337 -6.203257 1.244005 44.961974 1.037673 84.993920 nan 3.871767 0.000227 719.219299 0.126246
127.501667 2013 581.860539 14.844587 1774.402345 114.191125 0.123045 0.001582 -59.960859 1.398939 -8.888421 0.998376 37.025933 0.597814 81.549409 nan 3.871752 0.000227 719.227628 0.126336
134.501667 2013 403.870634 20.774436 1452.454437 394.034312 0.106893 0.003376 -60.645842 1.927529 -11.258683 1.452188 33.898195 0.976847 70.908807 nan 3.871742 0.000227 719.233582 0.126496
141.501667 2013 674.757914 25.870647 1865.826617 331.878092 0.119444 0.002349 -62.748812 1.596042 -14.021977 1.312354 37.919267 1.028665 77.847058 nan 3.871734 0.000227 719.237876 0.126613
148.501667 2013 1236.357391 31.546009 3656.395533 295.771602 0.063235 0.023971 -68.072682 2.970986 -15.518918 3.098768 37.861895 3.226551 67.615704 nan 3.871726 0.000227 719.242193 0.126705
155.501667 2013 1434.541221 44.283670 5284.086885 570.179685 0.103927 0.015103 -67.687438 1.315580 -19.261305 1.882812 32.332973 2.450045 76.122662 nan 3.871720 0.000228 719.245680 0.126996
162.501667 2013 1130.547672 32.307846 4077.333393 286.747723 0.124038 0.002055 -71.230174 1.347433 -19.200258 1.317512 27.622012 1.287591 73.977859 nan 3.871720 0.000228 719.245637 0.127048
169.501667 2013 504.953680 13.578197 1672.156862 74.508813 0.103739 0.003733 -66.247490 1.502727 -20.533724 1.577295 28.170995 1.651863 60.024144 nan 3.871723 0.000228 719.244362 0.126955
176.501667 2013 1161.675928 41.784045 3390.939558 571.394424 0.123932 0.004273 -65.517100 1.545851 -18.974613 1.693287 27.896649 1.840723 66.942526 nan 3.871726 0.000228 719.242619 0.127078
183.501667 2013 1459.109079 47.629236 6477.942714 608.963091 0.128419 0.003908 -62.011410 1.220229 -18.180486 1.527762 27.536272 1.835295 66.002223 nan 3.871731 0.000228 719.239841 0.127193
190.501667 2013 1523.772230 41.409997 4570.022931 324.638295 0.126068 0.002908 -58.585957 1.064836 -16.881189 1.349775 25.871759 1.634715 62.909971 nan 3.871740 0.000228 719.235012 0.127280
197.501667 2013 1620.682238 43.599308 5297.213828 353.931696 0.112356 0.013283 -53.079835 0.867926 -16.443443 1.565166 29.388643 2.262406 60.247452 nan 3.871750 0.000228 719.229468 0.127323
211.501667 2013 280.984882 6.040791 727.199994 32.730242 0.126337 0.001507 -47.966651 0.803101 -11.971287 1.066484 26.222256 1.329866 58.312296 nan 3.871765 0.000230 719.221137 0.127961
218.501667 2013 555.994612 15.579796 1481.613059 106.597053 0.142889 0.013529 -47.254567 0.982049 -10.930465 1.682832 29.581685 2.383615 55.746321 nan 3.871774 0.000230 719.216388 0.128268
223.779444 2013 294.038126 30.751334 600.528983 27.511212 0.111752 0.003390 -39.841029 0.875890 -7.422303 1.618239 33.547564 2.360588 53.342937 nan 3.872034 0.000325 719.072318 0.181242
232.501667 2013 553.990038 12.696783 1320.782358 45.268866 0.148222 0.012976 -43.602086 0.824239 -7.732279 1.815213 35.260258 2.806187 58.311015 nan 3.871784 0.000231 719.211146 0.128938
239.501667 2013 598.989553 15.963103 1479.808365 100.551555 0.122634 0.002816 -39.263563 0.573647 -3.908684 0.939310 38.796684 1.304972 60.538009 nan 3.871785 0.000232 719.211246 0.129270
246.501667 2013 365.412680 8.717926 917.477377 45.917670 0.134555 0.009139 -38.264414 0.422612 -3.730419 1.420976 40.930462 2.419340 62.194189 nan 3.871784 0.000233 719.211837 0.129589
253.501667 2013 136.139820 2.742063 317.219637 11.790706 0.114222 0.003253 -38.815042 0.848779 -0.908140 1.136409 42.728915 1.424039 61.559544 nan 3.871780 0.000233 719.213958 0.129730
260.501667 2013 156.947679 4.568041 545.347803 42.389026 0.118866 0.014347 -41.079014 3.888849 -2.141075 4.341182 46.862096 4.793516 57.037975 nan 3.871771 0.000234 719.219177 0.130132
281.501667 2013 505.726452 14.134788 1405.130152 170.151113 0.122667 0.003642 -52.872760 1.489132 -1.488125 1.400482 49.826821 1.311833 75.678461 nan 3.871737 0.000235 719.238971 0.130996
288.501667 2013 616.707542 18.382740 1611.275500 150.789653 0.126749 0.001945 -56.560286 1.494329 -1.976989 1.234566 47.792754 0.974803 80.079373 nan 3.871722 0.000236 719.247367 0.131346
295.501667 2013 221.657008 4.608593 506.813502 20.371486 0.113375 0.002071 -55.180530 1.357280 -4.462006 1.051974 41.725515 0.746668 73.420254 nan 3.871707 0.000237 719.256242 0.132082
302.501667 2013 228.965555 6.647663 564.799646 40.226011 0.101852 0.004259 -59.496376 2.538742 -6.033755 1.786936 35.907784 1.035129 66.760912 nan 3.871696 0.000238 719.262751 0.132451
309.501667 2013 234.194401 12.412676 715.599060 125.682967 0.035227 0.008899 -62.129328 5.013608 -8.445093 5.076897 36.511770 5.140185 26.776502 nan 3.871685 0.000239 719.269063 0.132969
316.501667 2013 608.977395 17.592278 1946.701422 213.754181 0.122839 0.002496 -65.126943 1.382585 -11.895020 1.291577 36.634819 1.200569 79.626604 nan 3.871674 0.000240 719.275570 0.133575
337.501667 2013 103.745238 3.436603 373.064394 24.140335 -0.084280 0.040051 -63.834060 4.560696 -15.706123 5.003847 57.218835 5.446999 31.858907 nan 3.871662 0.000243 719.283239 0.135206
344.501667 2013 259.300750 8.626286 830.036523 98.545423 0.082348 0.013227 -65.465430 2.968737 -19.886497 3.588430 31.285317 4.208123 55.049729 nan 3.871661 0.000244 719.283887 0.135787
351.501667 2013 163.139762 6.643734 489.208859 53.841777 -0.721428 0.160092 -61.794433 3.918322 -7.017482 4.438241 40.133510 4.958160 38.011101 nan 3.871665 0.000244 719.282332 0.136226
358.501667 2013 52.455817 2.051825 244.186688 14.692922 -0.877242 0.156268 -61.178415 3.391174 -16.680342 3.473734 59.912842 3.556295 23.498237 nan 3.871672 0.000245 719.278181 0.136466
0.501667 2014 171.812329 7.201716 967.866679 92.251632 1.682305 0.318346 -55.951347 4.084280 0.317346 3.491256 42.383598 2.898232 55.386260 nan 3.871680 0.000246 719.274242 0.136881
7.501667 2014 119.782729 3.193290 410.377784 18.676890 0.038889 0.007234 -54.601321 3.211351 -17.616450 3.447507 32.886871 3.683664 22.450653 nan 3.871688 0.000247 719.270334 0.137373
35.501667 2014 74.580714 3.438217 275.114155 24.063387 -1.356500 0.222909 -45.191241 2.949027 -18.063735 3.094317 33.981847 3.239606 10.112279 nan 3.871722 0.000249 719.252435 0.138968
49.501667 2014 731.723100 26.951410 4282.255000 381.182695 0.097436 0.019171 -39.886361 0.721241 -4.295308 1.096043 34.167574 1.470846 57.393043 nan 3.871730 0.000250 719.247757 0.139444
56.501667 2014 705.326855 21.515815 2632.411857 234.182079 0.112820 0.002726 -37.412963 0.837448 -2.477093 0.921823 34.165856 1.006198 57.922217 nan 3.871763 0.000251 719.230141 0.139966
63.501667 2014 219.968626 5.336970 474.200341 28.941069 0.128633 0.004791 -41.601635 0.603645 -2.487183 1.599460 41.844209 2.595275 67.071987 nan 3.871876 0.000253 719.167511 0.140990
84.501667 2014 73.341407 2.428164 274.300351 16.121170 -0.065010 0.025385 -47.066170 4.307402 1.319523 4.288423 48.396407 4.269445 11.297128 nan 3.871847 0.000253 719.183879 0.140873
105.501667 2014 477.735447 15.702064 1197.949564 184.493777 0.116255 0.001771 -51.818673 1.281085 -4.095820 0.928279 39.468746 0.575473 74.322859 nan 3.871802 0.000253 719.208806 0.140698
112.501667 2014 386.922081 10.733634 863.503347 61.018474 0.126955 0.001397 -57.467203 1.284611 -6.422500 0.946759 39.051538 0.608907 81.373669 nan 3.871786 0.000253 719.218022 0.140923
119.501667 2014 411.134565 14.294011 1071.026292 110.520314 -0.016825 0.041230 -59.709149 1.414151 -8.249673 1.139946 37.713058 0.865740 75.610051 nan 3.871771 0.000253 719.226164 0.141061
140.501667 2014 138.393278 6.785701 516.432903 101.346179 -2.921032 0.430686 -59.868939 3.709565 4.741499 4.397953 48.993896 5.086341 58.759076 nan 3.871745 0.000254 719.241021 0.141265
154.501667 2014 53.040259 2.272084 196.327378 17.664491 -1.163314 0.182708 -66.418501 4.306168 -11.225861 4.213461 43.614479 4.120754 18.296222 nan 3.871743 0.000254 719.242060 0.141343
168.501667 2014 149.941209 5.788516 557.458800 55.081670 -0.946643 0.164073 -62.101953 3.023653 -11.602046 3.993500 58.436860 4.963348 58.581456 nan 3.871752 0.000254 719.236892 0.141418
203.501667 2014 7.112323 0.530590 84.734400 7.059451 0.277323 0.008092 -38.846173 0.902688 -0.724152 1.286351 38.679654 1.670014 74.438666 nan 3.871800 0.000255 719.210844 0.142326
210.501667 2014 37.316811 1.988157 158.301877 15.573404 -2.225724 0.176372 -44.364660 2.973891 12.749910 3.191005 38.863206 3.408119 12.092160 nan 3.871809 0.000256 719.205949 0.142550
217.501667 2014 183.975031 5.314975 743.742904 29.807985 0.062434 0.009497 -42.123373 3.284249 -8.987730 3.352993 33.462597 3.421737 23.898052 nan 3.871815 0.000256 719.202674 0.142829
224.501667 2014 109.263579 3.468095 426.408193 24.301802 0.016461 0.007200 -39.884132 3.123161 -5.684377 3.197558 33.484055 3.271955 12.170841 nan 3.871817 0.000257 719.201835 0.143270
231.501667 2014 135.078001 4.653881 643.417398 40.232800 -0.498974 0.329460 -38.546227 2.741204 -0.596157 2.759208 36.737201 2.777212 27.511480 nan 3.871816 0.000258 719.203127 0.143616
252.501667 2014 386.265572 11.560010 1106.627663 155.396835 0.127111 0.009595 -41.981808 0.946796 -3.608641 1.842793 40.026900 2.738791 60.067754 nan 3.871795 0.000259 719.215167 0.144338
259.501667 2014 414.202974 14.194312 1927.148250 192.620304 -0.632510 0.205824 -44.726820 1.505654 -10.945896 3.060520 38.195361 4.615385 49.645928 nan 3.871780 0.000260 719.223413 0.144662
266.501667 2014 610.318372 17.949194 1644.872314 133.710755 0.119239 0.005498 -48.924539 2.413010 -0.125997 2.350421 48.359975 2.287833 68.671731 nan 3.871767 0.000260 719.230878 0.144800
273.501667 2014 641.859364 15.359954 1617.978192 47.301845 0.112004 0.009289 -51.663365 1.173347 -2.284908 1.819457 41.630059 2.465568 69.956388 nan 3.871753 0.000260 719.239049 0.145150
280.501667 2014 395.466562 10.084252 958.690691 52.059402 0.124359 0.009520 -54.863725 1.389049 -3.998404 2.090472 42.649976 2.791896 67.956353 nan 3.871738 0.000261 719.247640 0.145424
287.501667 2014 524.810274 16.227990 1230.666674 142.667571 0.121502 0.001745 -56.115903 1.452529 -3.475354 1.017565 40.102400 0.582601 75.960269 nan 3.871720 0.000263 719.258031 0.146291
308.501667 2014 656.710313 20.649479 2076.297593 289.412087 0.116461 0.002825 -61.746818 1.539229 -10.800078 1.306714 34.564049 1.074200 73.436473 nan 3.871688 0.000266 719.277352 0.148051
315.501667 2014 534.230429 17.456852 1587.618747 228.487565 0.117387 0.002692 -60.930510 1.341551 -13.178791 1.188291 33.441008 1.035031 73.338062 nan 3.871683 0.000266 719.280121 0.148377
322.501667 2014 714.606247 17.934333 1770.619627 71.210980 0.123251 0.002045 -59.920373 1.061193 -15.175031 1.124246 35.555639 1.187299 74.874000 nan 3.871681 0.000267 719.281737 0.148755
329.501667 2014 280.109145 7.056182 784.970550 45.584440 0.115492 0.001968 -59.625497 1.106938 -17.591961 1.175896 28.752724 1.244854 69.047805 nan 3.871683 0.000268 719.280661 0.149179
336.501667 2014 307.566481 8.391597 811.509900 62.506951 0.116346 0.004215 -61.600308 1.210836 -18.275374 1.481332 31.998529 1.751829 66.631337 nan 3.871686 0.000269 719.279504 0.149718
343.501667 2014 1046.709540 25.579854 2612.649516 108.067819 0.123932 0.002924 -60.969046 1.165711 -18.494142 1.321090 29.355267 1.476468 67.818310 nan 3.871691 0.000269 719.276852 0.150146
350.501667 2014 548.248230 13.279033 1280.698353 68.750009 0.119444 0.002414 -57.421300 1.065402 -18.574018 1.306946 24.645723 1.548490 62.244468 nan 3.871699 0.000270 719.272534 0.150413
357.501667 2014 580.494710 17.270645 1710.047281 166.025476 0.110802 0.003389 -57.462963 1.135146 -18.561956 1.437287 26.805820 1.739428 55.951393 nan 3.871709 0.000271 719.267840 0.151085
364.501667 2014 928.027939 25.030391 2658.367700 265.591886 -13.393518 13.517985 -55.447361 1.159582 -16.444419 1.412416 34.983586 1.665251 58.867198 nan 3.871721 0.000272 719.261130 0.151336
6.501667 2015 1022.642643 30.683413 4104.747607 339.829448 0.116461 0.002730 -54.261825 1.036849 -15.398374 1.266124 28.808164 1.495400 53.185478 nan 3.871728 0.000273 719.257720 0.151941
13.501667 2015 244.945133 6.106213 533.935660 44.362365 0.123148 0.002107 -50.102189 0.947694 -12.861605 1.172992 24.529813 1.398291 54.561439 nan 3.871739 0.000273 719.251919 0.152228
20.501667 2015 129.286800 3.376493 348.212500 32.482090 -0.242181 0.108555 -44.678835 3.745064 -5.204028 3.195748 32.945606 2.646433 40.743464 nan 3.871749 0.000274 719.246556 0.152690
27.501667 2015 273.129203 6.927741 765.260182 35.624351 0.114609 0.003591 -42.811583 1.486833 -8.031787 1.314305 24.951105 1.141776 50.549258 nan 3.871755 0.000275 719.243180 0.153004
34.501667 2015 723.694628 17.288926 1677.095310 79.821108 0.125926 0.003009 -41.711487 0.795211 -5.666759 1.052590 39.664713 1.309968 56.195668 nan 3.871756 0.000275 719.243148 0.153409
41.501667 2015 262.192909 7.158771 595.191996 48.546651 0.112393 0.002804 -38.583343 0.779734 -4.201286 0.864824 30.097859 0.949915 52.742131 nan 3.871757 0.000275 719.242497 0.153470
48.501667 2015 397.182095 13.736381 1542.113074 212.476476 0.080555 0.021246 -33.233810 1.102173 -3.485954 1.233197 31.765122 1.364221 49.806556 nan 3.871755 0.000276 719.244015 0.153655
54.740556 2015 547.515894 19.541587 1427.922571 237.467014 0.116944 0.003274 -35.807466 0.697157 -1.277708 0.897548 36.156510 1.097938 58.681345 nan 3.871677 0.000311 719.287296 0.173318
69.501667 2015 513.780078 12.812531 1133.944677 75.009838 0.124074 0.001822 -39.614704 0.662795 0.080446 0.622814 39.547746 0.582833 67.903277 nan 3.871727 0.000275 719.259405 0.153500
90.501667 2015 776.972058 20.109261 2737.282828 113.997259 0.115638 0.002914 -58.742119 1.339997 -2.167849 0.937232 40.249629 0.534467 69.586714 nan 3.871682 0.000275 719.284093 0.153284
97.501667 2015 572.664272 18.453994 2075.894300 259.535440 0.117387 0.003460 -51.645685 1.532409 -4.153698 1.327754 37.977417 1.123098 72.201316 nan 3.871666 0.000275 719.293163 0.153412
104.501667 2015 1485.088946 53.304595 6523.354115 831.063079 0.115226 0.002679 -56.726441 1.634553 -6.357384 1.263506 40.047106 0.892458 71.788317 nan 3.871651 0.000275 719.301465 0.153452
111.501667 2015 1379.183498 37.253092 4738.018964 319.318862 0.130658 0.002505 -57.881057 1.654453 -7.410991 1.224716 40.995018 0.794979 80.997875 nan 3.871640 0.000275 719.307651 0.153476
118.501667 2015 507.092004 13.425841 1733.090464 80.484859 0.109362 0.002872 -57.530411 1.523198 -10.973558 1.393152 36.196300 1.263106 68.489364 nan 3.871629 0.000276 719.313924 0.153554
132.501667 2015 1030.753059 32.053140 4030.835923 386.369402 0.105059 0.009033 -64.208972 3.631374 -14.012076 3.198944 43.178098 2.766515 65.427140 nan 3.871617 0.000276 719.320758 0.153574
139.501667 2015 617.460298 16.687893 1788.299950 177.332970 0.125214 0.002596 -64.756668 1.366810 -16.503815 1.364456 31.544396 1.362101 72.751022 nan 3.871617 0.000276 719.320946 0.153587
146.501667 2015 144.439389 3.384482 447.548814 14.178518 0.093269 0.004323 -61.849321 1.528127 -19.955998 1.744790 22.234326 1.961452 53.547342 nan 3.871618 0.000276 719.320093 0.153553
153.501667 2015 92.033535 1.886407 228.172219 9.592693 0.062500 0.007396 -61.070919 2.282238 -22.045557 2.426952 22.906105 2.571665 34.455655 nan 3.871620 0.000275 719.318954 0.153459
160.501667 2015 783.643989 21.677875 2351.531034 139.859016 0.256226 0.219563 -60.065933 1.312616 -20.529836 2.301262 30.409656 3.289908 54.278513 nan 3.871629 0.000275 719.313829 0.153480
167.501667 2015 741.516173 19.837695 1532.347540 115.343871 0.128189 0.002242 -56.954804 0.983885 -17.459086 1.218891 22.483127 1.453898 61.904098 nan 3.871638 0.000275 719.308715 0.153528
174.501667 2015 1713.317711 57.176954 9869.669474 454.086969 0.121627 0.010796 -54.550648 1.046241 -16.571190 1.518482 30.287651 1.990724 59.001899 nan 3.871649 0.000276 719.303074 0.153583
181.501667 2015 1128.304102 28.538641 3998.314250 142.176835 0.132051 0.001907 -51.642477 0.982678 -14.827289 1.206954 24.654381 1.431229 57.968798 nan 3.871658 0.000276 719.298073 0.153739
188.501667 2015 704.427463 21.745733 1985.962162 258.574935 0.122531 0.002899 -48.471029 0.927181 -13.518392 1.069574 22.515296 1.211968 52.756339 nan 3.871670 0.000276 719.291620 0.153907
195.501667 2015 1062.053282 29.683177 2932.444367 363.283071 0.132202 0.002690 -48.215066 0.941320 -11.039994 1.114211 26.893860 1.287103 55.222276 nan 3.871679 0.000277 719.286383 0.154229
202.501667 2015 746.982381 25.153844 2195.119977 390.671085 0.119342 0.003310 -44.973178 0.829281 -10.203696 1.061836 28.557499 1.294391 50.039182 nan 3.871858 0.000280 719.187867 0.155833
209.501667 2015 452.821917 9.997264 1062.245086 45.302820 0.142667 0.012789 -42.666271 0.817642 -9.114918 1.491903 28.646049 2.166164 49.906412 nan 3.871879 0.000280 719.176377 0.156207
216.501667 2015 489.102916 16.966283 1108.428337 126.864184 0.133128 0.002081 -40.006579 0.633473 -5.276321 0.871291 35.148129 1.109108 56.936618 nan 3.871883 0.000281 719.174374 0.156435
223.501667 2015 550.489016 14.876405 1492.514460 110.157415 0.134222 0.009151 -36.156248 0.711431 -4.595550 1.373921 33.890343 2.036411 54.001916 nan 3.871883 0.000281 719.174899 0.156758
230.501667 2015 2705.092314 76.475792 10031.524143 411.830174 0.127671 0.002590 -37.018495 0.762137 -2.195071 0.857424 37.409827 0.952710 59.109567 nan 3.871877 0.000282 719.178139 0.156959
237.501667 2015 1742.067728 59.490575 7524.133107 723.219320 0.130556 0.013021 -36.530241 1.091782 -3.155484 2.118518 38.473806 3.145254 50.581103 nan 3.871869 0.000282 719.183057 0.157107
244.501667 2015 1333.866395 38.917111 4979.928571 460.097827 0.126496 0.002229 -39.792541 0.914645 0.146868 0.831796 39.799306 0.748947 64.258164 nan 3.871858 0.000282 719.189167 0.157223
251.501667 2015 2309.707121 81.535039 11821.460680 1344.352513 0.128889 0.009894 -45.368252 2.895355 1.628290 2.022601 42.074924 1.149846 61.101735 nan 3.871844 0.000283 719.196952 0.157451
258.501667 2015 1713.588016 44.272487 5724.866536 360.925211 0.147333 0.012262 -50.635282 3.000975 0.349842 2.928310 46.100445 2.855646 65.150426 nan 3.871825 0.000283 719.207957 0.157932
265.501667 2015 1228.520451 36.501172 4436.723786 469.365495 0.129915 0.002566 -51.473372 1.512568 -0.258913 1.099883 43.992729 0.687198 73.654613 nan 3.871809 0.000284 719.216825 0.158136
272.501667 2015 430.529442 10.054602 1171.817617 51.740871 0.118621 0.002253 -48.710383 1.277696 -1.843277 1.041987 38.374324 0.806277 70.142126 nan 3.871793 0.000284 719.225845 0.158405
279.501667 2015 2380.988440 80.249528 9533.259280 1042.274830 0.115278 0.007963 -57.996001 1.820189 -5.207206 2.333820 41.143615 2.847450 71.066098 nan 3.871778 0.000285 719.235039 0.159076
286.501667 2015 3065.742116 84.024314 10698.151414 443.679515 0.117064 0.008531 -57.730576 3.346938 -3.733364 2.173652 42.698766 1.000366 73.210922 nan 3.871763 0.000287 719.243937 0.159652
293.501667 2015 1168.092129 34.694221 4046.294172 380.799704 0.123765 0.002406 -58.201742 1.466191 -7.381288 1.132456 39.763682 0.798721 75.746548 nan 3.871751 0.000288 719.251025 0.160385
300.501667 2015 342.726077 9.152350 1226.995214 74.228900 0.107716 0.003349 -57.229254 1.576818 -9.569511 1.471526 34.762380 1.366234 66.661234 nan 3.871744 0.000289 719.255480 0.160853
307.501667 2015 1493.441315 49.995448 7337.171111 558.355029 0.123765 0.003684 -58.006960 1.400957 -11.679028 1.419052 38.242310 1.437147 74.161607 nan 3.871740 0.000290 719.258159 0.161446
314.501667 2015 2880.374288 78.370408 9726.208679 387.190465 0.126543 0.005774 -61.248699 1.236994 -15.164691 2.213165 38.310335 3.189337 74.253185 nan 3.871737 0.000291 719.259903 0.161944
321.501667 2015 1510.957521 43.586893 5645.314179 326.063219 0.108532 0.009447 -58.239653 1.122753 -16.956117 1.551123 32.509591 1.979493 66.030413 nan 3.871739 0.000291 719.259304 0.162419
328.501667 2015 540.230176 16.328998 2408.280929 68.247823 0.096261 0.003050 -55.832879 1.289097 -18.576970 1.467276 23.585415 1.645455 55.327614 nan 3.871745 0.000292 719.256248 0.162834
335.501667 2015 443.662338 11.334951 1132.479600 60.774775 0.114095 0.004949 -58.012985 1.527828 -17.731309 1.660726 28.045646 1.793625 60.824002 nan 3.871754 0.000293 719.251709 0.163352
342.501667 2015 769.968159 17.720450 1834.752792 58.817140 0.131070 0.002577 -59.001082 1.172075 -16.605800 1.315725 29.942592 1.459375 66.332612 nan 3.871764 0.000294 719.246171 0.163618
349.501667 2015 612.787875 16.658456 1478.062320 127.791374 0.125720 0.003482 -55.638548 1.316015 -16.829105 1.494701 33.111787 1.673387 60.087414 nan 3.871775 0.000295 719.240451 0.164130
356.501667 2015 1779.389734 58.509915 8113.971071 698.803653 0.109325 0.008620 -54.216840 1.331283 -16.728314 1.718057 27.567467 2.104831 52.726233 nan 3.871788 0.000295 719.233201 0.164423
363.501667 2015 1355.854788 42.308509 4547.835567 471.092658 -13.388992 13.519120 -52.421110 1.196490 -14.112869 1.493647 34.067667 1.790803 56.221766 nan 3.871799 0.000297 719.227799 0.165265
5.501667 2016 1431.823533 38.702118 4617.126310 364.175436 0.133025 0.001860 -49.442239 1.029403 -11.991293 1.212381 24.105421 1.395360 55.858543 nan 3.871810 0.000297 719.222143 0.165632
12.501667 2016 602.083525 13.375315 1622.188448 83.777139 0.131996 0.002186 -45.313559 0.913970 -9.643198 1.081440 26.111428 1.248909 54.558974 nan 3.871818 0.000298 719.218082 0.166069
19.501667 2016 808.784449 28.586848 2990.496337 443.530600 0.112037 0.004136 -41.864415 1.121991 -7.767753 1.216765 26.400155 1.311539 47.249148 nan 3.871823 0.000299 719.215298 0.166538
26.501667 2016 633.181018 15.546559 1507.050021 119.671068 0.122649 0.004224 -39.958083 0.990175 -5.628974 1.019030 28.408819 1.047886 52.032562 nan 3.871826 0.000299 719.213907 0.166838
33.501667 2016 231.747492 5.802110 598.236881 21.430076 0.108867 0.004495 -34.458518 1.253804 -3.553264 1.189793 30.470448 1.125782 48.585271 nan 3.871823 0.000300 719.215691 0.167044
40.501667 2016 446.880377 12.860623 1110.645935 96.863429 0.118483 0.001816 -33.413078 0.646064 -2.209488 0.648291 30.719696 0.650519 54.333852 nan 3.871817 0.000300 719.219559 0.167121
47.501667 2016 1613.935907 59.611533 8156.785684 1373.229029 0.114187 0.009530 -37.200802 3.332069 2.369681 2.103037 43.363403 0.874005 56.002871 nan 3.871808 0.000300 719.224177 0.167149
54.501667 2016 1413.756285 38.869498 4468.676179 256.522209 0.121605 0.001345 -36.211048 0.581276 0.372217 0.524915 36.022532 0.468553 60.955022 nan 3.871798 0.000300 719.229973 0.167032
61.501667 2016 593.696708 17.623790 2207.061964 113.077324 0.101235 0.002861 -36.681114 0.974500 0.636292 0.869813 36.465064 0.765125 53.894806 nan 3.871780 0.000300 719.239673 0.166983
68.501667 2016 1019.347510 28.771462 3491.269222 241.845570 0.114506 0.003104 -38.747497 0.999820 -0.268198 1.040632 37.420573 1.081443 62.625261 nan 3.871763 0.000299 719.249455 0.166855
75.501667 2016 1109.624308 29.787809 3128.614321 233.601254 0.123045 0.001643 -43.019120 1.160671 -0.251678 0.879648 38.862216 0.598625 69.336662 nan 3.871746 0.000299 719.258710 0.166848
82.501667 2016 874.683580 26.358159 2421.416138 191.134146 0.120370 0.001505 -45.111914 1.096614 -0.780513 0.725857 37.877245 0.355100 69.999377 nan 3.871730 0.000299 719.267396 0.166746
88.571111 2016 313.792967 7.620504 700.167682 32.955192 0.125000 0.003305 -50.412960 1.600898 -2.792551 1.358659 39.453001 1.116419 73.455001 nan 3.871224 0.000352 719.550771 0.196023
96.501667 2016 794.249607 21.786568 2158.015824 216.156495 0.120885 0.002196 -51.329799 1.471709 -4.568048 1.136558 37.161864 0.801407 72.627235 nan 3.871695 0.000299 719.287145 0.166666
103.501667 2016 992.890817 33.761977 3791.536571 435.081197 0.121605 0.003246 -58.463597 1.742955 -6.911789 1.383886 38.722144 1.024816 73.456870 nan 3.871686 0.000299 719.292316 0.166875
110.501667 2016 910.213794 25.415141 2841.928607 227.554435 0.111317 0.008681 -60.690064 1.396910 -10.826978 2.025115 36.200829 2.653320 69.923215 nan 3.871677 0.000299 719.297274 0.166734
117.501667 2016 322.526058 6.505962 616.714174 34.620964 0.131517 0.001997 -62.810822 1.366641 -11.072206 1.278145 38.678436 1.189650 78.239362 nan 3.871671 0.000299 719.300279 0.166877
124.501667 2016 1191.872164 32.972650 3376.111033 262.087735 0.124893 0.002644 -62.906716 1.573495 -13.150091 1.393176 32.080989 1.212857 73.132575 nan 3.871667 0.000299 719.302379 0.166691
131.501667 2016 2895.320084 82.388136 11004.128296 399.329277 0.116255 0.011089 -63.198329 1.440398 -15.533659 1.773073 33.475479 2.105747 69.585761 nan 3.871670 0.000299 719.300889 0.166691
138.501667 2016 1391.216106 38.076680 5179.466714 211.286231 0.122970 0.002492 -62.183860 1.203488 -16.177997 1.426331 29.058971 1.649174 67.662420 nan 3.871675 0.000299 719.297938 0.166517
145.501667 2016 628.106237 16.198965 2171.413300 87.995501 0.121474 0.003018 -59.770071 1.091046 -16.989872 1.373911 30.572867 1.656776 63.852250 nan 3.871682 0.000299 719.294333 0.166513
152.501667 2016 441.315287 9.455915 822.926841 46.130083 0.130983 0.002105 -57.265158 0.939518 -16.393877 1.198746 27.766701 1.457975 64.303067 nan 3.871691 0.000299 719.289165 0.166397
159.501667 2016 839.984732 25.545958 2269.507143 273.381624 0.125103 0.003253 -52.758545 1.033259 -16.394943 1.271471 23.493821 1.509682 59.571381 nan 3.871703 0.000299 719.282284 0.166500
166.501667 2016 521.600737 12.598815 1084.821288 66.068758 0.129527 0.002611 -52.875400 0.963813 -15.354020 1.186320 24.250469 1.408826 58.017846 nan 3.871716 0.000299 719.275446 0.166536
173.501667 2016 293.729973 6.411264 641.959254 35.278583 0.130247 0.003462 -50.287912 0.874077 -14.431565 1.210885 26.420182 1.547694 54.687819 nan 3.871726 0.000299 719.269602 0.166769
180.501667 2016 252.539773 6.120156 717.936420 38.122100 0.131584 0.002302 -47.960796 0.893232 -12.264930 1.008578 24.046056 1.123924 53.868323 nan 3.871737 0.000300 719.263685 0.166904
187.501667 2016 315.897758 11.483216 1097.024962 132.086603 0.125214 0.011171 -44.860956 1.793020 -11.726543 1.993789 27.597882 2.194559 46.050324 nan 3.871747 0.000300 719.258452 0.167265
194.501667 2016 778.969615 17.303375 1802.670415 56.537348 0.172343 0.018319 -42.542026 0.845867 -12.067763 1.836530 29.789320 2.827194 46.986922 nan 3.871754 0.000301 719.255007 0.167474
201.501667 2016 381.306832 8.961435 1049.911384 46.583821 0.122428 0.003956 -39.247916 1.006671 -6.617111 1.074318 28.958063 1.141965 49.642122 nan 3.871755 0.000301 719.254286 0.167787
208.501667 2016 724.247672 19.677964 1891.088395 112.916465 0.146875 0.012812 -35.529862 0.705470 -6.375130 1.658459 31.102443 2.611449 48.678930 nan 3.871755 0.000301 719.254547 0.167942
215.501667 2016 935.111374 27.433291 2549.125044 254.241541 0.148843 0.013144 -35.735185 0.671752 -5.478210 1.822794 34.108748 2.973835 50.253744 nan 3.871750 0.000302 719.257773 0.168376
222.501667 2016 1234.604267 27.872995 2713.809054 105.548457 0.133013 0.013714 -36.646664 0.673441 -3.460506 1.810243 37.152825 2.947044 54.802615 nan 3.871744 0.000302 719.260966 0.168304
229.501667 2016 608.435970 14.656900 1432.112469 78.974694 0.133449 0.009279 -35.764054 2.403005 1.451667 1.545861 36.055622 0.688717 55.094044 nan 3.871731 0.000302 719.268186 0.168499
236.501667 2016 659.065461 19.930406 1879.597780 237.374650 0.119551 0.004162 -41.244684 1.346040 1.200351 1.221225 41.317998 1.096411 58.433767 nan 3.871718 0.000302 719.275314 0.168470
243.501667 2016 1131.254305 43.212804 4337.373150 788.397517 0.124794 0.002179 -40.621339 1.066634 1.049600 0.929796 39.198818 0.792958 63.401508 nan 3.871703 0.000303 719.284494 0.168850
257.501667 2016 1244.737107 36.278454 4414.599929 231.314159 0.116975 0.002051 -45.513632 1.236356 0.893683 0.885924 37.867699 0.535493 64.875326 nan 3.871667 0.000304 719.305238 0.169676
264.501667 2016 481.390917 12.220852 1170.600033 104.467090 0.134936 0.009597 -49.720653 3.071398 1.309894 2.022289 42.138251 0.973180 68.410884 nan 3.871652 0.000305 719.313802 0.169958
271.118333 2016 2240.244991 78.021280 9305.364235 872.691437 0.077778 0.024922 -50.739292 5.907957 6.743116 4.131041 41.636172 2.354125 50.673957 nan 3.871206 0.000324 719.562646 0.180716
278.501667 2016 2677.182345 72.859828 8713.543179 343.752329 0.136218 0.008675 -51.802446 1.166532 -4.480674 1.852570 40.541391 2.538609 72.720474 nan 3.871624 0.000307 719.330187 0.171226
285.501667 2016 1464.720633 45.201318 5951.723481 558.545412 0.121502 0.003059 -54.517898 1.481812 -5.978592 1.258545 37.985746 1.035279 71.876108 nan 3.871613 0.000308 719.336903 0.171822
292.501667 2016 1853.101721 43.128465 5373.397655 210.161889 0.148556 0.008953 -55.212633 1.125922 -8.275024 1.903440 41.274050 2.680959 79.052605 nan 3.871607 0.000309 719.340742 0.172397
299.501667 2016 2558.579925 80.663821 9182.429481 911.254620 0.122756 0.003630 -59.210139 1.327323 -10.305604 1.473044 42.526587 1.618765 72.252653 nan 3.871605 0.000310 719.342377 0.172918
306.501667 2016 2318.069968 64.998309 8256.494821 415.955704 0.126923 0.002582 -55.294306 1.062007 -11.633375 1.263089 42.601203 1.464171 73.073305 nan 3.871604 0.000311 719.343218 0.173507
313.501667 2016 869.615605 24.397934 3087.682167 199.416407 0.114957 0.003366 -59.990035 1.506912 -14.325114 1.424898 33.920838 1.342884 65.905179 nan 3.871606 0.000312 719.342275 0.173965
327.501667 2016 624.338406 21.707785 1747.077819 228.754894 0.111806 0.007851 -56.706684 1.215214 -16.332370 1.642853 33.199105 2.070491 61.137573 nan 3.871623 0.000314 719.333521 0.174893
334.501667 2016 646.447148 14.622567 1619.788286 43.264105 0.129218 0.001750 -54.449888 1.046060 -15.937175 1.253870 28.961762 1.461680 64.094012 nan 3.871634 0.000315 719.328188 0.175340
341.501667 2016 514.944486 12.985295 1350.542674 84.884548 0.120473 0.003229 -54.158109 1.147877 -16.050258 1.438090 31.859422 1.728302 57.186596 nan 3.871819 0.000314 719.224355 0.174948
348.501667 2016 614.672786 13.342693 1505.409500 44.344139 0.131790 0.002166 -57.124105 1.138706 -14.567282 1.268285 28.651639 1.397864 58.393266 nan 3.871833 0.000315 719.216976 0.175522
355.501667 2016 854.515727 25.884030 3022.881161 217.995094 0.126029 0.003381 -48.686995 1.040018 -13.037400 1.451675 33.736977 1.863331 53.880028 nan 3.871850 0.000315 719.208017 0.175706
362.501667 2016 1164.083346 27.273390 2642.585250 113.574831 0.130453 0.002370 -46.476053 0.984825 -10.942122 1.139528 31.070604 1.294231 53.238741 nan 3.871860 0.000316 719.202694 0.176273
