77.502118 2014 48.746135 2.246314 191.631195 22.023426 1.155953 0.065856 -39.476425 2.706875 30.475385 2.470142 43.572746 2.233410 4.593618 nan 3.871729 0.000011 719.203127 0.006077
84.502118 2014 77.755815 2.530409 293.233103 16.288625 -0.032516 0.021210 -41.801794 4.205982 1.205000 4.201446 42.216865 4.196911 16.390634 nan 3.871731 0.000012 719.202065 0.006770
91.502118 2014 58.019508 2.343761 234.354009 18.524063 -0.325669 0.078236 -41.733132 4.241011 -2.117662 4.105491 41.733132 3.969972 26.185849 nan 3.871733 0.000010 719.201112 0.005791
98.502118 2014 211.697715 14.057449 674.750374 175.073041 -0.146825 0.043796 -39.046620 4.178870 1.049786 4.035892 37.222583 3.892914 13.495714 nan 3.871735 0.000012 719.200178 0.006476
105.502118 2014 480.002159 15.106179 1169.694887 166.319293 0.119338 0.002127 -40.968047 0.709014 -3.934233 0.975859 33.856404 1.242704 58.728557 nan 3.871737 0.000014 719.198900 0.007822
112.502118 2014 421.366003 11.905140 995.058516 96.742425 0.130342 0.002316 -37.785423 0.540580 -3.726849 0.924914 34.547027 1.309247 60.637636 nan 3.871739 0.000014 719.197996 0.007777
126.502118 2014 504.923853 16.020645 1363.960548 160.951663 0.105655 0.012183 -33.746954 0.581086 -3.454151 1.131620 29.975773 1.682153 49.400178 nan 3.871742 0.000016 719.196129 0.008930
140.502118 2014 152.239525 7.006834 711.701992 128.577683 -2.732854 0.417842 -28.305393 2.008324 -11.620254 2.856799 31.472671 3.705273 18.331098 nan 3.871746 0.000018 719.194188 0.010207
154.502118 2014 60.751198 2.492207 215.268000 20.170359 -1.519324 0.182350 -28.306937 2.382536 2.031969 1.986311 33.065264 1.590085 23.996715 nan 3.871748 0.000020 719.193111 0.011164
168.502118 2014 162.413790 6.179833 694.901530 65.242718 -0.793659 0.163925 -36.693328 3.486835 4.612171 2.950000 42.075855 2.413166 38.203692 nan 3.871750 0.000022 719.192000 0.012087
175.502118 2014 57.898241 1.870998 204.952696 13.657123 -1.165278 0.194797 -28.491403 3.197981 -2.560758 2.946918 39.274492 2.695854 10.488343 nan 3.871751 0.000023 719.191349 0.012849
189.502581 2014 32.557442 1.501508 164.735759 11.386542 -1.947222 0.180585 -42.426595 2.650959 3.741763 2.762143 44.608252 2.873327 31.805965 nan 3.871752 0.000024 719.190535 0.013364
203.502581 2014 8.589255 0.595726 90.812847 6.580599 0.375703 0.007524 -48.450092 1.561331 -17.014781 1.065785 49.383975 0.570239 57.662940 nan 3.871753 0.000026 719.190041 0.014275
210.502581 2014 44.702147 2.415745 177.034528 17.004205 -1.996216 0.178047 -43.781998 3.355398 -9.854080 2.916242 51.860814 2.477086 25.495026 nan 3.871755 0.000026 719.188993 0.014443
217.502581 2014 184.327167 5.364963 740.019469 28.592698 0.053598 0.006692 -35.600243 4.150957 14.644456 3.954976 54.554544 3.758995 26.038123 nan 3.871756 0.000026 719.188476 0.014610
224.502581 2014 110.935976 3.510674 442.599709 26.295428 0.007285 0.012166 -35.296337 4.044365 12.641493 3.856915 54.964665 3.669465 15.347343 nan 3.871757 0.000026 719.188363 0.014703
231.502581 2014 136.284065 4.765143 612.237313 44.542241 -1.022278 0.176091 -37.159947 3.191744 -1.559995 3.563892 52.644395 3.936040 20.996434 nan 3.871759 0.000027 719.187264 0.014924
238.502581 2014 585.884939 22.273237 2473.777800 286.602159 0.027431 0.021340 -37.105510 4.406276 9.429454 4.309017 50.812213 4.211757 29.599715 nan 3.871762 0.000027 719.185324 0.015269
245.502581 2014 684.439065 16.666857 1630.949688 73.363759 0.126337 0.002711 -39.742515 1.124094 6.883162 1.096468 51.248457 1.068842 70.723520 nan 3.871764 0.000028 719.184209 0.015372
259.502581 2014 428.553008 14.407728 1851.552616 177.895322 -0.255556 0.123516 -35.896864 0.731009 -3.827396 2.738764 45.193262 4.746519 49.435955 nan 3.871769 0.000028 719.181334 0.015552
266.502581 2014 639.576899 18.824209 1739.023524 141.151220 0.119445 0.005358 -39.348836 1.573254 0.565826 2.038227 49.827420 2.503200 65.910031 nan 3.871773 0.000028 719.179299 0.015587
273.502581 2014 654.155698 15.588083 1655.637736 43.291666 0.122756 0.002518 -38.372045 0.538172 -0.665222 1.008511 45.789137 1.478850 66.514369 nan 3.871781 0.000028 719.174734 0.015857
280.502581 2014 396.299119 10.115695 972.879584 58.359702 0.117696 0.002970 -39.078452 0.718693 -2.099556 1.092509 42.821085 1.466325 61.893468 nan 3.871785 0.000028 719.172488 0.015839
287.502581 2014 544.456813 16.681217 1272.820156 142.709755 0.124177 0.002296 -39.502378 0.677253 -3.181513 0.981180 42.698315 1.285107 62.634923 nan 3.871786 0.000028 719.172102 0.015687
294.502581 2014 920.555869 24.287862 2148.500711 129.585628 0.127778 0.002894 -38.897332 0.536656 -2.974166 0.950976 40.327476 1.365296 61.088458 nan 3.871788 0.000028 719.171034 0.015652
301.502581 2014 597.615903 14.429974 1429.652161 48.886213 0.120782 0.001830 -35.440340 0.507256 -3.077864 0.800255 35.372705 1.093254 55.655035 nan 3.871795 0.000028 719.167038 0.015590
308.502581 2014 698.792188 21.951356 2207.657400 307.196353 0.136000 0.012914 -33.547022 0.612966 -4.282477 1.775118 30.056623 2.937269 46.906686 nan 3.871795 0.000028 719.166787 0.015407
315.502581 2014 589.612248 19.032358 1903.418369 276.327207 0.137333 0.012571 -32.847580 0.776948 -2.596260 1.762911 30.769623 2.748873 45.407914 nan 3.871795 0.000027 719.166957 0.015322
321.508137 2014 839.518378 23.575774 1939.521849 81.786672 0.124854 0.019821 -29.018801 2.869771 0.951779 2.697648 30.711820 2.525525 44.831203 nan 3.871801 0.000032 719.163719 0.018014
329.502581 2014 287.888292 7.030475 790.177191 50.741664 0.120576 0.001871 -26.189352 0.687345 3.147202 0.627120 30.734723 0.566894 46.045359 nan 3.871800 0.000027 719.164148 0.015141
336.502581 2014 326.871969 8.726318 898.982622 72.306235 0.147705 0.017660 -23.588283 2.641076 7.822898 1.728799 34.987377 0.816522 39.889562 nan 3.871800 0.000027 719.163878 0.014933
343.502581 2014 1125.825966 26.559531 2621.046485 137.144674 0.180423 0.021655 -23.111462 2.975717 11.599422 1.816416 37.233388 0.657116 40.593896 nan 3.871799 0.000027 719.164775 0.014814
350.502581 2014 562.308080 13.147910 1193.827509 57.248229 0.126496 0.001697 -23.052105 1.034415 9.740455 0.929595 41.492030 0.824775 47.489430 nan 3.871799 0.000027 719.164493 0.014770
357.502581 2014 679.454979 19.868317 2214.758011 188.436195 0.123778 0.010439 -21.303189 1.417615 13.026957 1.160385 42.369760 0.903155 44.085986 nan 3.871803 0.000027 719.162275 0.014774
364.502581 2014 996.744934 26.183945 2690.566719 212.950331 0.137889 0.010513 -21.663285 1.560104 13.469708 1.261693 45.102890 0.963282 50.563157 nan 3.871802 0.000026 719.163051 0.014741
6.502581 2015 1072.779626 32.890070 4325.842750 390.508661 0.127889 0.010094 -25.868617 1.417209 14.838298 1.273061 49.229504 1.128914 51.061440 nan 3.871802 0.000027 719.163264 0.014847
13.502581 2015 265.245822 6.437264 600.021205 44.340924 0.128086 0.002088 -25.175677 1.465221 15.002618 1.225537 53.685021 0.985853 57.900689 nan 3.871803 0.000027 719.162219 0.015019
20.502581 2015 143.064114 3.842123 453.986247 42.530059 -0.131070 0.095548 -40.260234 3.572008 11.285532 4.060560 56.453727 4.549111 41.187263 nan 3.871805 0.000027 719.161528 0.015155
27.502581 2015 295.319802 7.554967 864.800754 46.387987 0.119753 0.002818 -24.288742 1.502164 15.158944 1.369111 57.455830 1.236058 60.893952 nan 3.871805 0.000027 719.161449 0.015234
34.502581 2015 780.148502 18.753875 1906.251186 119.789432 0.136218 0.010286 -29.953154 1.989320 14.434150 1.684384 59.701169 1.379449 66.054631 nan 3.871683 0.000027 719.229316 0.015270
41.502581 2015 273.020328 7.519642 687.741828 59.209268 0.114403 0.003461 -29.689093 1.517457 12.815187 1.486778 58.077783 1.456098 62.728783 nan 3.871685 0.000028 719.228157 0.015636
48.502581 2015 413.648239 14.295612 1502.324756 182.052008 0.098354 0.005916 -31.211646 2.033279 10.861897 2.168008 54.279904 2.302737 55.497185 nan 3.871691 0.000029 719.225104 0.016180
55.502581 2015 513.085105 16.429194 1318.243910 188.258822 0.095555 0.014498 -37.159898 3.051260 9.949643 2.340440 55.611160 1.629620 63.238059 nan 3.871690 0.000029 719.225322 0.015984
62.502581 2015 1033.308341 29.396575 3264.331065 312.898621 0.122119 0.003609 -38.452422 1.449905 5.782401 1.418122 48.651003 1.386340 69.526507 nan 3.871693 0.000029 719.223712 0.016379
69.502581 2015 513.539071 12.647683 1061.945555 64.758340 0.126603 0.003362 -41.094338 0.990185 3.371890 1.320245 48.577047 1.650305 71.354080 nan 3.871695 0.000030 719.222691 0.016678
76.502581 2015 2092.950644 80.415841 12435.972316 820.227856 0.122543 0.003920 -41.132517 1.370297 2.326476 1.678185 46.238391 1.986073 67.629519 nan 3.871699 0.000031 719.220426 0.017215
83.502581 2015 2329.482589 69.494101 9078.086036 778.159760 0.138000 0.009520 -42.485000 0.726648 -1.128147 1.761427 43.843493 2.796205 67.998595 nan 3.871704 0.000032 719.218043 0.017688
90.502581 2015 765.216238 19.415814 2654.928643 92.546773 0.116133 0.001823 -37.831046 0.501282 -0.950208 0.846743 38.097760 1.192205 61.818669 nan 3.871706 0.000032 719.216685 0.018045
97.502581 2015 570.725632 18.438736 1997.100021 271.366822 0.121154 0.004909 -39.473113 1.277018 -1.785897 1.389463 40.520395 1.501908 61.229960 nan 3.871708 0.000033 719.215718 0.018500
104.502581 2015 1543.701653 52.479875 6727.906074 767.439579 0.119959 0.012771 -35.170216 2.278822 -1.017172 2.235459 37.470011 2.192096 54.649514 nan 3.871711 0.000034 719.214185 0.018998
111.502581 2015 1449.429135 38.375705 4902.942821 334.881252 0.135391 0.002588 -38.631208 0.487263 -1.845140 0.683591 37.553510 0.879919 61.652788 nan 3.871715 0.000035 719.211947 0.019613
118.502581 2015 515.993295 13.221320 1701.000000 78.608309 0.113272 0.003000 -34.680327 0.780307 -0.939232 0.807894 34.657815 0.835481 50.610065 nan 3.871716 0.000036 719.211273 0.020030
125.502581 2015 463.023920 13.512839 1361.154861 160.972029 0.123045 0.002343 -29.977137 0.814122 0.714313 0.718701 32.529005 0.623280 51.800965 nan 3.871717 0.000037 719.211027 0.020500
132.502581 2015 1197.160113 39.161929 5037.794750 682.122018 0.121811 0.003045 -28.197187 0.716590 2.297740 0.734667 34.111819 0.752744 49.061327 nan 3.871718 0.000038 719.210195 0.020994
139.502581 2015 653.727342 17.405238 1822.843608 189.944727 0.130555 0.002169 -28.362935 0.825199 3.449407 0.828644 35.578518 0.832088 50.621269 nan 3.871720 0.000038 719.209183 0.021454
146.502581 2015 145.420883 3.205243 421.466666 12.895561 0.099074 0.004020 -22.796753 1.212840 6.609558 1.109715 33.930702 1.006590 39.018545 nan 3.871720 0.000039 719.209213 0.021927
153.502581 2015 93.960815 1.825482 207.721247 9.049303 0.062243 0.008523 -20.471963 1.930634 9.469668 1.721195 36.488783 1.511756 24.324750 nan 3.871721 0.000041 719.208807 0.022667
160.502581 2015 841.353453 22.894701 2576.280100 199.068012 0.338773 0.264955 -27.467303 2.735011 12.159435 2.082482 42.612378 1.429952 41.485676 nan 3.871720 0.000041 719.209457 0.022792
167.502581 2015 774.053587 20.374362 1618.917723 119.003334 0.131624 0.002068 -26.506372 1.341946 11.696136 1.153268 44.947762 0.964591 51.342883 nan 3.871721 0.000042 719.208784 0.023254
173.341470 2015 1742.470156 76.508251 11243.110167 1086.846011 0.130719 0.005919 -28.135855 2.429629 12.695943 1.885562 49.108505 1.341494 52.692434 nan 3.871628 0.000052 719.260779 0.029004
181.501215 2015 1103.009754 27.753072 3833.728607 161.548221 0.135043 0.002027 -28.371968 1.493899 14.487937 1.266202 49.439961 1.038505 56.990581 nan 3.871720 0.000043 719.209490 0.024046
188.501215 2015 730.679960 21.893485 2242.240090 297.193990 0.127160 0.002703 -26.556790 1.537272 15.720007 1.300241 51.989111 1.063210 56.619002 nan 3.871721 0.000044 719.208768 0.024428
195.501215 2015 1105.318911 31.552648 3303.933429 461.320798 0.136008 0.002587 -32.160296 1.659534 15.665767 1.350402 55.457344 1.041270 63.121727 nan 3.871723 0.000044 719.208182 0.024738
202.501215 2015 732.570794 25.441982 2243.921872 422.656073 0.120576 0.003222 -31.024252 1.777186 16.690159 1.377819 56.427508 0.978452 60.202646 nan 3.871723 0.000045 719.208069 0.025080
208.323438 2015 502.873253 13.199271 1123.618553 53.129712 0.133497 0.003235 -32.219338 1.950092 14.797732 1.511598 57.777922 1.073105 67.969803 nan 3.871671 0.000055 719.237069 0.030845
216.501215 2015 472.088228 15.044017 1087.248805 122.875310 0.134877 0.003764 -35.600888 1.570631 13.567101 1.156791 57.808209 0.742951 70.924901 nan 3.871726 0.000046 719.206462 0.025442
223.501215 2015 561.692567 16.071474 1546.158481 125.780273 0.126132 0.003876 -36.462329 1.415767 12.308732 1.354777 55.556061 1.293787 69.631666 nan 3.871729 0.000046 719.204564 0.025622
230.501215 2015 2677.594161 74.292647 9578.875643 376.272373 0.121627 0.010655 -37.022670 2.098361 11.557575 1.560890 54.919756 1.023419 71.397685 nan 3.871732 0.000046 719.203336 0.025745
237.501215 2015 1883.591816 70.879211 8196.247643 1094.187896 0.116358 0.005196 -37.841518 1.858907 9.851008 1.661374 54.948374 1.463840 66.781661 nan 3.871734 0.000046 719.201934 0.025855
244.203993 2015 1358.325666 41.111394 5049.764269 481.316836 0.129745 0.002908 -38.471641 0.833030 6.423946 1.115881 55.188160 1.398733 74.404912 nan 3.871775 0.000049 719.179295 0.027077
251.501215 2015 2525.503509 89.175155 12224.523360 1298.090768 0.084579 0.017129 -38.553438 4.080579 9.109093 2.820920 54.729079 1.561261 59.372290 nan 3.871744 0.000047 719.196537 0.026018
258.501215 2015 1697.322031 43.167139 5523.837964 334.895383 0.123971 0.014627 -40.497045 4.576597 6.138980 3.024799 53.277920 1.473002 66.367918 nan 3.871748 0.000047 719.194446 0.026034
265.501215 2015 1261.812812 36.714499 4380.800071 509.296958 0.142000 0.009643 -40.281974 2.933754 2.190528 2.256523 51.254394 1.579292 70.368408 nan 3.871751 0.000047 719.192788 0.026040
272.412326 2015 425.167727 9.844652 1134.141333 54.348802 0.120833 0.003766 -37.636400 0.960582 -0.313531 1.289349 46.913786 1.618116 65.758354 nan 3.871786 0.000047 719.173287 0.026459
279.501215 2015 2483.960947 82.759663 9895.786800 1127.459473 0.115575 0.011206 -39.723545 0.960092 -1.014623 1.743660 47.660986 2.527228 62.986391 nan 3.871761 0.000047 719.187140 0.025956
286.501215 2015 3063.564257 82.657056 10733.676607 367.536048 0.137179 0.009241 -41.319731 2.638607 -0.113297 1.996906 44.897843 1.355206 61.455809 nan 3.871763 0.000046 719.186028 0.025898
293.501215 2015 1206.074305 35.409352 4260.671207 421.522537 0.144778 0.013249 -37.438987 0.556278 -3.903024 2.050467 39.632236 3.544656 55.030451 nan 3.871765 0.000046 719.184642 0.025840
300.501215 2015 344.603164 8.957111 1177.358669 69.035125 0.110700 0.003591 -34.557857 0.974326 -0.233155 1.020546 33.208174 1.066766 50.987303 nan 3.871768 0.000046 719.182920 0.025764
307.501215 2015 1541.998644 54.110089 7337.170167 737.918678 0.148958 0.016775 -32.018389 3.197869 1.809882 2.889275 33.657179 2.580680 44.717980 nan 3.871770 0.000046 719.181625 0.025637
314.501215 2015 3093.689230 86.063674 11131.524107 792.854148 0.169927 0.019149 -27.931986 3.962418 7.218100 2.398979 35.723044 0.835540 44.009896 nan 3.871771 0.000046 719.181409 0.025482
321.501215 2015 1518.465939 42.940528 5626.219036 326.188819 0.142556 0.012601 -29.038926 2.296780 5.961248 1.455070 33.575480 0.613361 46.413418 nan 3.871771 0.000046 719.181382 0.025379
328.501215 2015 528.459066 15.545243 2309.628500 62.597262 0.099573 0.003448 -21.845443 1.114274 7.077822 0.931287 33.086764 0.748300 39.897651 nan 3.871772 0.000045 719.180577 0.025239
335.501215 2015 489.282527 12.587384 1257.858767 82.355991 0.121154 0.005129 -23.099808 1.172539 8.595404 1.137592 39.705825 1.102646 46.168967 nan 3.871773 0.000045 719.180407 0.025136
342.501215 2015 820.730476 17.935214 1881.545124 55.940735 0.189154 0.022065 -25.133845 2.704169 13.647471 1.737287 43.418592 0.770406 47.618780 nan 3.871771 0.000045 719.181121 0.025011
349.501215 2015 656.895410 17.414172 1606.449660 148.467154 0.150926 0.013608 -22.237432 1.735217 13.687487 1.345434 45.907562 0.955651 50.124970 nan 3.871770 0.000045 719.181722 0.024994
5.501215 2016 1465.421961 39.009516 4705.847643 377.602535 0.156778 0.012782 -24.781303 1.743801 16.080514 1.387497 56.719076 1.031193 62.397136 nan 3.871771 0.000045 719.181238 0.025008
12.501215 2016 615.654332 13.187755 1555.232281 83.679624 0.135700 0.002816 -26.362794 1.457108 16.166615 1.255265 59.218942 1.053422 65.387644 nan 3.871771 0.000045 719.181166 0.025125
19.501215 2016 813.820972 27.810292 2851.921429 406.382693 0.115844 0.004294 -25.983898 1.854501 17.076101 1.581675 62.735861 1.308849 60.390901 nan 3.871773 0.000045 719.180005 0.025239
26.501215 2016 655.476258 15.755010 1519.019977 122.539165 0.126235 0.004614 -31.367852 1.678867 15.386371 1.544064 62.653100 1.409261 67.308912 nan 3.871776 0.000046 719.178492 0.025372
33.501215 2016 242.460445 6.021486 610.721336 26.600814 0.112963 0.004371 -30.971603 1.915481 14.790845 1.746138 62.010241 1.576794 63.682357 nan 3.871778 0.000046 719.177447 0.025531
40.501215 2016 458.615661 12.923836 1150.484117 86.484508 0.104464 0.014287 -31.159298 1.359484 10.694287 2.111326 57.180658 2.863168 65.863349 nan 3.871781 0.000046 719.175876 0.025782
47.501215 2016 1607.847045 52.200553 6544.603286 530.297087 0.128498 0.003485 -38.725051 1.382031 10.242485 1.435736 59.019288 1.489442 74.799772 nan 3.871785 0.000047 719.173495 0.026009
54.501215 2016 1370.951157 37.191441 4261.761964 253.555595 0.124794 0.002282 -35.999780 0.962629 7.748189 1.222250 53.431692 1.481872 73.154889 nan 3.871789 0.000047 719.171576 0.026109
61.501215 2016 570.792481 16.640887 2084.666714 106.211740 0.101496 0.002859 -36.333682 1.145400 5.971710 1.323155 48.115976 1.500910 60.200735 nan 3.871793 0.000048 719.168965 0.026564
68.501215 2016 1063.039742 29.547743 3654.041345 318.168153 0.128778 0.009538 -39.884150 1.117875 2.707402 2.097835 48.877863 3.077795 66.769348 nan 3.871797 0.000048 719.166782 0.026979
75.501215 2016 1153.752267 30.830157 3045.853267 244.132335 0.127350 0.002898 -40.802704 0.756929 1.815349 1.051747 47.655140 1.346565 71.655267 nan 3.871803 0.000049 719.163918 0.027379
82.501215 2016 901.479824 24.969538 2488.957214 210.213140 0.125214 0.001967 -40.253848 0.537441 0.434168 0.859602 42.002018 1.181763 68.775487 nan 3.871806 0.000049 719.161996 0.027567
88.420660 2016 339.235198 8.122983 746.101159 38.696346 0.131173 0.004144 -42.394640 0.940112 -0.087196 1.236096 43.516713 1.532081 69.251783 nan 3.871810 0.000060 719.159640 0.033407
96.501215 2016 843.481463 23.202875 2230.936842 207.759492 0.114980 0.009768 -36.495380 0.492827 -1.772378 1.393301 39.611671 2.293776 61.176215 nan 3.871815 0.000052 719.157292 0.029074
103.501215 2016 1085.534663 35.345574 4077.306700 462.827189 0.128189 0.003037 -36.713207 0.718920 0.149629 0.860290 40.635524 1.001660 61.820161 nan 3.871816 0.000052 719.156886 0.029099
110.501215 2016 984.274681 27.202801 3060.438071 312.295725 0.126234 0.002093 -34.014597 0.680041 0.449045 0.765115 39.513434 0.850189 58.471239 nan 3.871819 0.000053 719.155033 0.029675
117.501215 2016 351.794460 6.776299 648.188245 30.140574 0.137860 0.001743 -36.057848 0.737745 1.526001 0.690921 37.990028 0.644097 60.050003 nan 3.871819 0.000054 719.155068 0.029982
124.501215 2016 1324.903632 39.161682 3856.490286 500.820811 0.131790 0.002322 -32.119476 0.910145 3.005167 0.839170 36.913828 0.768196 55.444678 nan 3.871820 0.000055 719.154824 0.030675
131.501215 2016 3011.070374 83.670685 11205.351571 462.988483 0.108781 0.015626 -34.437240 3.245975 6.341118 2.803771 37.740281 2.361568 44.130063 nan 3.871821 0.000056 719.154348 0.031146
138.501215 2016 1415.948610 37.148866 5052.076250 209.420638 0.131731 0.001913 -35.209767 1.264201 6.781903 1.005968 38.695965 0.747736 52.178359 nan 3.871821 0.000057 719.154392 0.031591
145.501215 2016 629.520540 15.566381 2079.168933 78.593336 0.126749 0.002872 -26.044209 1.259095 9.058245 1.022843 43.131454 0.786591 50.056440 nan 3.871819 0.000058 719.155447 0.032056
152.501215 2016 454.944107 9.398119 875.497954 49.478937 0.135256 0.001240 -27.599493 1.281741 10.810932 1.105729 44.362087 0.929717 53.167788 nan 3.871818 0.000058 719.156145 0.032557
159.501215 2016 868.992344 25.435941 2336.151734 275.924653 0.131517 0.003165 -33.512369 1.709064 12.257734 1.356439 46.639762 1.003814 53.333775 nan 3.871818 0.000059 719.156404 0.032962
166.501215 2016 540.900448 13.325454 1177.678626 87.565707 0.132051 0.002197 -26.845792 1.517691 14.497650 1.295149 49.278800 1.072608 55.206184 nan 3.871817 0.000060 719.156783 0.033370
173.501215 2016 303.735148 6.745394 618.251500 36.390599 0.136111 0.002123 -31.002373 1.598041 15.141337 1.400109 52.590238 1.202176 58.770475 nan 3.871815 0.000061 719.157742 0.033813
180.501215 2016 268.864008 6.261277 773.591348 40.434730 0.136934 0.002589 -31.280602 1.522929 16.269938 1.330695 54.655183 1.138460 61.500120 nan 3.871815 0.000061 719.158075 0.034237
185.984549 2016 140.470165 4.198886 360.309306 22.028434 0.095988 0.021134 -29.547679 2.888457 18.844125 2.088966 57.051188 1.289474 58.617438 nan 3.871848 0.000082 719.139384 0.045841
194.501215 2016 790.535073 17.382011 1866.060618 57.660902 0.138375 0.003121 -35.232153 1.447056 16.771475 1.264287 61.022613 1.081518 68.788762 nan 3.871818 0.000063 719.156654 0.034894
201.501215 2016 394.807964 9.179098 1107.224084 62.222294 0.127572 0.003540 -32.537705 1.414701 16.299246 1.247747 60.460760 1.080793 67.271186 nan 3.871818 0.000063 719.156227 0.035200
208.501215 2016 750.125110 19.934046 1904.109082 104.715531 0.131893 0.004166 -33.755466 1.519009 15.295236 1.246760 59.711872 0.974512 72.189653 nan 3.871821 0.000064 719.154917 0.035493
215.501215 2016 982.421459 28.698039 2734.073786 289.466662 0.125893 0.009733 -38.573665 2.247335 14.647451 1.631663 58.072455 1.015990 73.304711 nan 3.871827 0.000064 719.151705 0.035846
222.501215 2016 1242.508790 27.575840 2799.892095 89.952948 0.145556 0.009106 -39.486699 2.251527 12.842290 1.642569 59.547595 1.033611 76.664823 nan 3.871829 0.000064 719.150256 0.035832
229.501215 2016 588.942308 13.863500 1363.408629 79.154668 0.128419 0.002476 -36.144084 0.800064 10.419267 1.057938 58.750702 1.315813 76.121166 nan 3.871676 0.000065 719.235890 0.036206
236.501215 2016 680.227054 20.357604 1806.710406 216.667249 0.129398 0.011048 -39.043965 2.870380 9.097570 2.173674 58.044838 1.476968 69.180075 nan 3.871679 0.000065 719.233869 0.036269
243.501215 2016 1271.924801 55.096042 5505.543474 1267.491249 0.110317 0.017813 -38.985155 4.590409 10.379686 3.043454 58.897093 1.496498 66.044257 nan 3.871686 0.000065 719.230126 0.036406
257.501215 2016 1210.766114 34.786587 4215.376214 235.333520 0.120473 0.002569 -38.331815 0.643615 2.590451 1.067158 51.977676 1.490700 70.252604 nan 3.871695 0.000066 719.225436 0.036544
264.501215 2016 500.893107 12.211985 1208.589640 104.560741 0.128910 0.013974 -43.111160 3.779119 3.279055 2.712785 50.303369 1.646450 67.047713 nan 3.871698 0.000066 719.223500 0.036594
271.501215 2016 2369.175377 74.260080 9195.250429 779.624495 0.166425 0.018939 -39.248628 4.190382 -0.016281 4.310475 50.808435 4.430568 55.751174 nan 3.871704 0.000066 719.220317 0.036542
278.501215 2016 2764.830654 74.090966 9011.145000 409.538440 0.148889 0.012370 -43.088038 3.765825 2.440630 2.499238 46.608356 1.232650 62.458131 nan 3.871707 0.000065 719.218787 0.036482
285.501215 2016 1532.294498 47.159517 6018.611310 635.114468 0.133333 0.009431 -38.999852 2.594342 1.286128 1.915199 40.348553 1.236057 59.786807 nan 3.871708 0.000065 719.218034 0.036480
292.501215 2016 1882.140909 42.507230 5194.504786 199.352414 0.179227 0.023886 -37.275286 5.955707 9.571619 3.425757 38.264451 0.895808 48.017607 nan 3.871710 0.000065 719.216848 0.036402
299.501215 2016 2683.291641 82.061531 9922.153423 969.176169 0.175126 0.021092 -31.949447 4.643300 8.603315 2.774649 37.765925 0.905998 44.185888 nan 3.871712 0.000065 719.215941 0.036286
306.501215 2016 2377.674531 64.838178 8281.124500 421.099160 0.159722 0.016247 -31.252327 3.503928 6.895034 2.079715 36.898618 0.655502 49.889594 nan 3.871712 0.000065 719.215977 0.036180
313.501215 2016 887.469332 23.790306 2924.844433 195.046121 0.135880 0.014240 -27.811917 2.435010 7.129431 1.617861 35.899964 0.800713 45.915809 nan 3.871710 0.000065 719.216723 0.036102
320.501215 2016 547.416530 11.698003 1394.705959 43.676592 0.178030 0.019712 -29.405493 3.366076 10.815783 1.983878 39.534960 0.601680 48.605679 nan 3.871710 0.000065 719.216892 0.036007
327.501215 2016 666.592812 21.194370 1819.568547 198.919156 0.140278 0.014105 -23.698494 1.867787 10.982711 1.384280 42.524542 0.900773 46.887257 nan 3.871710 0.000064 719.217040 0.035901
334.501215 2016 655.523140 14.201418 1661.364286 41.391067 0.164855 0.016833 -23.999282 2.225190 13.196813 1.504914 44.283247 0.784638 51.229789 nan 3.871708 0.000064 719.218001 0.035844
