104.500694 2015 1591.855836 52.587282 6412.395037 754.599332 0.110803 0.009283 -48.096596 1.079945 -10.025610 1.458625 38.005404 1.837306 61.032241 nan 3.871854 0.000005 719.133714 0.003032
111.500694 2015 1472.804627 38.678163 4805.114286 328.795592 0.143056 0.009596 -50.632427 0.769853 -10.282519 1.529698 39.498674 2.289543 64.969862 nan 3.871851 0.000006 719.135275 0.003300
118.500694 2015 518.406199 13.321531 1704.676143 80.575934 0.113996 0.002966 -50.490257 0.912522 -11.584928 1.192154 34.053612 1.471785 55.971306 nan 3.871850 0.000006 719.135600 0.003442
125.500694 2015 485.375511 13.856359 1408.560010 142.234118 0.125641 0.003001 -47.449673 0.902485 -11.221384 1.248427 33.699458 1.594368 58.301896 nan 3.871848 0.000007 719.136740 0.003903
132.500694 2015 1194.614672 38.575702 5259.763818 532.821011 0.119658 0.004163 -46.733615 1.069437 -10.879645 1.259919 30.944699 1.450401 53.205807 nan 3.871846 0.000008 719.138223 0.004326
139.500694 2015 692.357501 18.335750 2048.508346 203.272505 0.138667 0.009739 -44.122735 0.859654 -11.493270 1.380062 28.183642 1.900470 51.981544 nan 3.871842 0.000008 719.140425 0.004337
146.500694 2015 149.881667 3.321174 432.210711 13.957817 0.100534 0.004325 -38.510607 0.927521 -10.592406 1.135073 22.035521 1.342626 40.862686 nan 3.871840 0.000008 719.141264 0.004448
160.500694 2015 873.247925 24.155993 2609.227990 184.168263 0.053889 0.052333 -36.047554 1.568513 -7.982557 2.126806 27.116554 2.685098 38.194135 nan 3.871835 0.000009 719.144235 0.005009
166.509028 2015 944.941766 28.654916 2003.127022 182.379438 0.143627 0.013255 -34.385035 0.995853 -5.504530 1.704807 24.276952 2.413761 43.641857 nan 3.871833 0.000011 719.145212 0.005890
174.502720 2015 1912.479309 62.997728 10476.024905 649.473837 0.120473 0.021008 -31.547813 2.854614 -1.260964 2.633275 29.471804 2.411936 37.142673 nan 3.871831 0.000009 719.146428 0.004909
181.502720 2015 1151.287256 28.501059 3873.986207 153.864885 0.135905 0.001617 -30.736781 0.677667 -0.134152 0.707028 27.747537 0.736388 47.897194 nan 3.871828 0.000009 719.147931 0.004899
188.502720 2015 781.770198 23.410972 2424.922600 336.259065 0.127263 0.002377 -27.528672 0.697778 2.305894 0.674946 31.466324 0.652114 46.586270 nan 3.871825 0.000009 719.149702 0.004867
195.502720 2015 1126.291762 32.481709 3176.600033 458.829024 0.163889 0.015777 -31.591642 3.083352 6.881709 1.899645 35.554850 0.715938 45.307510 nan 3.871822 0.000009 719.151302 0.004772
202.502720 2015 807.083331 28.856486 2430.802223 493.266763 0.140667 0.013441 -28.576678 2.248825 7.016054 1.512657 37.373551 0.776489 46.376702 nan 3.871819 0.000008 719.152941 0.004555
209.502720 2015 499.400117 10.564214 1159.406524 50.422944 0.149768 0.013614 -30.643350 2.484655 7.976380 1.575942 40.141743 0.667229 52.051052 nan 3.871818 0.000008 719.153445 0.004466
216.502720 2015 513.212740 17.301557 1251.089827 144.320500 0.165217 0.016729 -29.270404 2.944220 10.003430 1.783516 42.379940 0.622811 55.089603 nan 3.871815 0.000008 719.155065 0.004303
223.502720 2015 624.545791 19.011863 1722.212781 138.314758 0.148380 0.013401 -32.115631 2.510772 8.511402 1.568316 41.876413 0.625859 58.265565 nan 3.871812 0.000007 719.157080 0.004080
230.502720 2015 2806.969392 79.424003 10524.266571 857.762015 0.139637 0.015485 -35.541097 3.241758 9.329749 2.054067 46.860152 0.866377 58.349865 nan 3.871809 0.000007 719.158626 0.003821
237.502720 2015 2001.456200 69.767776 9000.390286 1008.799002 0.116975 0.005309 -34.153747 1.807702 6.043795 1.606685 47.791163 1.405669 58.999271 nan 3.871807 0.000007 719.159656 0.003649
243.761053 2015 1451.909475 48.045900 5303.293130 591.253827 0.131217 0.002849 -37.655300 1.571854 4.786967 1.337452 47.934722 1.103051 68.138234 nan 3.871804 0.000007 719.161240 0.003861
251.502720 2015 2567.607754 89.001751 12125.855720 1102.744860 0.118930 0.004911 -44.596446 2.131215 3.118148 1.806278 48.358541 1.481342 64.311674 nan 3.871801 0.000006 719.163133 0.003440
258.502720 2015 1765.694647 44.390481 5533.388724 314.024289 0.134979 0.003657 -44.308546 1.774772 1.924261 1.613593 48.820842 1.452413 72.120981 nan 3.871794 0.000005 719.167056 0.002815
265.502720 2015 1272.492621 36.920946 4321.448310 471.631939 0.134156 0.003285 -49.504643 1.401166 -1.195455 1.408706 47.277318 1.416245 72.929508 nan 3.871795 0.000005 719.166497 0.002528
272.502720 2015 433.653169 10.041812 1149.236171 52.298808 0.120268 0.003354 -47.359801 1.528429 -3.074916 1.553027 41.198285 1.577625 66.225785 nan 3.871792 0.000004 719.168066 0.002236
279.502720 2015 2653.527453 86.981784 10601.384231 1102.159745 0.110556 0.009203 -54.320960 3.971400 -2.534925 3.405982 45.384365 2.840564 61.316222 nan 3.871781 0.000005 719.174050 0.002970
286.502720 2015 3121.362209 85.153587 11097.313786 403.665925 0.128189 0.003628 -50.512812 1.333244 -6.798462 1.487427 42.122114 1.641609 67.679393 nan 3.871786 0.000006 719.171617 0.003206
300.502720 2015 351.058159 9.190959 1231.195218 75.357924 0.110363 0.004072 -49.937888 1.254802 -10.131921 1.409283 30.542524 1.563764 55.540816 nan 3.871776 0.000008 719.177103 0.004406
307.502720 2015 1748.889207 67.503076 9521.821833 1653.616714 0.125926 0.003595 -48.188519 0.967392 -9.003373 1.128555 29.498405 1.289717 59.725023 nan 3.871774 0.000009 719.177891 0.004958
314.502720 2015 3062.427019 82.375790 10714.381143 466.539770 0.136523 0.004528 -47.337187 0.968117 -8.891406 1.300370 40.714346 1.632624 60.121571 nan 3.871772 0.000010 719.179554 0.005539
321.502720 2015 1603.543416 45.001606 5961.904714 319.240143 0.124588 0.002634 -42.815491 0.812463 -9.511577 0.960619 27.427848 1.108775 53.052452 nan 3.871769 0.000011 719.181041 0.006164
328.502720 2015 551.229492 16.080314 2386.633357 58.147450 0.100206 0.003436 -37.752401 0.972269 -9.369983 1.048467 20.360608 1.124664 41.676782 nan 3.871768 0.000012 719.181692 0.006760
335.502720 2015 509.929259 12.866465 1298.713172 60.427121 0.118724 0.004808 -35.161085 0.852599 -6.793281 1.054429 23.565351 1.256260 45.452412 nan 3.871766 0.000013 719.182725 0.007446
342.502720 2015 880.456877 19.128331 2008.951980 74.222068 0.168358 0.017379 -34.677436 0.541153 -7.785216 1.718699 26.540903 2.896245 44.658476 nan 3.871764 0.000014 719.183720 0.007837
349.502720 2015 690.385478 18.798502 1666.568911 156.074874 0.134259 0.002965 -31.274863 0.610571 -2.666974 0.742667 32.396951 0.874763 47.401588 nan 3.871760 0.000015 719.186192 0.008491
356.502720 2015 1950.636640 63.190504 8538.018929 775.589712 0.120833 0.015595 -29.135056 1.704580 -1.162863 1.827399 29.064703 1.950218 39.936598 nan 3.871758 0.000016 719.186964 0.008807
363.502720 2015 1456.029930 45.750236 4859.890393 585.799981 0.130754 0.013513 -31.487528 0.934399 -1.843191 2.066237 31.110611 3.198074 41.942204 nan 3.871755 0.000018 719.188875 0.009773
5.502720 2016 1485.534241 39.445209 4820.361893 377.508164 0.147889 0.009491 -28.158234 2.032419 4.646473 1.429383 35.605975 0.826347 48.430071 nan 3.871752 0.000018 719.190437 0.010154
12.502720 2016 628.610843 13.356072 1561.501944 66.270524 0.145778 0.009783 -31.563494 1.987567 6.424463 1.420064 39.467421 0.852561 49.983080 nan 3.871748 0.000019 719.192995 0.010754
19.502720 2016 893.254060 31.641433 3513.271944 535.868230 0.118056 0.004007 -28.475172 1.317579 7.614469 1.155828 40.937887 0.994076 48.430629 nan 3.871745 0.000020 719.194534 0.011287
26.502720 2016 673.144219 16.233910 1581.035543 118.079625 0.126496 0.004389 -32.948207 1.387501 7.831768 1.188853 44.219627 0.990206 53.958857 nan 3.871742 0.000021 719.196137 0.011786
33.502720 2016 262.488312 6.509706 670.929929 29.110180 0.114209 0.004279 -34.829647 1.591805 8.688495 1.330151 43.706385 1.068496 52.389337 nan 3.871737 0.000022 719.198816 0.012287
40.502720 2016 503.690652 14.581218 1294.678939 109.411637 0.114609 0.005713 -36.925272 2.467216 8.285311 2.361072 44.089572 2.254928 54.396064 nan 3.871733 0.000023 719.201262 0.012809
47.502720 2016 1654.740181 53.948099 7205.242053 500.917421 0.138034 0.009295 -45.123809 2.580472 7.991806 1.734847 45.140983 0.889223 62.296636 nan 3.871731 0.000024 719.202387 0.013162
54.502720 2016 1422.979766 38.463233 4352.571464 268.062133 0.125823 0.002310 -40.673251 1.526473 6.085973 1.094992 44.046559 0.663511 64.931739 nan 3.871730 0.000024 719.203057 0.013336
61.502720 2016 587.066801 16.932420 2111.676179 103.752559 0.107510 0.003152 -43.502763 1.588909 4.687633 1.373515 44.226721 1.158120 58.072163 nan 3.871724 0.000025 719.206391 0.013921
68.502720 2016 1132.819311 31.423281 3825.804714 286.447328 0.121605 0.003462 -47.130703 1.481216 2.758698 1.276730 42.609225 1.072243 65.602440 nan 3.871721 0.000026 719.208237 0.014230
75.502720 2016 1216.375622 31.987760 3333.944828 239.753662 0.130144 0.003448 -46.209480 1.368638 0.939530 1.238263 46.146752 1.107887 70.023371 nan 3.871719 0.000026 719.209145 0.014529
82.502720 2016 901.017472 24.504421 2406.707966 198.667261 0.126852 0.002340 -44.939892 1.153867 -1.470465 1.147012 42.546807 1.140157 68.413045 nan 3.871719 0.000026 719.209320 0.014641
88.611053 2016 347.730885 8.054827 775.165655 30.579343 0.132222 0.003977 -46.353278 1.255694 -3.300915 1.518502 44.998561 1.781309 70.414936 nan 3.871748 0.000030 719.193343 0.016918
96.502720 2016 878.708080 23.941841 2328.063081 205.521547 0.125427 0.003198 -45.942848 1.037036 -5.077117 1.192025 40.697120 1.347014 65.595864 nan 3.871711 0.000027 719.214028 0.015277
103.502720 2016 1111.640307 35.963912 4308.561316 427.054484 0.129167 0.003356 -50.469454 0.974290 -6.704396 1.194296 39.767880 1.414303 65.280750 nan 3.871711 0.000027 719.213516 0.015271
110.502720 2016 948.757170 25.962789 2838.795250 225.600633 0.123825 0.002879 -46.930017 0.715253 -8.614843 1.141899 38.226877 1.568545 60.883919 nan 3.871711 0.000028 719.213977 0.015414
117.502720 2016 358.286632 6.984161 651.362279 29.489761 0.138248 0.002202 -47.660502 0.788613 -8.596901 1.113271 39.816737 1.437930 64.171674 nan 3.871709 0.000028 719.215111 0.015485
124.502720 2016 1321.638596 36.183354 3782.464185 269.255240 0.132265 0.003221 -44.049595 0.769540 -7.878589 1.128229 39.301620 1.486919 59.089842 nan 3.871706 0.000028 719.216825 0.015555
131.502720 2016 3076.217925 88.877907 11702.199643 862.658035 0.140222 0.010290 -43.982977 0.927230 -9.515588 1.584042 33.031006 2.240855 53.008238 nan 3.871706 0.000028 719.216846 0.015567
138.502720 2016 1450.374724 38.289142 5153.923821 223.723508 0.138141 0.009051 -39.683677 0.737774 -8.596822 1.313657 30.491287 1.889539 50.280394 nan 3.871704 0.000028 719.217547 0.015579
145.502720 2016 650.533522 16.143897 2134.625310 90.413286 0.144333 0.013337 -38.308060 0.882665 -7.981047 1.609586 30.249871 2.336506 44.868803 nan 3.871701 0.000028 719.219172 0.015572
152.502720 2016 476.619847 9.741789 919.576287 48.903332 0.153009 0.013073 -34.569129 0.699653 -6.240894 1.637067 26.939535 2.574481 44.763741 nan 3.871698 0.000028 719.220972 0.015559
159.502720 2016 943.192089 29.989613 2878.318444 423.020784 0.137714 0.009754 -31.761421 0.785587 -3.012222 1.400540 32.922377 2.015493 44.094552 nan 3.871697 0.000028 719.221523 0.015488
166.502720 2016 570.861732 13.739182 1151.691350 69.301248 0.160532 0.015565 -30.170506 0.762544 -3.486030 2.051373 27.872816 3.340202 40.077874 nan 3.871694 0.000028 719.223036 0.015425
173.502720 2016 321.273134 7.234155 687.322213 46.775129 0.143697 0.008998 -27.590639 1.892951 2.855062 1.331352 31.336851 0.769753 45.532339 nan 3.871690 0.000028 719.225521 0.015332
180.502720 2016 287.256120 6.687752 829.439976 46.211329 0.154778 0.012807 -28.711461 2.425617 5.745692 1.550861 33.450992 0.676105 45.460878 nan 3.871686 0.000027 719.227561 0.015233
187.502720 2016 379.923589 13.718036 1156.849047 148.022364 0.138248 0.010017 -26.979236 2.234599 6.892069 1.465686 37.682559 0.696772 46.700068 nan 3.871684 0.000027 719.228946 0.015174
194.502720 2016 822.143672 18.055941 1976.718537 58.185230 0.149573 0.008916 -27.298772 1.621209 7.394732 1.148140 41.657062 0.675071 53.050241 nan 3.871680 0.000027 719.230942 0.015085
201.502720 2016 410.064564 9.134124 1087.315974 49.833848 0.144097 0.013444 -26.700633 2.220755 9.951723 1.590040 41.041647 0.959325 49.652018 nan 3.871675 0.000027 719.234046 0.015004
208.502720 2016 801.568567 21.916272 2176.141821 145.027032 0.139667 0.009760 -28.010796 1.749588 9.909298 1.304746 43.410461 0.859903 55.819327 nan 3.871854 0.000025 719.134071 0.013786
215.502720 2016 1044.685999 30.096088 2955.397621 301.673093 0.141773 0.009348 -34.601720 1.794553 9.189567 1.320725 46.925607 0.846896 60.015112 nan 3.871848 0.000025 719.137368 0.013836
222.502720 2016 1323.364052 29.277874 2942.280359 108.145473 0.146261 0.009219 -36.775077 2.107517 9.330658 1.441601 48.389211 0.775685 64.343898 nan 3.871846 0.000025 719.138235 0.013872
229.502720 2016 612.673288 14.315419 1431.414139 78.351486 0.128910 0.002312 -33.937772 1.366798 8.520452 1.148788 49.367280 0.930777 64.607212 nan 3.871841 0.000025 719.140985 0.013997
236.502720 2016 716.241076 21.282567 2019.729042 248.348963 0.125000 0.004022 -35.526378 1.911365 7.635876 1.533593 51.445401 1.155821 65.055196 nan 3.871839 0.000025 719.142299 0.014078
243.502720 2016 1243.175782 46.251132 5136.153500 791.262890 0.137393 0.010279 -50.217576 2.582678 6.365115 1.983273 56.206867 1.383868 66.944814 nan 3.871836 0.000026 719.143915 0.014298
257.502720 2016 1224.375632 35.070303 4277.163276 260.023880 0.119547 0.002646 -41.182153 1.433408 1.908485 1.408267 45.209379 1.383125 66.240086 nan 3.871828 0.000027 719.148355 0.014875
264.502720 2016 487.836604 11.857371 1176.610888 99.531918 0.130144 0.004728 -45.918650 1.729635 -0.140684 1.661599 46.172256 1.593563 70.701642 nan 3.871828 0.000027 719.148417 0.014989
271.502720 2016 2616.072856 84.143478 10606.727455 1093.136667 0.129733 0.012899 -53.358092 3.372861 -1.777805 3.208263 43.468775 3.043665 65.068152 nan 3.871827 0.000028 719.149317 0.015529
285.502720 2016 1586.011622 51.307940 6420.928704 777.407723 0.134111 0.009970 -47.975228 1.233057 -6.245999 1.731947 38.138130 2.230836 64.118454 nan 3.871822 0.000029 719.151765 0.016418
292.502720 2016 1937.496930 44.256402 5521.428679 261.524010 0.155111 0.009547 -49.346797 0.875867 -6.746260 1.591406 43.367392 2.306946 70.600101 nan 3.871822 0.000030 719.152026 0.016873
299.502720 2016 2676.381564 83.101946 9708.861385 927.907024 0.125099 0.008192 -46.888104 0.825849 -8.718158 1.597562 39.123558 2.369274 60.292924 nan 3.871822 0.000031 719.152062 0.017320
306.502720 2016 2407.751329 66.260403 8480.704714 466.813679 0.132304 0.003107 -44.128147 0.744482 -7.031372 0.975494 31.360678 1.206506 60.127405 nan 3.871820 0.000032 719.153387 0.017963
313.502720 2016 922.966275 24.811927 3139.617700 190.539411 0.120473 0.003781 -39.932364 0.941106 -7.101942 0.989480 29.965186 1.037855 52.718885 nan 3.871817 0.000033 719.154905 0.018560
320.502720 2016 570.764866 12.417050 1435.949100 42.794563 0.138580 0.013675 -38.604047 0.590463 -7.763355 1.478140 29.714820 2.365817 53.651786 nan 3.871816 0.000034 719.155578 0.019114
327.502720 2016 680.997221 21.947613 2011.535487 284.395839 0.142333 0.013667 -36.307944 0.671464 -6.863784 1.477903 27.251225 2.284342 45.564337 nan 3.871815 0.000035 719.156347 0.019686
334.502720 2016 673.447226 14.683214 1694.284181 44.188030 0.136728 0.001647 -33.393210 0.572368 -2.955543 0.631024 28.300403 0.689680 50.474438 nan 3.871812 0.000036 719.158161 0.020284
341.502720 2016 622.035994 15.791048 1589.278032 99.183792 0.135111 0.010430 -29.829161 0.694462 -2.788938 1.380037 31.849288 2.065612 43.057337 nan 3.871806 0.000038 719.161555 0.021284
348.502720 2016 651.326904 13.762224 1625.321200 55.410863 0.147115 0.009135 -27.451687 2.004656 1.946182 1.320630 30.037098 0.636605 46.368842 nan 3.871804 0.000039 719.162750 0.021965
355.502720 2016 1096.929133 52.895960 5001.004176 949.048986 0.140741 0.017487 -26.298961 2.692401 3.936514 2.443474 33.820301 2.194547 40.020404 nan 3.871801 0.000039 719.164184 0.021992
362.502720 2016 1229.044217 27.874809 2741.333350 98.934045 0.156713 0.013749 -27.541417 2.543101 7.148763 1.726092 37.176027 0.909084 45.646694 nan 3.871796 0.000040 719.166842 0.022565
