67 2014 163.037795 186.474165 0.008734
67 2014 492.132097 214.386777 0.011335
67 2014 1510.074280 242.479969 0.036473
67 2014 1145.862422 271.391124 0.041092
67 2014 861.181980 299.304471 0.041441
67 2014 645.113954 327.229247 0.049628
67 2014 844.465708 355.147174 0.025458
67 2015 138.124204 18.075135 0.044888
67 2015 266.606762 45.994581 0.033331
67 2015 446.160193 73.917169 0.038874
67 2015 2622.204922 101.835493 0.028902
67 2015 464.809171 129.760915 0.032919
67 2015 238.776182 157.681291 0.021648
67 2015 3453.660452 185.603720 0.021334
67 2015 563.151017 213.518441 0.049810
67 2015 8780.878676 241.446181 0.021852
67 2015 1459.292634 270.360972 0.032332
67 2015 1634.490706 298.279884 0.028075
67 2015 5772.346477 354.119223 0.015973
67 2016 1022.779102 17.038132 0.035411
67 2016 278.748355 44.957553 0.066500
67 2016 1662.788881 72.877865 0.032705
67 2016 836.493772 100.798799 0.037399
67 2016 14667.382941 128.724282 0.014167
67 2016 215.781580 156.645700 0.025542
67 2016 187.910514 184.564779 0.047986
67 2016 844.466759 212.480202 0.047444
67 2016 901.516940 241.399589 0.044404
67 2016 699.550224 269.327993 0.043748
67 2016 2533.788338 297.241050 0.026849
67 2016 528.528077 325.162590 0.048935
67 2016 812.073998 353.083851 0.041925
