68 2014 2626.209831 242.996661 0.041875
68 2014 1586.623974 271.250159 0.042970
68 2014 1263.225211 299.169265 0.044606
68 2014 1014.976067 327.096906 0.050957
68 2014 512.415288 355.009812 0.041988
68 2015 145.299387 17.934707 0.048573
68 2015 232.372790 45.861868 0.035476
68 2015 570.085035 73.781222 0.042586
68 2015 4658.131213 101.697365 0.026772
68 2015 544.500091 129.623563 0.032295
68 2015 238.211946 157.535239 0.021179
68 2015 5607.967084 185.459181 0.021595
68 2015 760.936471 214.375496 0.051320
68 2015 7621.117170 242.299216 0.025847
68 2015 1579.543061 270.220621 0.035189
68 2015 1771.468117 298.142418 0.031747
68 2015 2993.071939 326.063603 0.024448
68 2015 10435.896728 353.989927 0.017320
68 2016 1033.933023 16.905202 0.035209
68 2016 478.069903 44.829510 0.063736
68 2016 2065.781775 72.745721 0.032903
68 2016 1058.928924 100.664710 0.038300
68 2016 12989.272646 128.582910 0.019446
68 2016 439.289209 156.496789 0.024544
68 2016 265.972116 185.412890 0.066623
68 2016 737.256032 213.333563 0.051042
68 2016 929.394105 241.256823 0.046988
68 2016 1057.301471 269.180500 0.047904
68 2016 2607.276251 297.101767 0.031905
68 2016 531.702370 325.023843 0.048925
68 2016 804.679169 352.947729 0.045676
