59 2004 1100.033779 116.248483 0.043268
59 2004 386.174106 144.158198 0.059770
59 2004 1356.248680 200.011100 0.037290
59 2004 1864.561866 227.931844 0.032615
59 2004 921.215694 255.850369 0.037223
59 2004 443.403130 283.767846 0.046692
59 2004 539.466597 311.644574 0.013827
59 2004 2691.476381 339.609122 0.034617
59 2005 3324.915436 1.529906 0.035547
59 2005 1139.658230 57.372165 0.038802
59 2005 1260.263976 114.205893 0.036257
59 2005 5644.611714 142.128201 0.028072
59 2005 5520.183430 170.048057 0.029090
59 2005 4461.503414 197.965796 0.023863
59 2005 2196.733235 225.888765 0.038282
59 2005 2056.217960 281.730101 0.040572
59 2005 2101.547802 309.651221 0.043089
59 2005 911.438962 337.571897 0.055850
59 2006 1160.671735 28.418579 0.050815
59 2006 1144.841451 56.341192 0.045153
59 2006 2443.353179 85.256353 0.027427
59 2006 5149.944621 113.173925 0.022776
59 2006 353.214658 141.077990 0.055225
59 2006 1380.077595 169.004562 0.048976
59 2006 465.284330 196.922302 0.063488
59 2006 777.911261 224.846634 0.056741
59 2006 744.424206 252.765348 0.051904
59 2006 734.725079 280.688282 0.055508
59 2006 482.455071 308.610555 0.047506
59 2006 3309.565599 336.532659 0.033529
59 2007 916.004499 27.374833 0.036624
59 2007 300.899147 56.295447 0.035138
59 2007 2590.283514 84.211923 0.032165
59 2007 618.626433 112.174779 0.010119
59 2007 410.948938 139.594041 0.065690
59 2007 886.289302 167.515022 0.040090
59 2007 835.647308 223.356596 0.051709
59 2007 726.399434 252.280315 0.057404
59 2007 699.187199 336.035580 0.044649
59 2008 499.066307 26.877297 0.049298
59 2008 795.044615 54.797733 0.046416
59 2008 677.039407 110.630945 0.040158
59 2008 561.013367 138.553825 0.033572
59 2008 2135.272665 166.469501 0.041109
59 2008 1621.954050 194.397610 0.045080
59 2008 1142.242792 223.315139 0.054100
59 2008 716.245268 279.159199 0.065282
59 2008 127.216678 334.791014 0.008600
59 2009 161.549964 52.540582 0.014369
59 2009 400.576240 80.467053 0.015302
59 2009 351.193084 108.392352 0.012431
59 2009 70.093158 136.303490 0.010613
59 2009 109.399815 192.150790 0.010607
59 2009 466.935785 221.064478 0.012225
59 2009 185.769456 332.745740 0.008303
59 2010 281.843654 23.219166 0.009250
59 2010 292.901604 51.499954 0.016902
59 2010 343.165539 79.429912 0.010584
59 2010 2034.748433 107.561022 0.025450
59 2010 1653.310465 163.404762 0.032815
59 2010 2737.580295 220.243215 0.031101
59 2010 392.340772 248.178055 0.053904
59 2010 143.143630 331.937509 0.067572
59 2011 134.514535 22.543061 0.018430
59 2011 510.699934 50.471524 0.013007
59 2011 912.835165 78.602815 0.025324
59 2011 981.411813 106.523393 0.040949
59 2011 756.848809 162.598851 0.054068
59 2011 864.563317 190.521068 0.055071
59 2011 2728.876974 219.200927 0.028587
59 2011 315.766665 247.135367 0.069968
59 2011 1426.567373 275.174663 0.196481
59 2011 170.427922 302.965679 0.039488
59 2011 266.373681 330.668195 0.008197
59 2012 4411.818358 49.649635 0.020782
59 2012 7281.923714 77.571406 0.031739
59 2012 1150.129536 106.491597 0.047084
59 2012 1663.176645 133.415678 0.040877
59 2012 2125.531148 218.168199 0.021805
59 2012 3083.139870 301.927053 0.023235
59 2013 167.552025 47.559635 0.008690
59 2013 4327.106851 75.528268 0.019436
59 2013 703.806090 103.447258 0.027074
59 2013 989.549522 131.369112 0.028146
59 2013 5330.646015 160.286338 0.030990
59 2013 5464.880561 188.206451 0.027846
59 2013 1829.604432 216.140598 0.042292
59 2013 738.199301 244.061907 0.054660
59 2013 381.215425 299.896919 0.042770
59 2013 286.132119 355.528967 0.011764
59 2014 713.389827 46.575526 0.029861
59 2014 4597.115471 102.417534 0.024636
59 2014 371.246573 215.041876 0.008751
59 2014 1417.497303 270.935399 0.045159
59 2014 804.090097 326.790752 0.043596
59 2014 466.461905 354.695046 0.036880
59 2015 188.818748 17.611331 0.049197
59 2015 280.348040 45.530138 0.034613
59 2015 464.501106 73.448165 0.041430
59 2015 4648.931903 101.375354 0.026481
59 2015 3157.511438 130.296072 0.030146
59 2015 201.796852 158.214241 0.021881
59 2015 5091.851647 186.138438 0.025415
59 2015 9082.919919 241.995197 0.024020
59 2015 1753.637609 269.940053 0.035579
59 2015 1894.282380 297.884043 0.030977
59 2015 15558.050421 354.000642 0.014704
59 2016 482.617272 44.872200 0.066009
59 2016 2034.636455 72.809681 0.032803
59 2016 7720.132691 128.646214 0.022082
59 2016 333.651018 156.568340 0.023180
59 2016 226.866065 184.490301 0.053698
59 2016 1080.225068 212.404938 0.049982
59 2016 939.427387 241.320052 0.049469
59 2016 2741.511589 297.163670 0.030785
59 2016 558.780840 325.083719 0.049242
59 2016 928.413823 353.005773 0.044079
