60 2004 943.438403 255.919223 0.037988
60 2004 456.493776 283.839301 0.046828
60 2004 731.862984 311.797969 0.021558
60 2004 2598.670421 339.683140 0.035937
60 2005 1162.507333 57.451193 0.042936
60 2005 1172.662874 85.487213 0.188335
60 2005 1456.625180 113.290634 0.035281
60 2005 5919.037670 142.207418 0.028405
60 2005 5841.377863 170.127210 0.028283
60 2005 3931.591285 198.044994 0.019625
60 2005 2220.080829 225.969404 0.039340
60 2005 18378.906722 253.890194 0.022154
60 2005 2021.748290 281.812150 0.043934
60 2005 2225.854217 309.733807 0.043349
60 2005 635.454127 337.770635 0.197742
60 2006 750.799914 28.613983 0.199289
60 2006 1131.899498 56.408625 0.047769
60 2006 3934.135595 84.325888 0.033519
60 2006 5153.003918 113.240046 0.022694
60 2006 354.979052 141.166442 0.056080
60 2006 1354.972582 169.086989 0.049591
60 2006 453.817224 197.005410 0.060963
60 2006 789.975438 224.930091 0.056196
60 2006 705.219127 252.847102 0.052377
60 2006 744.413156 280.775455 0.054355
60 2006 478.970769 308.694559 0.049895
60 2006 3275.638956 336.611966 0.034889
60 2007 916.239873 27.455415 0.038352
60 2007 410.644055 55.377308 0.045514
60 2007 5780.813863 83.294678 0.026878
60 2007 2285.138081 112.439693 0.044981
60 2007 428.700275 139.590250 0.063605
60 2007 922.760210 167.519695 0.039462
60 2007 2770.417967 195.440768 0.036245
60 2007 891.387435 223.354645 0.052564
60 2007 878.350330 251.276880 0.054541
60 2007 364.632543 308.115038 0.053287
60 2007 729.389241 336.035563 0.043202
60 2008 523.700775 26.870676 0.046358
60 2008 836.992874 54.793846 0.044183
60 2008 1346.745382 82.715786 0.036539
60 2008 703.274736 110.633540 0.039758
60 2008 586.923010 138.558236 0.033208
60 2008 2739.981656 166.755219 0.039780
60 2008 1693.073762 194.400395 0.044899
60 2008 2731.311004 222.310095 0.050995
60 2008 840.207061 250.241711 0.055095
60 2008 780.536891 279.152120 0.061145
60 2008 197.018150 307.081313 0.064198
60 2008 126.920163 334.941897 0.009056
60 2009 178.533003 25.041900 0.005866
60 2009 173.208373 52.721488 0.013022
60 2009 453.354382 80.633558 0.012614
60 2009 333.812663 108.547544 0.012422
60 2009 67.267344 136.471373 0.009775
60 2009 105.115285 192.300075 0.012107
60 2009 385.071329 220.230061 0.014008
60 2009 125.854890 248.674745 0.011802
60 2009 845.296535 304.988479 0.010268
60 2010 219.417268 23.757339 0.007191
60 2010 325.388424 51.678229 0.015150
60 2010 313.159664 79.591541 0.010128
60 2010 2112.230174 107.570156 0.025029
60 2010 2208.810002 135.490205 0.032197
60 2010 1736.448114 163.410955 0.032736
60 2010 327.563692 191.325096 0.060746
60 2010 4841.464520 219.251800 0.031284
60 2010 416.018577 248.173351 0.049481
60 2010 671.103752 304.009169 0.044011
60 2010 151.644563 331.919781 0.061501
60 2011 128.431613 22.720491 0.014998
60 2011 512.603734 50.641607 0.014630
60 2011 947.324355 78.606676 0.025135
60 2011 1039.550526 106.522974 0.040492
60 2011 730.137749 162.363142 0.050190
60 2011 499.577266 190.284012 0.063302
60 2011 2877.792008 219.207727 0.027866
60 2011 342.610586 247.127159 0.065976
60 2011 2832.611454 275.050362 0.040006
60 2011 180.509942 302.970273 0.038144
60 2011 279.026295 330.841437 0.008615
60 2012 125.669920 21.723065 0.007171
60 2012 4630.241110 49.656660 0.019904
60 2012 7723.338428 77.575705 0.031157
60 2012 1213.506901 106.491663 0.046777
60 2012 1750.197998 133.416536 0.042865
60 2012 1780.414228 161.332803 0.046809
60 2012 1980.510357 189.254009 0.041055
60 2012 1238.242851 246.087477 0.036869
60 2012 1049.479519 273.992871 0.032845
60 2012 3083.805469 301.929852 0.023097
60 2013 519.314046 19.686259 0.056030
60 2013 209.979342 47.568040 0.009095
60 2013 5174.913531 75.541512 0.020218
60 2013 717.134419 103.457840 0.028139
60 2013 1026.099543 131.379925 0.028214
60 2013 8397.695708 159.301128 0.027886
60 2013 8597.207639 187.221832 0.024552
60 2013 2156.289487 216.149638 0.039282
60 2013 806.918828 244.061808 0.052064
60 2013 411.157048 299.899595 0.041144
60 2013 255.786652 355.681335 0.010210
60 2014 719.929352 46.575270 0.029492
60 2014 4822.880185 102.418391 0.024533
60 2014 3175.906298 158.206427 0.011430
60 2014 394.949743 215.047954 0.010047
60 2014 1558.716584 270.939795 0.043149
60 2014 835.571192 326.796603 0.043251
60 2014 493.799130 354.701721 0.036281
60 2015 198.466375 17.614594 0.049482
60 2015 296.230341 45.539499 0.034622
60 2015 475.476517 73.458723 0.045541
60 2015 4844.860529 101.385911 0.027193
60 2015 636.239945 129.298049 0.039486
60 2015 234.455550 157.222623 0.027145
60 2015 5348.347468 186.141259 0.025186
60 2015 9270.791248 241.978724 0.023868
60 2015 1852.787228 269.899435 0.033825
60 2015 2047.699626 297.822099 0.028767
60 2015 3170.195269 325.743936 0.023847
60 2015 3165.910689 353.673124 0.016901
60 2016 1130.883745 16.585359 0.035940
60 2016 314.002080 44.500992 0.053689
60 2016 2260.317589 72.429622 0.033672
60 2016 1334.183487 100.348402 0.037604
60 2016 4881.838737 157.207930 0.037385
60 2016 825.694247 213.026244 0.051927
60 2016 983.501883 240.948888 0.046680
60 2016 568.803387 268.888521 0.038631
60 2016 3541.592572 296.788158 0.028631
60 2016 675.868666 324.703533 0.045661
60 2016 937.448528 352.624277 0.038020
