61 2004 1306.135580 340.175151 0.028858
61 2005 2568.198621 30.016852 0.032833
61 2005 1132.880348 57.938979 0.039357
61 2005 1433.779446 85.865588 0.045244
61 2005 1360.341627 113.779531 0.037121
61 2005 6263.521487 141.699730 0.028159
61 2005 5916.137726 169.619314 0.028974
61 2005 5440.048061 197.539447 0.026698
61 2005 2371.473693 225.460159 0.039279
61 2005 1399.818588 282.292324 0.047947
61 2005 2577.496606 310.213182 0.039825
61 2005 806.721960 338.134231 0.054067
61 2006 1609.686089 1.048980 0.043696
61 2006 1072.894236 28.972947 0.049094
61 2006 624.061353 56.885624 0.040754
61 2006 3039.759780 84.812436 0.028844
61 2006 6162.751203 112.731220 0.024271
61 2006 499.597228 140.653415 0.058550
61 2006 1345.828368 168.572982 0.052002
61 2006 507.607760 196.498510 0.059776
61 2006 770.712838 224.417566 0.053639
61 2006 465.175017 253.331601 0.046611
61 2006 741.977554 281.255240 0.048463
61 2006 632.488915 309.178371 0.043738
61 2006 2735.884764 337.096947 0.031289
61 2007 957.017968 27.938142 0.028385
61 2007 412.559148 55.865166 0.038664
61 2007 2447.546229 83.787594 0.036830
61 2007 849.244201 168.012374 0.045604
61 2007 2750.400550 195.713979 0.038079
61 2007 844.051521 223.853482 0.061912
61 2007 879.920223 251.772252 0.056358
61 2007 1232.319145 279.691566 0.050276
61 2007 421.655248 307.612228 0.055819
61 2007 702.371896 335.529330 0.045701
61 2008 466.334825 27.365452 0.049234
61 2008 805.815402 55.544260 0.042398
61 2008 1340.649056 83.465400 0.037383
61 2008 639.051815 111.130956 0.041362
61 2008 486.913347 139.050912 0.036485
61 2008 2639.873530 166.753014 0.038244
61 2008 858.004312 194.893110 0.067384
61 2008 2084.066955 222.819730 0.046996
61 2008 656.308934 250.744851 0.062107
61 2008 799.587229 278.662641 0.064894
61 2008 192.536352 306.571781 0.074570
61 2008 129.174434 334.352729 0.013822
61 2009 109.666641 25.224720 0.024892
61 2009 161.211121 53.084422 0.017194
61 2009 388.280441 81.017976 0.017406
61 2009 114.144653 192.703961 0.011967
61 2009 443.890943 220.616435 0.014049
61 2009 71.366282 276.332433 0.006678
61 2009 904.353785 304.262775 0.012058
61 2009 215.634689 332.180862 0.008788
61 2010 242.628087 24.141225 0.014343
61 2010 278.879104 52.168162 0.017227
61 2010 347.261358 79.989490 0.013184
61 2010 2086.282054 108.068271 0.026616
61 2010 1446.179893 163.906446 0.035388
61 2010 297.388219 191.822448 0.057552
61 2010 4374.837824 219.745147 0.032038
61 2010 579.666105 247.666349 0.049401
61 2010 118.479354 275.307265 0.013641
61 2010 250.453939 331.670041 0.062192
61 2011 132.512458 23.207528 0.020623
61 2011 945.145782 51.124259 0.012387
61 2011 742.495641 79.104978 0.036182
61 2011 929.055249 107.023636 0.045646
61 2011 1091.148686 134.948317 0.031693
61 2011 744.802535 162.640949 0.054208
61 2011 649.191162 190.789939 0.060076
61 2011 261.577524 246.409488 0.080519
61 2011 2669.530482 274.556370 0.034027
61 2011 370.409470 302.251694 0.047284
61 2011 437.504318 330.444305 0.006763
61 2011 108.887379 359.149169 0.009327
61 2012 3701.187708 50.149423 0.026713
61 2012 7259.132284 78.068950 0.036012
61 2012 911.543929 106.979715 0.055771
61 2012 2257.198168 133.912192 0.044748
61 2012 1918.204065 161.831492 0.047160
61 2012 2076.693432 189.753497 0.036908
61 2012 1586.162515 217.447207 0.030848
61 2012 202.326986 245.594122 0.042988
61 2012 2915.552967 301.212102 0.025719
61 2013 441.848449 20.175516 0.070320
61 2013 489.405084 48.111031 0.058940
61 2013 635.889620 103.952209 0.032716
61 2013 1053.740923 131.873868 0.029121
61 2013 6610.124771 159.795107 0.027368
61 2013 580.386666 215.635508 0.024392
61 2013 1023.953253 243.545919 0.044816
61 2013 147.834621 328.296146 0.080618
61 2013 230.451897 356.078151 0.013305
61 2014 550.458062 47.075867 0.054630
61 2014 253.616307 74.814649 0.021750
61 2014 2989.158885 102.917216 0.034510
61 2014 798.343953 130.836878 0.048700
61 2014 2647.280732 158.762734 0.027244
61 2014 512.121928 186.489696 0.013139
61 2014 987.847718 214.549774 0.011995
61 2014 3589.881019 242.294981 0.039526
61 2014 2096.887314 270.431376 0.037906
61 2014 977.860732 299.344262 0.044864
61 2014 963.133472 327.269476 0.053153
61 2014 1378.739437 355.190764 0.033798
61 2015 187.374324 18.375431 0.051313
61 2015 282.703838 46.042798 0.042187
61 2015 3695.582462 101.885847 0.030496
61 2015 618.302710 129.810582 0.041288
61 2015 273.579003 157.730750 0.022492
61 2015 6578.354304 185.648729 0.021343
61 2015 765.315337 213.555137 0.054106
61 2015 11034.690801 241.486044 0.023253
61 2015 1922.699939 269.404213 0.036178
61 2015 1889.791339 298.321359 0.031217
61 2015 3135.608096 326.242069 0.024661
61 2015 10887.543638 354.165639 0.017322
61 2016 1150.719073 17.082815 0.036725
61 2016 496.947666 44.994369 0.070839
61 2016 2064.381769 72.925000 0.035867
61 2016 967.383867 100.845943 0.042785
61 2016 16643.864255 128.770328 0.019764
61 2016 308.933335 156.706070 0.029877
61 2016 241.011814 184.599699 0.055381
61 2016 1070.437209 212.522761 0.050732
61 2016 1089.034531 240.695876 0.046935
61 2016 1674.623428 269.368146 0.041997
61 2016 2702.612916 297.283699 0.031611
61 2016 575.800083 325.200774 0.050144
61 2016 877.238843 353.121181 0.046606
