69 2014 345.227404 354.889303 0.045986
69 2015 167.303471 17.809795 0.049028
69 2015 230.669516 45.733521 0.031245
69 2015 352.982785 73.816560 0.193575
69 2015 2858.498279 101.574792 0.025921
69 2015 293.814509 129.503112 0.027129
69 2015 135.139231 157.416598 0.020302
69 2015 2392.277319 186.333215 0.027094
69 2015 450.585764 214.252289 0.053236
69 2015 5096.326834 242.174123 0.025140
69 2015 965.656065 270.093452 0.036661
69 2015 1034.569042 298.013602 0.031301
69 2015 1788.516648 325.931047 0.024589
69 2015 17150.000707 353.856717 0.013970
69 2016 595.740370 16.772856 0.035389
69 2016 1319.720234 72.615711 0.031244
69 2016 6074.684707 100.566378 0.048468
69 2016 2806.706450 128.455981 0.018488
69 2016 4126.304906 157.375750 0.027216
69 2016 426.704768 213.218442 0.053109
69 2016 220.241444 268.919120 0.010876
69 2016 343.392688 324.894929 0.048031
69 2016 486.590486 352.815878 0.044055
