65 2013 555.015536 48.211343 0.054606
65 2013 13252.842169 76.128404 0.021404
65 2013 552.668740 104.049674 0.030845
65 2013 949.938522 131.970250 0.028327
65 2013 6098.697144 159.889889 0.027607
65 2013 6882.691363 187.810289 0.026972
65 2013 570.830144 215.759010 0.028563
65 2013 885.398403 243.655645 0.041185
65 2013 207.354826 271.355824 0.012227
65 2013 364.026010 299.493592 0.042846
65 2013 155.900660 327.412752 0.067093
65 2013 233.562309 356.113573 0.009213
65 2014 174.986743 19.030770 0.012094
65 2014 515.922263 47.173599 0.054542
65 2014 139.888273 74.867777 0.010688
65 2014 3143.777834 103.012442 0.032479
65 2014 844.503052 130.945305 0.046286
65 2014 2510.761642 158.850532 0.028200
65 2014 284.744626 186.559644 0.008921
65 2014 2933.117643 242.616610 0.036135
65 2014 1740.091159 270.535569 0.037419
65 2014 1304.830883 298.456344 0.042582
65 2014 930.097459 327.377102 0.050344
65 2014 2044.387208 355.297923 0.024997
65 2015 156.723918 18.224722 0.054367
65 2015 252.975210 46.141605 0.043824
65 2015 653.513370 74.066386 0.047910
65 2015 3585.432363 101.982362 0.030768
65 2015 538.781034 129.898416 0.041827
65 2015 247.043312 157.819423 0.022435
65 2015 6240.558485 185.739883 0.021915
65 2015 842.445092 213.662212 0.046730
65 2015 10487.367844 241.581427 0.023158
65 2015 1785.863301 269.502205 0.035713
65 2015 2026.963314 297.422353 0.028677
65 2015 2891.830833 326.339865 0.024332
65 2015 17738.608091 354.256126 0.017400
65 2016 1063.585274 17.180026 0.035829
65 2016 444.428307 45.108273 0.067533
65 2016 1894.813649 73.020211 0.035318
65 2016 825.096618 100.938716 0.044357
65 2016 13807.381975 128.858804 0.022030
65 2016 803.721044 156.798358 0.029822
65 2016 199.413665 184.699739 0.054877
65 2016 998.322818 212.617044 0.049210
65 2016 939.736441 240.539524 0.046496
65 2016 1208.658802 268.417968 0.018851
65 2016 3616.064977 296.380753 0.028965
65 2016 570.170183 325.301270 0.047642
65 2016 780.474834 353.218814 0.046842
