56 2003 14287.407689 89.225984 0.020743
56 2003 7196.934005 117.143080 0.023659
56 2003 6186.574718 145.062728 0.027802
56 2003 5552.500831 172.979624 0.027729
56 2003 7643.588659 200.899373 0.025686
56 2003 3202.053698 228.813454 0.032197
56 2003 2775.208598 256.742086 0.036313
56 2003 1040.598515 284.662277 0.036543
56 2003 25537.389184 312.578548 0.014141
56 2003 6957.416199 340.503933 0.028786
56 2004 2485.657883 3.426003 0.036054
56 2004 5170.070912 31.349721 0.029856
56 2004 3384.852469 60.334254 0.065528
56 2004 3627.594245 88.191537 0.034236
56 2004 1078.213770 116.110737 0.046633
56 2004 315.050888 144.020035 0.063574
56 2004 1365.606728 199.869799 0.039099
56 2004 2049.697651 227.789222 0.031957
56 2004 973.327593 255.709517 0.037322
56 2004 2757.381051 339.469196 0.034038
56 2005 3713.437697 1.385114 0.036434
56 2005 1087.369468 58.226537 0.034888
56 2005 1332.280439 114.067400 0.037107
56 2005 6023.680122 141.991019 0.028211
56 2005 6082.086490 169.913351 0.028653
56 2005 5848.493872 197.835419 0.025645
56 2005 2600.740444 309.516167 0.038848
56 2005 982.573149 337.434144 0.053027
56 2006 971.655308 29.272105 0.053900
56 2006 572.667553 57.190219 0.043236
56 2006 2059.346268 85.110687 0.025548
56 2006 6100.057644 113.031038 0.023406
56 2006 389.835047 140.941211 0.057032
56 2006 1329.472566 168.872989 0.051383
56 2006 468.086922 196.789095 0.062713
56 2006 775.837666 224.715413 0.056520
56 2006 820.065434 252.634633 0.052911
56 2006 658.317331 280.567260 0.052209
56 2006 474.891714 308.476456 0.047633
56 2006 3694.979572 336.401525 0.031982
56 2007 1224.939900 28.238731 0.024002
56 2007 398.493467 56.152757 0.032414
56 2007 2912.756559 84.072647 0.034344
56 2007 241.127028 111.976693 0.050818
56 2007 444.220268 139.453811 0.068050
56 2007 1922.028628 196.288571 0.044824
56 2007 826.989404 224.214038 0.061661
56 2007 770.363470 252.135933 0.058208
56 2007 396.437454 307.981648 0.052055
56 2007 712.639033 335.898912 0.043747
56 2008 545.066613 26.744739 0.048043
56 2008 777.059476 54.670016 0.053222
56 2008 1279.563364 82.579203 0.037134
56 2008 744.734010 110.496639 0.043351
56 2008 559.172175 138.416794 0.034923
56 2008 813.212532 195.256906 0.059878
56 2008 889.733602 223.279629 0.205440
56 2008 507.315990 251.191447 0.177536
56 2008 868.025746 279.023311 0.062818
56 2008 191.217288 306.950501 0.065274
56 2008 133.110307 334.650839 0.009079
56 2009 123.973726 25.223752 0.004569
56 2009 203.821503 52.399147 0.015956
56 2009 408.223654 80.329780 0.017176
56 2009 112.106062 193.013749 0.009296
56 2009 444.577927 220.925081 0.011004
56 2009 119.756805 248.848447 0.012568
56 2009 886.210513 304.682166 0.010862
56 2009 193.196307 332.609912 0.008500
56 2010 275.930492 23.444651 0.010383
56 2010 321.331155 51.362300 0.018168
56 2010 345.760341 79.291489 0.011221
56 2010 4309.680763 220.102923 0.030241
56 2010 404.853856 248.027329 0.047752
56 2010 106.520049 275.730895 0.013010
56 2010 642.570052 303.871810 0.044202
56 2010 217.503020 331.803070 0.059012
56 2011 503.299076 50.344093 0.012822
56 2011 1402.735533 134.318324 0.033739
56 2011 653.283976 163.241282 0.058598
56 2011 610.786085 191.173802 0.060672
56 2011 341.447855 247.024456 0.066460
56 2011 1576.966586 275.040734 0.196562
56 2011 206.164115 302.849156 0.036798
56 2011 273.591205 330.717534 0.006544
56 2011 125.180195 358.631292 0.005783
56 2012 109.076973 21.602457 0.031067
56 2012 4212.737956 49.522467 0.021851
56 2012 1781.469604 133.280799 0.043240
56 2012 1470.562414 162.199128 0.044471
56 2012 2439.560741 189.590324 0.035825
56 2012 4730.576425 218.035518 0.012955
56 2012 2693.594427 301.279423 0.023100
56 2013 473.073143 19.580780 0.060046
56 2013 404.672196 47.443412 0.011169
56 2013 6670.791258 75.415254 0.015811
56 2013 603.514980 103.325827 0.030983
56 2013 302.072780 355.557402 0.008980
56 2014 595.917052 46.456679 0.034029
56 2014 3895.833667 102.294968 0.025783
56 2014 748.016650 326.652157 0.046624
56 2014 575.454663 354.571771 0.039929
56 2015 219.437137 17.493361 0.053139
56 2015 287.581489 45.415483 0.039340
56 2015 6399.210578 186.015151 0.022991
56 2015 10248.320102 241.853020 0.022788
56 2015 1896.488274 269.774001 0.033596
56 2015 2048.320119 297.693326 0.028224
56 2015 6161.504658 353.534792 0.013016
56 2016 1229.566789 16.453596 0.037217
56 2016 2228.072753 72.297069 0.034234
56 2016 729.109771 101.217190 0.044021
56 2016 16561.037173 129.136508 0.025402
56 2016 892.186970 240.824775 0.047851
56 2016 988.568248 268.731226 0.036943
56 2016 645.069833 324.579600 0.047698
56 2016 875.889899 352.495944 0.040775
