58 2007 1017.010753 28.079098 0.026672
58 2007 457.155559 55.993546 0.037266
58 2007 2419.070485 83.917754 0.036150
58 2007 207.235962 111.825760 0.056794
58 2007 828.431755 168.200417 0.039016
58 2007 1891.341662 196.120064 0.042777
58 2007 795.341909 224.040672 0.059621
58 2007 1189.915632 279.883832 0.047967
58 2007 383.817557 307.805435 0.053351
58 2008 522.471933 26.568108 0.045522
58 2008 782.912882 54.489871 0.044868
58 2008 619.102097 111.324518 0.035906
58 2008 501.134481 139.244485 0.032034
58 2008 1725.934936 167.161416 0.042473
58 2008 741.419648 195.080606 0.059629
58 2008 1649.280632 223.001797 0.047583
58 2008 649.693590 250.921616 0.063565
58 2008 791.319515 278.844445 0.059393
58 2008 190.175684 306.769438 0.064247
58 2008 134.023546 334.470363 0.008282
58 2009 65.608780 136.985678 0.008803
58 2009 99.775108 192.833534 0.007874
58 2009 272.358678 220.390136 0.017696
58 2009 113.212127 248.668244 0.010207
58 2009 870.249104 304.500782 0.009486
58 2009 189.561485 332.427271 0.007169
58 2010 258.859566 23.268824 0.010669
58 2010 296.445918 51.185367 0.014762
58 2010 292.085341 80.111890 0.008869
58 2010 1916.422616 108.250455 0.024882
58 2010 1402.378341 164.092014 0.033036
58 2010 4375.957377 219.934110 0.030762
58 2010 590.828984 247.854178 0.046918
58 2010 105.096191 275.547365 0.011290
58 2010 589.082147 303.690941 0.043246
58 2010 697.875052 331.567492 0.009568
58 2011 160.410232 22.221040 0.016188
58 2011 735.302316 79.287864 0.032550
58 2011 895.974870 107.209726 0.041063
58 2011 1026.361303 135.132713 0.029292
58 2011 598.789680 163.058245 0.056238
58 2011 2791.953781 218.896390 0.027047
58 2011 303.235118 246.832539 0.062963
58 2011 3004.701251 274.739002 0.036600
58 2011 258.031374 330.360906 0.010316
58 2011 119.083552 358.283818 0.006592
58 2012 386.219950 21.197331 0.011239
58 2012 2613.090395 50.330486 0.025416
58 2012 6192.389248 78.251940 0.031890
58 2012 763.967889 107.164977 0.050179
58 2012 2003.758920 134.088927 0.044527
58 2012 1489.195543 162.010673 0.046254
58 2012 2028.503585 189.929623 0.035910
58 2012 1932.541516 217.855942 0.024132
58 2012 133.202328 273.706590 0.037467
58 2013 380.869377 20.377111 0.055714
58 2013 498.567339 48.296046 0.051026
58 2013 11434.402076 76.216478 0.020377
58 2013 576.528464 104.136920 0.028818
58 2013 5782.660857 159.974566 0.027428
58 2013 6364.792503 187.892581 0.026666
58 2013 555.216825 215.806312 0.042287
58 2013 793.396261 243.737075 0.044702
58 2013 365.960707 299.579451 0.040726
58 2013 254.876875 355.205230 0.009574
58 2014 487.072480 47.259348 0.049771
58 2014 3005.679102 103.101589 0.032230
58 2014 2019.717786 158.940355 0.029008
58 2014 749.009852 214.732395 0.009662
58 2014 1613.107733 270.616958 0.037192
58 2014 699.255445 326.463101 0.044086
58 2014 2053.341958 355.379671 0.021053
58 2015 162.451926 18.299554 0.049495
58 2015 269.976842 46.219090 0.038498
58 2015 593.399798 74.136642 0.045209
58 2015 3054.362352 102.062541 0.030867
58 2015 466.994150 129.979465 0.036889
58 2015 238.193047 157.905238 0.022181
58 2015 6298.498156 185.826519 0.021391
58 2015 896.841968 213.753006 0.046760
58 2015 10072.376000 241.664999 0.021941
58 2015 1851.860263 269.585292 0.032166
58 2015 1993.010728 297.505611 0.026437
58 2015 3114.161443 325.423941 0.023222
58 2015 9730.971642 354.340248 0.014632
58 2016 1102.112134 17.258148 0.033317
58 2016 1766.988562 73.100387 0.034434
58 2016 751.800431 101.021987 0.041602
58 2016 18040.729635 128.947708 0.021771
58 2016 1582.361412 156.842865 0.019829
58 2016 202.852447 184.795802 0.055111
58 2016 918.672777 212.709118 0.047446
58 2016 894.070435 240.629267 0.044128
58 2016 867.704187 268.555461 0.036662
58 2016 3324.203661 296.470594 0.027218
58 2016 648.684676 325.389728 0.042786
58 2016 799.135421 353.304641 0.039893
