62 2010 516.243082 247.892103 0.046803
62 2010 93.878434 275.589865 0.010690
62 2010 497.645660 303.737641 0.044696
62 2010 215.585737 331.661107 0.055841
62 2011 143.742555 22.277079 0.015899
62 2011 417.607440 50.199997 0.012389
62 2011 854.193354 107.265164 0.042301
62 2011 553.049189 163.104641 0.057367
62 2011 600.324061 191.026676 0.058386
62 2011 2496.868157 218.939587 0.027632
62 2011 300.929988 246.869378 0.066340
62 2011 169.002988 302.699042 0.033600
62 2011 312.167655 330.401970 0.011613
62 2012 326.435953 21.241690 0.016714
62 2012 2614.324276 50.376247 0.025588
62 2012 665.690435 107.217318 0.051017
62 2012 1796.372238 134.139448 0.045752
62 2012 1279.474105 162.062590 0.046695
62 2012 1721.263059 217.904126 0.024648
62 2013 280.846116 19.429249 0.051017
62 2013 463.825232 48.337521 0.052531
62 2013 10664.123861 76.258671 0.020660
62 2013 506.059640 104.177503 0.029567
62 2013 882.899336 132.096277 0.028040
62 2013 5216.240986 160.018710 0.027901
62 2013 5890.183165 187.940757 0.027215
62 2013 701.222636 243.788899 0.047184
62 2013 152.842473 271.486002 0.011445
62 2013 332.422831 299.628752 0.041154
62 2013 144.265010 327.555020 0.064650
62 2013 258.381764 355.253227 0.010378
62 2014 151.042116 19.168016 0.012568
62 2014 463.343408 47.305013 0.051568
62 2014 133.313076 75.004647 0.009858
62 2014 2776.528570 103.146152 0.033159
62 2014 696.070864 131.067438 0.049287
62 2014 2015.880850 158.986369 0.028701
62 2014 264.656998 186.685935 0.008051
62 2014 612.526696 214.775440 0.008753
62 2014 2405.054640 242.743029 0.037707
62 2014 1416.636012 270.661571 0.038454
62 2014 828.390849 298.575005 0.036632
62 2014 630.328249 326.509343 0.044086
62 2014 501.900604 354.426996 0.037233
62 2015 146.060068 18.347256 0.051917
62 2015 227.305086 46.266552 0.041265
62 2015 544.631774 74.186815 0.047537
62 2015 405.997539 130.029586 0.038596
62 2015 224.708457 157.951296 0.021198
62 2015 5764.579035 185.871240 0.022360
62 2015 845.145343 213.796535 0.048667
62 2015 9298.531998 241.711168 0.022119
62 2015 1662.211941 269.631882 0.033326
62 2015 1774.745323 297.551561 0.027351
62 2015 2822.453177 325.470905 0.023476
62 2015 9762.372133 354.387114 0.014987
62 2016 992.389513 17.306316 0.033646
62 2016 378.394826 45.219634 0.063937
62 2016 1571.604764 73.143588 0.035296
62 2016 655.294470 101.066267 0.042756
62 2016 24263.544436 128.990669 0.019173
62 2016 880.338221 156.928560 0.043428
62 2016 206.514210 184.848275 0.058231
62 2016 815.534900 212.755268 0.048982
62 2016 797.178505 240.675735 0.045516
62 2016 862.044188 268.598886 0.040876
62 2016 2990.488281 296.517392 0.027595
62 2016 680.820642 324.436866 0.045843
62 2016 661.738822 353.353168 0.042144
