41 2001 3995.941726 6.562269 0.013882
41 2001 4389.420137 34.495688 0.025443
41 2001 2596.307335 62.429034 0.037083
41 2001 11306.855410 91.357854 0.021745
41 2001 4631.561208 119.286875 0.030388
41 2001 3643.362307 147.206397 0.019115
41 2001 1528.749899 175.125757 0.036430
41 2001 2210.869666 203.044010 0.018885
41 2001 4125.898837 230.965808 0.021109
41 2001 2883.252072 258.886577 0.034144
41 2001 4520.170796 286.802118 0.028144
41 2001 6566.271242 314.726736 0.024699
41 2001 4439.524977 342.647464 0.019629
41 2002 2543.508197 5.569667 0.028254
41 2002 7006.290995 33.489973 0.021632
41 2002 3589.950934 61.409462 0.022342
41 2002 3960.661539 90.330851 0.037318
41 2002 7066.465929 118.251551 0.025561
41 2002 4132.510179 146.171393 0.027224
41 2002 2963.274501 174.089828 0.025682
41 2002 5575.480406 202.007805 0.033528
41 2002 5184.910138 229.915406 0.029829
41 2002 7195.606217 257.845201 0.027065
41 2002 8956.050508 285.765968 0.024204
41 2002 8305.148642 313.685103 0.024591
41 2002 4970.504795 341.605331 0.028335
41 2003 5333.844763 4.525345 0.029899
41 2003 16151.486215 32.450565 0.021954
41 2003 7173.000152 61.361105 0.029400
41 2003 14949.983356 89.282992 0.022603
41 2003 9984.308328 117.220947 0.029887
41 2003 9858.170555 145.131948 0.030689
41 2003 7777.522857 173.051046 0.027460
41 2003 9115.483526 200.967372 0.023643
41 2003 3179.468736 228.888071 0.020526
41 2003 5688.630570 256.810628 0.027782
41 2003 4301.975901 284.731768 0.020565
41 2003 6971.882260 312.640238 0.039652
41 2003 9503.277183 340.577668 0.028684
41 2004 5839.070121 3.501475 0.032984
41 2004 6645.510634 31.419934 0.031900
41 2004 6033.014436 60.334012 0.032573
41 2004 7035.734719 88.253632 0.032093
41 2004 3553.738205 116.173449 0.029234
41 2004 3158.079450 144.094471 0.020449
41 2004 3947.831802 172.011086 0.017482
41 2004 3710.934297 199.929974 0.028151
41 2004 5565.907971 227.850300 0.023920
41 2004 3846.481448 255.769571 0.021488
41 2004 4403.967394 283.689896 0.017983
41 2004 5084.086813 311.606868 0.020126
41 2004 8211.816973 339.530441 0.024400
41 2005 6999.107575 1.450334 0.031724
41 2005 3868.918705 30.370490 0.035146
41 2005 2715.151203 58.288593 0.030528
41 2005 4051.608583 86.212325 0.035637
41 2005 4019.053402 114.133244 0.023677
41 2005 8411.012133 142.054133 0.025980
41 2005 7109.282384 169.975560 0.028431
41 2005 6853.669789 197.895971 0.023514
41 2005 17674.588412 253.738730 0.022525
41 2005 5700.774573 281.660543 0.029554
41 2005 5369.813917 309.578995 0.032161
41 2005 4121.400662 337.500210 0.034239
41 2006 4228.225623 0.420925 0.036423
41 2006 3594.970855 29.335308 0.034683
41 2006 3295.163305 57.254478 0.022886
41 2006 4299.843070 85.176554 0.022992
41 2006 5960.470359 113.093593 0.023749
41 2006 2863.692078 141.013862 0.020174
41 2006 3935.928559 168.934165 0.034319
41 2006 3648.698401 196.854458 0.025539
41 2006 2965.033496 224.774807 0.032159
41 2006 3158.597918 252.694861 0.028191
41 2006 2569.223083 280.618482 0.033581
41 2006 3283.757946 308.538098 0.020248
41 2006 6397.034594 336.458958 0.029605
41 2007 5353.812504 28.295999 0.018035
41 2007 4668.672516 56.218653 0.016208
41 2007 6837.420270 84.141312 0.026604
41 2007 3268.898892 112.062137 0.015745
41 2007 5370.386322 167.377313 0.020057
41 2007 5118.122904 196.546337 0.030428
41 2007 3610.670408 224.211592 0.034977
41 2007 3707.710239 252.131605 0.031785
41 2007 4043.494502 280.052417 0.028213
41 2007 4496.576405 307.972397 0.017829
41 2007 4130.752938 335.892537 0.018733
41 2008 4173.655923 26.732635 0.019863
41 2008 4670.738172 54.652836 0.020877
41 2008 4530.528309 82.573942 0.023188
41 2008 6814.271500 110.494607 0.016131
41 2008 6409.342772 138.415505 0.015963
41 2008 6659.352084 166.587783 0.029881
41 2008 4200.180002 195.507047 0.035896
41 2008 3327.968215 251.348956 0.026943
41 2008 3873.613251 306.941565 0.016527
41 2009 3429.034482 24.702710 0.016044
41 2009 2492.497372 80.540818 0.018963
41 2009 2782.900004 108.460324 0.016637
41 2009 2881.664782 136.379684 0.016374
41 2009 2813.606234 165.296293 0.016066
41 2009 2819.074304 193.216135 0.016274
41 2009 2135.135851 221.387861 0.021961
41 2009 3067.526486 276.976742 0.015862
41 2009 2053.979489 304.897112 0.030942
41 2009 2892.085196 332.817825 0.015549
41 2010 2071.515323 23.659328 0.015541
41 2010 1985.812150 79.501681 0.015959
41 2010 5770.034019 107.423061 0.017856
41 2010 4830.342596 164.263206 0.018601
41 2010 5103.181507 192.185251 0.016180
41 2010 5932.503215 220.103939 0.028123
41 2010 3875.456682 248.028507 0.016622
41 2010 3417.088763 331.785225 0.018717
41 2011 2840.302240 78.464698 0.018507
41 2011 3487.563639 106.384011 0.027804
41 2011 4382.803117 135.302426 0.018481
41 2011 3314.517522 163.221649 0.030269
41 2011 3550.127982 246.986256 0.025058
41 2011 5585.811207 274.906655 0.033699
41 2011 4408.843620 302.829100 0.013816
41 2011 4317.240863 358.671512 0.013598
41 2012 2690.024680 21.591926 0.015175
41 2012 7032.718336 49.513840 0.020555
41 2012 10746.432346 77.207621 0.029042
41 2012 3542.520942 107.598266 0.023430
41 2012 4460.185450 134.266812 0.035280
41 2012 4961.505829 162.186185 0.027130
41 2012 3821.754800 190.114568 0.030491
41 2012 5885.744202 218.026745 0.017092
41 2012 2941.700269 273.868224 0.014559
41 2012 5312.846843 301.787257 0.019534
41 2012 3954.874676 357.627863 0.013720
41 2013 2420.775514 19.546054 0.032189
41 2013 2463.372682 47.467831 0.020131
41 2013 13827.735563 75.654894 0.032587
41 2013 4494.532185 216.006410 0.030634
41 2013 3589.006933 243.919984 0.029015
41 2013 5030.343720 271.837711 0.013809
41 2013 3276.216974 299.755847 0.015728
41 2013 2382.458458 327.655318 0.029979
41 2013 3148.617954 355.593899 0.012669
41 2014 3272.762354 75.350035 0.013494
41 2014 5234.394524 103.268424 0.030359
41 2014 2245.928518 131.186440 0.036918
41 2014 4288.015261 159.109525 0.026634
41 2014 1967.858351 187.031205 0.015834
41 2014 1736.014857 214.952808 0.018871
41 2014 4844.472255 242.874518 0.036484
41 2014 3536.118441 270.797223 0.034499
41 2014 2935.937539 298.719990 0.029293
41 2014 2794.947612 326.635059 0.032096
41 2014 3415.155552 354.556874 0.019231
41 2015 4577.330098 17.480078 0.016502
41 2015 4353.692341 45.402012 0.015428
41 2015 4241.667470 74.322137 0.018122
41 2015 6576.435005 102.239573 0.026426
41 2015 3184.366028 130.158450 0.016950
41 2015 4865.547018 158.078057 0.014473
41 2015 10744.774526 185.998309 0.022081
41 2015 4724.342733 213.917158 0.027023
41 2015 12311.781475 241.837749 0.025697
41 2015 5341.750075 269.757806 0.025347
41 2015 5583.511726 297.677698 0.023067
41 2015 6629.963835 325.598214 0.018463
41 2015 6499.869878 353.524621 0.014252
41 2016 6109.091732 16.439579 0.019436
41 2016 2892.595033 45.354021 0.029913
41 2016 4139.825197 73.278141 0.026608
41 2016 4288.241983 101.202861 0.022337
41 2016 5429.550223 184.981084 0.017411
41 2016 4179.844338 212.906687 0.029168
41 2016 3640.884784 240.834068 0.029856
41 2016 4390.043484 268.753680 0.026312
41 2016 5796.065025 296.676413 0.023544
41 2016 3853.410763 324.594700 0.020039
41 2016 4430.376402 352.513190 0.021471
