57 2008 530.596227 26.411199 0.052066
57 2008 749.969694 54.328133 0.050326
57 2008 744.376500 110.175069 0.045575
57 2008 571.301075 139.365127 0.029857
57 2008 1992.234907 167.282577 0.039696
57 2008 869.238344 194.936682 0.052182
57 2008 1960.949397 222.850176 0.042435
57 2008 691.474198 250.775302 0.055680
57 2008 865.400169 278.684750 0.056442
57 2008 198.180970 306.601264 0.065597
57 2008 134.782079 334.471116 0.010462
57 2009 229.608222 52.347957 0.011877
57 2009 395.693287 80.273564 0.013167
57 2009 315.363319 109.197604 0.010843
57 2009 62.548102 137.111748 0.006977
57 2009 115.052074 192.960889 0.006762
57 2009 469.892039 220.769079 0.010892
57 2009 817.577328 304.526778 0.010812
57 2009 195.770363 332.437684 0.008586
57 2010 261.701773 23.386729 0.008694
57 2010 310.262722 51.207257 0.015902
57 2010 340.258858 79.237695 0.009638
57 2010 1799.522310 108.371820 0.024673
57 2010 1404.873388 164.215505 0.032123
57 2010 309.628519 191.861556 0.050768
57 2010 4837.298477 219.785534 0.028406
57 2010 613.790167 247.703674 0.044284
57 2010 99.322649 275.675061 0.010427
57 2010 581.151870 303.819842 0.044897
57 2011 159.451324 22.354233 0.015356
57 2011 498.792196 50.277660 0.011658
57 2011 717.408777 79.139876 0.036052
57 2011 1089.858108 135.250757 0.027792
57 2011 661.950012 163.173167 0.053798
57 2011 2817.996628 218.745646 0.026522
57 2011 318.482222 246.943030 0.066224
57 2011 184.293106 302.784373 0.036184
57 2011 373.665224 330.652647 0.006629
57 2011 128.535520 358.408354 0.005855
57 2012 1080.930523 21.325573 0.012033
57 2012 3889.400796 49.463099 0.021897
57 2012 726.254103 107.287254 0.046682
57 2012 1969.789205 134.214744 0.042762
57 2012 2095.594903 161.864566 0.040640
57 2012 2279.472152 189.783744 0.033273
57 2012 1698.783814 217.702082 0.025882
57 2012 191.663126 273.768181 0.008102
57 2012 2927.217887 301.740183 0.023333
57 2013 434.575148 19.521093 0.047101
57 2013 506.488695 48.421398 0.049890
57 2013 11018.737392 76.343123 0.019702
57 2013 566.098371 104.264422 0.029449
57 2013 5540.313379 160.104196 0.027460
57 2013 7154.925255 187.753268 0.025136
57 2013 486.053133 215.666936 0.023252
57 2013 949.856819 243.585743 0.042395
57 2013 409.038215 299.424642 0.043163
57 2013 168.227455 327.621027 0.065236
57 2013 271.110587 355.209984 0.010024
57 2014 172.230375 18.249610 0.014367
57 2014 543.287214 47.382220 0.048348
57 2014 133.523552 75.085959 0.009949
57 2014 2930.845050 103.222559 0.031306
57 2014 2091.209628 159.068260 0.028669
57 2014 296.566770 186.661745 0.008952
57 2014 354.202326 214.627924 0.067725
57 2014 3016.083053 242.557543 0.036725
57 2014 1456.098663 270.751044 0.042934
57 2014 893.248078 298.676283 0.042125
57 2014 882.718197 326.587477 0.044768
57 2014 615.716000 354.511804 0.035739
57 2015 169.543864 18.421838 0.047684
57 2015 281.193764 46.340896 0.035741
57 2015 590.183742 74.246859 0.035248
57 2015 2540.837173 102.183201 0.031985
57 2015 399.673999 130.101916 0.031060
57 2015 240.957619 158.026798 0.021415
57 2015 6372.339324 185.949613 0.022558
57 2015 844.566581 213.595296 0.048861
57 2015 10326.313618 241.520348 0.022964
57 2015 1875.335336 269.714258 0.034994
57 2015 1981.372976 297.635668 0.028664
57 2015 3040.367670 325.554347 0.023524
57 2016 1122.895846 17.391108 0.032503
57 2016 549.817481 45.318324 0.051178
57 2016 1650.377516 73.228666 0.033767
57 2016 1025.329124 100.875781 0.035378
57 2016 24619.071860 129.071725 0.019605
57 2016 7233.983700 157.027302 0.010114
57 2016 240.565397 184.621623 0.052024
57 2016 1088.665119 212.552566 0.047203
57 2016 1008.932522 240.474041 0.047015
57 2016 955.256896 268.385631 0.052011
57 2016 3613.520342 296.593244 0.027493
57 2016 765.425505 324.512137 0.043315
57 2016 961.339857 352.437952 0.037048
