64 2014 152.159620 74.485253 0.013384
64 2014 3910.998466 102.585864 0.027377
64 2014 3137.049860 158.422716 0.023252
64 2014 260.398358 186.288210 0.009780
64 2014 370.964390 215.074810 0.010424
64 2014 2439.532172 243.186554 0.043450
64 2014 1555.802479 271.105962 0.045187
64 2014 1233.509703 299.023538 0.046207
64 2014 994.947042 326.945794 0.049782
64 2014 418.680181 354.854605 0.031350
64 2015 171.923759 17.778529 0.048299
64 2015 235.092332 45.706958 0.030104
64 2015 507.130691 73.626544 0.038416
64 2015 4558.794637 101.551004 0.026744
64 2015 467.143342 129.478898 0.036017
64 2015 210.678930 157.394194 0.023601
64 2015 6612.028294 185.315485 0.022259
64 2015 820.064054 214.225888 0.054435
64 2015 8185.697284 242.155091 0.025797
64 2015 1552.786086 270.073299 0.036749
64 2015 1676.903843 297.996046 0.031176
64 2015 2834.163149 325.916317 0.024436
64 2015 15155.976602 353.843585 0.015652
64 2016 980.365106 16.756250 0.033749
64 2016 254.146006 44.676038 0.050296
64 2016 2036.449201 72.596710 0.032628
64 2016 1140.638686 100.514861 0.040452
64 2016 7063.818986 128.434972 0.018161
64 2016 714.266383 156.345559 0.038824
64 2016 190.269792 184.266346 0.059598
64 2016 727.224574 213.185021 0.054963
64 2016 871.287822 241.107682 0.050378
64 2016 903.324082 269.032378 0.047453
64 2016 2945.353399 296.955766 0.029765
64 2016 583.453985 324.872367 0.046508
