48 2008 3141.853429 110.761154 0.016409
48 2008 3754.423788 138.682617 0.015560
48 2008 6472.966129 166.871413 0.032768
48 2008 4058.396653 250.364179 0.032968
48 2008 3453.705327 279.281750 0.034387
48 2008 3988.914126 307.204466 0.017399
48 2008 3912.163682 335.125187 0.016029
48 2009 3482.334198 24.965620 0.016389
48 2009 2940.514172 52.887085 0.015727
48 2009 2484.200686 80.807563 0.018938
48 2009 2285.088193 108.263501 0.017957
48 2009 2844.495308 136.649394 0.016469
48 2009 2670.819486 192.757655 0.016635
48 2009 1738.051710 220.676934 0.031150
48 2009 3169.193898 248.329919 0.016557
48 2009 3439.764527 276.250260 0.016875
48 2009 2048.248993 305.166608 0.034281
48 2009 2740.047860 333.087660 0.015916
48 2010 2141.296231 23.929855 0.015756
48 2010 1870.800495 51.851501 0.019940
48 2010 5931.458272 107.694653 0.017711
48 2010 5472.328362 135.615911 0.020437
48 2010 6755.990674 219.378115 0.028951
48 2010 3832.601890 248.296499 0.017418
48 2010 4382.699110 276.217739 0.015105
48 2010 3410.129779 304.137406 0.023542
48 2010 3669.479431 332.059269 0.016843
48 2011 3454.243386 22.900362 0.014983
48 2011 1705.211798 50.823589 0.038247
48 2011 2611.210450 78.742272 0.017531
48 2011 3289.153722 106.662308 0.026991
48 2011 5099.456456 134.583673 0.018548
48 2011 3032.914148 162.506107 0.031526
48 2011 3548.087170 190.423128 0.032579
48 2011 6932.336145 218.342945 0.023042
48 2011 3659.751495 247.259845 0.025217
48 2011 5153.684510 303.100200 0.014746
48 2011 4285.226669 331.020160 0.013557
48 2011 4215.936550 358.939950 0.013656
48 2012 3026.912994 21.862424 0.019348
48 2012 7180.089299 49.779509 0.019963
48 2012 10599.565688 77.698362 0.027383
48 2012 4155.484478 133.537799 0.030728
48 2012 5612.064424 189.642750 0.025870
48 2012 6221.643088 218.296083 0.016623
48 2012 4212.975989 246.215761 0.024935
48 2012 11783.399011 274.136169 0.020070
48 2012 5533.926510 302.060704 0.019617
48 2012 5384.781002 330.250571 0.021622
48 2012 3992.255009 358.170360 0.014257
48 2013 2607.677582 19.822885 0.034197
48 2013 1920.658206 47.745116 0.013421
48 2013 14006.243179 75.670907 0.017531
48 2013 5132.869670 103.588434 0.015913
48 2013 6173.987056 216.270320 0.036317
48 2013 4008.456278 244.186134 0.029524
48 2013 5028.386326 272.109401 0.013814
48 2013 3459.366451 300.029401 0.016128
48 2013 3271.460637 327.949579 0.012602
48 2013 3187.738616 355.869774 0.012601
48 2014 3228.020943 18.790053 0.013704
48 2014 2210.495760 46.709562 0.017455
48 2014 3037.595897 74.630932 0.013182
48 2014 7062.947242 102.549338 0.025825
48 2014 2679.654776 130.479221 0.034264
48 2014 6021.561254 158.386026 0.028669
48 2014 1937.477614 187.307596 0.015319
48 2014 1248.640741 215.240905 0.041542
48 2014 4035.678777 243.142924 0.042025
48 2014 3598.564859 271.066723 0.036649
48 2014 3550.857370 298.984083 0.033806
48 2014 2948.938823 326.902588 0.037358
48 2014 2881.618982 354.822336 0.018283
48 2015 4174.249848 17.745947 0.015958
48 2015 4000.472772 45.668559 0.014443
48 2015 3917.124501 73.590225 0.017365
48 2015 8670.385120 101.510891 0.024401
48 2015 3924.922555 129.432375 0.016479
48 2015 4703.529829 157.353936 0.013855
48 2015 8580.641095 186.270703 0.025600
48 2015 4725.884853 214.192075 0.028289
48 2015 11495.271807 242.113729 0.026041
48 2015 5463.284233 270.034401 0.024023
48 2015 5336.382892 297.955376 0.023332
48 2015 7212.262783 325.876260 0.017775
48 2015 14860.477516 353.794978 0.013500
48 2016 5338.902111 16.717325 0.018444
48 2016 2612.074058 44.637157 0.017722
48 2016 4817.739734 72.558066 0.027183
48 2016 4125.384956 100.745202 0.026160
48 2016 11194.464257 128.398291 0.019701
48 2016 7921.737285 156.320446 0.017591
48 2016 5285.657440 185.236455 0.017640
48 2016 4163.691737 213.156070 0.028014
48 2016 3954.275493 241.076790 0.029357
48 2016 6233.032282 268.997438 0.024580
48 2016 5251.977759 296.916112 0.025641
48 2016 4329.276388 324.835084 0.018316
48 2016 4305.525594 352.754672 0.020758
