63 2011 239.158375 303.111466 0.047634
63 2011 334.684638 330.780344 0.008614
63 2012 125.986586 21.597482 0.016171
63 2012 4317.727249 49.761006 0.021683
63 2012 7808.940221 77.681128 0.030633
63 2012 1264.473586 106.599322 0.045855
63 2012 1803.478449 133.523537 0.039447
63 2012 2145.199333 190.355428 0.032531
63 2012 2013.389594 218.278081 0.021640
63 2012 1142.738224 246.197628 0.035407
63 2012 9085.735624 274.112700 0.019647
63 2012 3012.333620 302.037966 0.023547
63 2013 346.083096 47.496662 0.012496
63 2013 8596.434842 75.647452 0.022441
63 2013 650.515419 103.564478 0.026386
63 2013 984.834269 131.484797 0.027898
63 2013 8718.838253 159.404773 0.026670
63 2013 5283.066215 188.323128 0.026521
63 2013 2717.376851 216.246321 0.042708
63 2013 897.968526 244.162988 0.052203
63 2013 153.838638 271.863250 0.010879
63 2013 386.557931 300.008395 0.043702
63 2013 310.466497 355.633169 0.009895
63 2014 194.303320 18.553519 0.012749
63 2014 322.221250 46.685633 0.029549
63 2014 177.891380 74.388517 0.012507
63 2014 4619.786366 102.528438 0.026627
63 2014 763.824870 130.462366 0.047034
63 2014 1386.681788 159.363823 0.033512
63 2014 191.214001 187.073705 0.007815
63 2014 449.894450 214.981974 0.008165
63 2014 2352.739255 243.127864 0.047234
63 2014 1506.369231 271.053496 0.046530
63 2014 967.718510 326.896338 0.052132
63 2014 522.646609 354.812260 0.036655
63 2015 193.649337 17.737119 0.049090
63 2015 233.704148 45.654051 0.031439
63 2015 519.695612 73.573724 0.037623
63 2015 5322.609515 101.491993 0.026137
63 2015 560.047933 129.403376 0.030814
63 2015 4779.523337 186.249880 0.027639
63 2015 857.026371 214.173424 0.055313
63 2015 9644.210507 242.091001 0.024775
63 2015 1792.024011 270.012279 0.035721
63 2015 1879.185962 297.932479 0.030593
63 2015 3184.463492 325.852777 0.024576
63 2015 15309.330049 353.780063 0.008664
63 2016 1071.102080 16.692578 0.034634
63 2016 313.286709 44.606224 0.045866
63 2016 2349.748572 72.532207 0.032138
63 2016 1354.131850 100.453480 0.037099
63 2016 15880.151198 129.367252 0.023067
63 2016 8504.599334 157.283374 0.029852
63 2016 277.621897 185.201884 0.069667
63 2016 800.588675 213.130947 0.055542
63 2016 925.508587 241.052306 0.051574
63 2016 1666.261415 269.003302 0.025472
63 2016 3193.815336 296.890881 0.030387
63 2016 640.450316 324.814399 0.047267
63 2016 812.859860 352.735662 0.041058
