55 2008 510.063900 26.376071 0.054106
55 2008 648.726206 111.129574 0.039481
55 2008 504.668986 139.047468 0.034830
55 2008 1141.351720 167.079662 0.194883
55 2008 902.813777 194.902918 0.060875
55 2008 10585.666310 222.838711 0.017052
55 2008 563.299698 250.885574 0.187438
55 2009 168.404465 53.022357 0.014947
55 2009 41171.853310 108.941970 0.017500
55 2009 71.792156 136.792757 0.010567
55 2009 102.605470 192.642964 0.009590
55 2009 346.269798 220.559413 0.014321
55 2009 114.910005 248.480132 0.013144
55 2009 962.232311 304.314785 0.012205
55 2009 197.563544 332.393456 0.007407
55 2010 252.270967 52.264177 0.016335
55 2010 4610.471429 219.741961 0.030232
55 2010 10198.095571 247.731757 0.020852
55 2010 110.818185 275.372290 0.014463
55 2010 508.059652 303.516941 0.050574
55 2010 353.985964 331.434014 0.068590
55 2011 3706.054171 51.013280 0.038231
55 2011 1138.793037 218.832115 0.187940
55 2011 2720.679642 274.553287 0.033834
55 2011 243.144286 330.339966 0.007336
55 2011 119.267146 359.102014 0.006765
55 2012 63833.259913 22.533513 0.021393
55 2012 3587.736060 50.158298 0.026707
55 2012 7718.252684 78.079878 0.034903
55 2012 1358.161596 134.035922 0.185656
55 2012 1998.551934 161.838494 0.044781
55 2012 973.268975 189.818748 0.172524
55 2012 1971.616630 217.673994 0.024472
55 2013 33657.353460 75.948413 0.046064
55 2013 2328.347607 159.908545 0.193652
55 2013 944.217931 243.556364 0.043774
55 2013 180.238225 271.427465 0.011573
55 2013 395.003399 299.403106 0.045697
55 2013 142.841041 328.330002 0.077866
55 2013 256.516948 356.027175 0.009686
55 2014 334.849279 74.759278 0.012152
55 2014 12274.057591 130.792604 0.004550
55 2014 2595.567361 158.772839 0.040003
55 2014 621.689039 186.448374 0.011336
55 2014 939.116135 214.551813 0.010320
55 2014 854.438791 242.505884 0.053392
55 2014 2030.396486 270.438200 0.039961
55 2014 933.589620 327.287842 0.055097
55 2015 6518.701439 185.641141 0.021328
55 2015 761.073694 213.558578 0.053177
55 2015 11001.411551 241.482593 0.023430
55 2015 1898.683920 269.404121 0.036807
55 2015 2022.115740 297.324299 0.032345
55 2015 12066.259153 354.167408 0.017419
55 2016 1154.195349 17.088348 0.036125
55 2016 473.119060 45.023057 0.069733
55 2016 2754.172488 72.931578 0.029320
55 2016 285.161351 156.686797 0.028103
55 2016 230.728677 184.601032 0.055099
55 2016 1022.183195 212.526876 0.051241
55 2016 960.953384 240.444802 0.050192
55 2016 879.998036 268.366584 0.056293
55 2016 878.237308 353.126538 0.046786
