54 2001 7139.216526 63.324842 0.020626
54 2001 8062.473982 91.239742 0.020368
54 2001 2690.386195 119.158585 0.031838
54 2001 1598.361005 147.077738 0.025126
54 2001 420.351975 175.000185 0.054643
54 2001 342.042885 202.922241 0.053099
54 2001 2699.878850 230.837011 0.022332
54 2001 1252.530841 258.755117 0.043984
54 2001 3193.106171 286.676653 0.031170
54 2001 2380.217103 314.597839 0.031979
54 2001 298.426174 342.525411 0.060685
54 2002 461.833932 5.441221 0.051012
54 2002 2701.858488 34.354388 0.026095
54 2002 1700.473284 62.278255 0.026814
54 2002 1795.826067 90.195223 0.036049
54 2002 4338.852724 118.117157 0.026474
54 2002 1457.610579 146.036795 0.031104
54 2002 515.566073 173.960029 0.051038
54 2002 3278.593408 201.883147 0.035337
54 2002 5314.147520 229.813686 0.029806
54 2002 4831.426660 257.722580 0.030249
54 2002 7929.412400 285.643668 0.023878
54 2002 5456.619306 313.565475 0.025113
54 2002 2460.999193 341.486664 0.031495
54 2003 2454.842348 4.409382 0.035072
54 2003 9374.038076 33.325755 0.020137
54 2003 5219.905087 61.248384 0.028943
54 2003 13461.418752 89.168809 0.020781
54 2003 5903.866023 145.006766 0.028173
54 2003 5509.917455 172.924422 0.027679
54 2003 7724.138356 200.845323 0.025815
54 2003 4850.154613 228.754526 0.029309
54 2003 2666.105886 256.683749 0.035613
54 2003 985.501085 284.603121 0.036483
54 2003 2888.098923 312.550630 0.042822
54 2003 7225.233354 340.443850 0.028423
54 2004 3538.892655 4.360303 0.036632
54 2004 3790.561272 32.278700 0.033096
54 2004 2560.530010 60.200092 0.039801
54 2004 3566.821071 88.118795 0.035365
54 2004 1228.434200 116.037330 0.039913
54 2004 310.309229 143.958278 0.060250
54 2004 327.852431 171.885699 0.061932
54 2004 1396.064535 199.800358 0.038715
54 2004 1939.443680 227.721778 0.032388
54 2004 929.783052 255.643322 0.036368
54 2004 445.789094 283.564535 0.045044
54 2004 660.244109 311.496020 0.049308
54 2004 2893.781212 339.403402 0.035062
54 2005 5599.142291 2.325422 0.031153
54 2005 2382.672304 30.244104 0.036246
54 2005 1460.496325 86.091093 0.046389
54 2005 1303.462255 114.010201 0.034894
54 2005 6034.500441 141.928030 0.027159
54 2005 5865.277927 169.847160 0.028328
54 2005 5612.128621 197.765716 0.025816
54 2005 2341.100358 225.684864 0.038880
54 2005 2356.868581 281.525660 0.038585
54 2005 2236.455084 309.447371 0.041091
54 2005 715.217103 338.370494 0.058445
54 2006 993.142442 29.204745 0.050376
54 2006 584.053393 57.122878 0.040202
54 2006 2049.883690 85.040552 0.025110
54 2006 5715.446620 112.963527 0.023667
54 2006 418.232152 140.888897 0.054142
54 2006 1308.541709 168.807620 0.050728
54 2006 456.996277 196.729523 0.061178
54 2006 769.776083 224.647991 0.053848
54 2006 845.732061 252.568939 0.053001
54 2006 601.924368 280.499652 0.051370
54 2006 576.453117 308.411402 0.046826
54 2006 2347.988950 337.329037 0.032725
54 2007 1102.228736 28.169322 0.024408
54 2007 327.583543 56.089527 0.036153
54 2007 2864.810663 84.017787 0.032195
54 2007 226.827506 111.947121 0.051912
54 2007 257.725399 140.587521 0.072937
54 2007 818.909431 168.238209 0.044151
54 2007 2012.454817 196.418023 0.038161
54 2007 820.988928 224.067884 0.063760
54 2007 784.390302 251.993938 0.058747
54 2007 361.416369 307.834288 0.055674
54 2007 655.168896 335.758443 0.045722
54 2008 512.798260 26.591856 0.051227
54 2008 762.683898 54.515954 0.050484
54 2008 703.618956 110.618135 0.042476
54 2008 497.694771 139.277838 0.034273
54 2008 1739.520555 167.195396 0.047207
54 2008 1819.609028 223.038778 0.049039
54 2008 645.769089 250.949095 0.072027
54 2008 803.371254 278.878754 0.063887
54 2008 121.104608 334.566833 0.011648
54 2009 226.384372 52.314559 0.017220
54 2009 205.353645 80.299410 0.094852
54 2009 106.725787 192.928517 0.010362
54 2009 810.145868 304.594267 0.011819
54 2009 185.192476 332.524031 0.009922
54 2010 310.210679 51.275128 0.020733
54 2010 335.007256 79.203718 0.013951
54 2010 1979.986118 108.284892 0.026102
54 2010 1571.340116 136.203584 0.034884
54 2010 1304.805081 164.124209 0.035973
54 2010 264.797283 192.042748 0.055745
54 2010 4667.426287 219.968938 0.031539
54 2010 573.419607 247.885119 0.048527
54 2010 97.754338 275.636076 0.014134
54 2010 246.633020 331.639294 0.058807
54 2011 158.475368 22.324457 0.022297
54 2011 1020.734745 135.176200 0.031456
54 2011 603.359278 163.088291 0.060543
54 2011 651.119477 191.013066 0.061032
54 2011 2781.804514 218.934572 0.028175
54 2011 320.355963 246.848289 0.066195
54 2011 2977.732492 274.771663 0.038811
54 2011 188.431728 302.695545 0.034279
54 2011 399.912676 330.556085 0.009166
54 2012 660.000039 21.305596 0.036938
54 2012 3943.244037 49.373320 0.024265
54 2012 6265.836994 78.289382 0.034775
54 2012 2013.154573 134.124542 0.048762
54 2012 1442.550104 162.047662 0.049187
54 2012 2031.648140 217.896155 0.024429
54 2012 121.257824 273.743102 0.032071
54 2012 2619.324014 301.429901 0.025797
54 2013 305.064380 19.417510 0.060179
54 2013 512.057508 48.332273 0.056802
54 2013 11903.933534 76.264491 0.021701
54 2013 575.691775 104.184203 0.031135
54 2013 994.388249 132.103602 0.029815
54 2013 5760.688608 160.023361 0.029443
54 2013 6494.958437 187.942694 0.028265
54 2013 733.447695 243.781749 0.049196
54 2013 160.774539 271.533029 0.014886
54 2013 372.046234 299.618589 0.045022
54 2013 153.043064 355.340753 0.062031
54 2014 274.154554 18.191519 0.013133
54 2014 516.398090 47.288703 0.056681
54 2014 143.997765 75.049965 0.014454
54 2014 3048.315647 103.136540 0.034833
54 2014 817.702981 131.050394 0.052964
54 2014 2187.262462 158.980278 0.030124
54 2014 300.404713 186.730270 0.009971
54 2014 658.111302 214.772318 0.009480
54 2014 2599.529652 242.742168 0.039531
54 2014 983.327455 298.571516 0.037574
54 2014 673.966195 326.502329 0.047060
54 2014 562.078847 354.422108 0.042057
54 2015 165.072913 18.336820 0.058754
54 2015 251.627161 46.263251 0.046430
54 2015 2945.922952 102.108258 0.033735
54 2015 470.403409 130.030107 0.040383
54 2015 252.317671 157.953655 0.021901
54 2015 6105.485486 185.872439 0.022653
54 2015 9999.165376 241.711073 0.023596
54 2015 1955.044103 297.548387 0.029673
54 2015 3145.013742 325.468958 0.024982
54 2015 11327.539846 353.658482 0.022723
54 2016 1108.336274 17.304593 0.036628
54 2016 750.001068 101.062696 0.045902
54 2016 25927.221610 128.989675 0.019557
54 2016 925.109304 156.924965 0.041576
54 2016 227.708449 184.831572 0.057986
54 2016 918.008601 212.749088 0.054927
54 2016 908.361407 240.664898 0.049225
54 2016 942.754255 268.590354 0.043831
54 2016 3355.830527 296.511101 0.029783
54 2016 801.175555 324.422536 0.049055
54 2016 830.695611 352.352786 0.043266
