66 2013 5039.539951 160.250103 0.030101
66 2013 5713.720252 188.165082 0.028392
66 2013 1725.161970 216.097526 0.044002
66 2013 746.348295 244.013891 0.053571
66 2013 158.966227 271.710705 0.011374
66 2013 361.815837 299.850936 0.042715
66 2013 145.230157 327.780046 0.069805
66 2013 275.864160 355.477133 0.010855
66 2014 178.388084 18.396439 0.013832
66 2014 644.066227 46.530385 0.031894
66 2014 147.749500 74.229239 0.013647
66 2014 2400.179502 103.364738 0.033684
66 2014 667.268408 131.284755 0.047774
66 2014 1832.446405 159.207706 0.031036
66 2014 265.193477 186.912083 0.008032
66 2014 518.424426 214.823168 0.008616
66 2014 2307.903876 242.978527 0.044113
66 2014 1515.078862 270.893991 0.043572
66 2014 1158.942014 298.818902 0.043798
66 2014 760.910171 326.743468 0.045389
66 2014 495.705635 354.649545 0.036024
66 2015 196.119671 17.573047 0.052719
66 2015 280.349749 45.492471 0.035967
66 2015 455.931823 73.410821 0.042004
66 2015 2352.733292 102.327842 0.033520
66 2015 3398.554199 130.246697 0.030201
66 2015 205.271450 158.172899 0.019211
66 2015 5487.208010 186.092712 0.024331
66 2015 828.019249 214.022201 0.053794
66 2015 8958.657907 241.935881 0.024356
66 2015 1678.498215 269.858218 0.036344
66 2015 1867.510360 297.778861 0.029928
66 2015 2877.429360 325.699026 0.024252
66 2015 3587.291915 353.621004 0.012754
66 2016 1028.402868 16.539478 0.036769
66 2016 311.996058 44.456374 0.047969
66 2016 2127.373760 72.379236 0.033134
66 2016 694.123166 101.297343 0.042061
66 2016 15986.795415 129.217368 0.024341
66 2016 3417.468146 157.128139 0.040203
66 2016 271.120288 185.069687 0.074165
66 2016 774.125814 212.983035 0.053543
66 2016 895.596809 240.903788 0.048871
66 2016 683.433573 268.818399 0.042272
66 2016 3292.286526 296.738227 0.027770
66 2016 609.083406 324.660594 0.044630
66 2016 819.730240 352.581484 0.039365
