71 2015 2782.492108 102.215832 0.034715
71 2015 404.836016 130.135002 0.035733
71 2015 210.219412 158.055798 0.020804
71 2015 6537.018981 185.977855 0.023547
71 2015 979.714213 213.902646 0.051191
71 2015 9841.939647 241.815527 0.023810
71 2015 1775.561189 269.736879 0.035821
71 2015 1916.254420 297.656869 0.029688
71 2015 2890.074780 325.575931 0.024894
71 2016 1142.282283 16.416656 0.040676
71 2016 514.478436 45.331474 0.063281
71 2016 1591.227230 73.255568 0.037725
71 2016 747.446577 101.179633 0.045171
71 2016 22514.510746 129.096314 0.023956
71 2016 9611.219267 157.026389 0.023556
71 2016 354.291713 185.084850 0.138807
71 2016 919.013758 212.869684 0.052400
71 2016 593.279892 240.922626 0.195071
71 2016 1070.791576 268.701226 0.041751
71 2016 3429.782919 296.621104 0.027494
71 2016 655.327451 324.539711 0.047791
71 2016 853.691354 352.460190 0.042487
