73 2015 2896.101157 325.428296 0.024854
73 2015 1054.283499 353.418501 0.020467
73 2016 1098.767189 16.345303 0.041550
73 2016 462.741809 45.265091 0.066606
73 2016 1630.451019 73.185581 0.035934
73 2016 731.967403 101.105220 0.043648
73 2016 15791.917114 129.029300 0.028207
73 2016 1137.411529 156.968834 0.049761
73 2016 215.121595 184.872309 0.055036
73 2016 878.986198 212.787647 0.049405
73 2016 881.711395 240.707335 0.046662
73 2016 924.096570 268.630016 0.043506
73 2016 3284.767112 296.551135 0.028027
73 2016 727.980582 324.464210 0.046994
73 2016 804.510645 352.390864 0.042259
