53 2005 2328.460216 310.073180 0.037141
53 2005 750.498043 337.989767 0.053393
53 2006 1069.162813 28.831018 0.050298
53 2006 586.182115 56.746964 0.047890
53 2006 3509.844897 84.667093 0.033855
53 2006 5915.203758 112.588849 0.024504
53 2006 515.317508 140.512579 0.058689
53 2006 1082.342001 168.446664 0.047891
53 2006 394.755213 197.354010 0.059176
53 2006 784.003250 225.270743 0.050534
53 2006 579.653744 253.196810 0.040147
53 2006 872.803467 281.112922 0.044493
53 2006 554.884348 309.036045 0.041732
53 2006 2760.384221 336.955728 0.030761
53 2007 981.152058 27.795365 0.035596
53 2007 342.930195 55.714658 0.044992
53 2007 2082.664608 83.641756 0.035482
53 2007 219.614157 111.557706 0.052691
53 2007 329.363457 139.934384 0.076839
53 2007 830.570340 167.867747 0.041954
53 2007 2419.615592 195.788065 0.038433
53 2007 828.434671 223.703989 0.057678
53 2007 419.142623 307.456734 0.054377
53 2007 705.031377 335.382771 0.045544
53 2008 423.846915 27.222349 0.050919
53 2008 708.588309 55.144699 0.051690
53 2008 636.009008 110.990958 0.040242
53 2008 547.326242 138.912455 0.035204
53 2008 2434.062696 166.610477 0.039623
53 2008 895.122576 194.759700 0.054649
53 2008 734.618841 250.592366 0.052514
53 2009 163.890621 52.931029 0.015391
53 2009 420.412595 80.861710 0.013365
53 2009 366.905552 108.783808 0.011566
53 2009 67.227948 136.700611 0.010684
53 2009 94.610529 192.554764 0.010705
53 2009 118.638215 248.395711 0.015776
53 2009 67.850674 276.321053 0.007696
53 2009 752.933115 304.232635 0.015433
53 2009 145.405336 333.156951 0.009812
53 2010 229.946410 23.992190 0.011612
53 2010 283.443756 51.905945 0.018121
53 2010 305.722646 79.834612 0.011037
53 2010 2049.430554 135.839835 0.032313
53 2010 1473.991307 163.757866 0.032497
53 2010 4572.952855 219.596219 0.030225
53 2010 109.308355 275.268724 0.014677
53 2010 622.345652 304.348722 0.045224
53 2011 121.193453 22.941041 0.020913
53 2011 878.970973 50.868700 0.011722
53 2011 808.430253 78.959697 0.029145
53 2011 1150.439849 134.803655 0.028264
53 2011 642.061101 190.637257 0.054999
53 2011 691.344491 246.437235 0.009779
53 2011 2586.045493 274.404997 0.034951
53 2011 279.803806 303.588439 0.053657
53 2011 289.827907 331.075737 0.012500
53 2011 110.587299 358.881163 0.005791
53 2012 5414.471914 22.081425 0.024627
53 2012 4063.549444 50.000750 0.023684
53 2012 965.785702 106.836998 0.049630
53 2012 2159.780431 133.762944 0.040680
53 2012 1641.405371 161.681794 0.044802
53 2012 2240.292344 189.603420 0.034210
53 2012 1847.217664 217.524952 0.026010
53 2012 199.498221 245.434975 0.040346
53 2012 187.366309 273.365012 0.036758
53 2012 2858.293256 302.285620 0.023563
53 2013 484.271650 20.045338 0.065007
53 2013 662.886806 103.813975 0.029641
53 2013 981.252628 131.731698 0.027605
53 2013 6510.838376 159.652828 0.025326
53 2013 7353.086043 187.572367 0.024203
53 2013 515.513668 215.490973 0.026705
53 2013 1294.823116 243.410578 0.041517
53 2013 351.901001 300.246701 0.043943
53 2013 238.884495 355.926918 0.011298
53 2014 437.471328 46.945482 0.047465
53 2014 3643.026390 102.775667 0.028264
53 2014 2391.165280 158.615704 0.025772
53 2014 350.766827 214.700406 0.068080
53 2014 1350.678350 271.279639 0.046110
53 2014 981.441398 327.123570 0.051072
53 2014 474.486588 355.042211 0.043046
53 2015 149.461798 17.969286 0.048071
53 2015 248.244786 45.896274 0.036063
53 2015 4196.027690 101.736058 0.026860
53 2015 553.144564 129.662171 0.035898
53 2015 253.388446 157.581336 0.021537
53 2015 6625.281116 185.503148 0.019789
53 2015 859.384901 213.420517 0.051311
53 2015 7547.710977 242.339225 0.025901
53 2015 1583.474554 270.256283 0.035364
53 2015 1785.172953 298.176188 0.031053
53 2015 3066.084243 326.096428 0.024194
53 2015 20405.803319 354.016998 0.014308
53 2016 1071.834535 16.935727 0.035520
53 2016 484.702692 44.841532 0.064007
53 2016 1999.204690 72.775154 0.032455
53 2016 960.282026 100.696081 0.038573
53 2016 10260.806467 128.383500 0.018406
53 2016 396.030805 156.539207 0.027011
53 2016 216.515386 184.455238 0.054236
53 2016 1004.146889 212.376478 0.050854
53 2016 895.649609 241.293086 0.049765
53 2016 1090.045105 269.216146 0.047520
53 2016 2641.483761 297.140585 0.031743
53 2016 532.417721 325.061597 0.049527
53 2016 860.201673 352.987140 0.044247
