72 2015 567.929098 214.168482 0.193600
72 2015 8349.268421 241.980946 0.024986
72 2015 1673.761858 269.901739 0.036178
72 2015 1850.800059 297.820172 0.030310
72 2015 2841.665534 325.738225 0.024319
72 2015 2963.850749 353.666633 0.017770
72 2016 1031.292601 16.577348 0.036539
72 2016 306.362454 44.494270 0.051691
72 2016 2123.688207 72.416486 0.033439
72 2016 682.315903 101.334997 0.042782
72 2016 16592.944703 129.254771 0.024106
72 2016 3306.206789 157.182888 0.046365
72 2016 297.642584 185.112437 0.079412
72 2016 785.202062 213.026221 0.053873
72 2016 582.397595 241.063587 0.191233
72 2016 612.266207 268.877971 0.045695
72 2016 3243.137308 296.783780 0.028845
72 2016 637.775687 324.709311 0.045055
72 2016 906.482176 352.628781 0.038259
