216.502165 2015 452.884287 9.644440 1183.381879 124.297964 0.120762 0.022600 -39.368114 0.691814 -12.532941 2.357732 34.394600 4.023650 42.613521 nan 3.871855 0.000026 719.134037 0.014402
223.502165 2015 573.019356 14.328380 1900.254311 255.358209 0.128935 0.002622 -37.339909 0.702794 -3.794719 0.915651 34.377279 1.128508 56.199671 nan 3.871853 0.000026 719.135316 0.014439
230.502165 2015 2637.392413 51.917065 9549.646741 470.187238 0.131868 0.003078 -38.293593 0.737621 -1.990448 0.970521 36.906565 1.203422 59.712536 nan 3.871849 0.000026 719.137276 0.014523
237.502165 2015 1890.420307 50.401343 8573.385806 1200.977324 0.093352 0.022407 -38.261283 2.194781 -7.933327 3.496425 36.355351 4.798069 39.099562 nan 3.871846 0.000026 719.139192 0.014503
244.502165 2015 1319.775523 26.374623 4826.593271 416.593119 0.100737 0.017895 -40.466491 2.171262 -4.815178 3.354263 38.055313 4.537265 52.993333 nan 3.871842 0.000026 719.141022 0.014432
251.502165 2015 2530.980547 60.940852 12335.634509 1010.433275 0.125282 0.003206 -45.433257 1.314643 -0.031711 1.192261 41.153684 1.069878 65.468829 nan 3.871837 0.000026 719.144024 0.014549
258.502165 2015 1659.510343 29.669923 5432.867423 310.615874 0.151363 0.013171 -48.791102 4.035234 2.537537 2.374157 41.125176 0.713080 66.372319 nan 3.871833 0.000026 719.146466 0.014723
265.502165 2015 1267.879583 29.282420 4880.390854 804.427881 0.134535 0.002644 -49.929957 1.281086 -0.543344 0.967836 42.774780 0.654587 75.144024 nan 3.871832 0.000027 719.146840 0.014831
272.502165 2015 417.880856 6.800798 1224.816681 52.191822 0.122033 0.002823 nan nan nan nan nan nan nan nan nan nan nan nan
279.500776 2015 5029.115370 73.673444 9049.311455 1443.547874 0.036007 0.026084 -60.106727 6.702458 6.335565 3.899944 45.558813 1.097430 49.418697 nan 3.872152 0.000023 718.968401 0.012637
286.502165 2015 3038.563224 58.258479 10793.153478 336.102985 0.114582 0.010363 -53.521052 1.285311 -8.108018 2.514170 42.807888 3.743029 71.911837 nan 3.871825 0.000026 719.150739 0.014737
293.502165 2015 1181.263408 24.228242 4227.528843 390.359058 0.127803 0.002152 -54.658841 1.415508 -7.838671 1.161157 39.316610 0.906807 76.921495 nan 3.871816 0.000028 719.155768 0.015657
300.502165 2015 347.155604 6.473728 1174.442494 78.214360 0.109178 0.003330 -58.325975 1.630465 -10.299563 1.544805 33.834946 1.459146 66.467028 nan 3.871816 0.000028 719.155734 0.015849
307.502165 2015 1415.669523 34.671120 6180.514455 787.642481 0.114160 0.010897 -61.338468 1.656476 -12.885317 1.819310 38.721972 1.982145 71.735000 nan 3.871816 0.000029 719.155868 0.016105
314.502165 2015 3023.226156 57.327182 10455.518988 466.406032 0.136087 0.003980 -65.582592 1.570720 -13.538347 1.535840 40.699798 1.500960 77.715407 nan 3.871815 0.000029 719.156752 0.016356
321.502165 2015 1540.142096 31.093427 5828.368676 359.003917 0.125076 0.003076 -59.645687 1.365361 -15.698106 1.419922 34.193898 1.474482 70.451041 nan 3.871811 0.000030 719.158773 0.016834
328.502165 2015 530.302853 11.113806 2283.724395 78.759291 0.099145 0.003263 -55.108420 1.328609 -18.807377 1.506181 21.819411 1.683753 55.125629 nan 3.871813 0.000031 719.157841 0.017042
335.502165 2015 479.054865 8.724881 1413.986615 74.970957 0.120804 0.004494 -62.812979 1.613023 -17.153302 1.600464 24.125040 1.587906 62.409132 nan 3.871814 0.000031 719.157291 0.017218
342.502165 2015 767.540037 12.105944 2129.695356 68.830206 0.144046 0.010109 -60.528016 1.416928 -16.397713 1.491261 26.646371 1.565594 64.440647 nan 3.871814 0.000031 719.157339 0.017352
349.502165 2015 623.641369 11.988111 1699.430656 147.598336 0.131250 0.003083 -57.658880 1.197674 -16.268286 1.300434 22.894542 1.403195 59.589371 nan 3.871811 0.000032 719.159124 0.017681
356.502165 2015 1739.111062 40.843195 7777.448333 791.536317 0.111288 0.011251 -52.423051 1.295017 -15.603611 1.512104 25.803026 1.729191 53.654191 nan 3.871810 0.000032 719.159371 0.017843
5.502165 2016 1470.095341 27.312316 4706.412774 390.701797 0.139344 0.002049 -45.519727 0.930707 -11.026225 1.043407 24.980006 1.156107 55.760084 nan 3.871724 0.000033 719.207443 0.018205
12.502165 2016 605.689711 9.248809 1578.509440 80.767618 0.144687 0.009366 -40.894389 0.754333 -9.916321 1.149808 25.089066 1.545283 53.001741 nan 3.871800 0.000033 719.165085 0.018667
19.502165 2016 851.187506 24.172721 3513.454689 754.961971 0.119828 0.012627 -38.129334 0.866095 -9.285768 1.618783 29.334833 2.371471 45.106897 nan 3.871797 0.000034 719.166893 0.018880
26.502165 2016 650.328620 10.866060 1621.441008 95.043219 0.134108 0.010290 -38.000271 0.864749 -6.055299 1.323879 29.166948 1.783009 50.027541 nan 3.871794 0.000034 719.168790 0.019049
33.502165 2016 246.438973 4.217042 775.154697 37.358687 0.123208 0.010506 -33.401791 0.761095 -4.662431 1.448468 33.003592 2.135841 47.362446 nan 3.871788 0.000034 719.171907 0.019204
40.502165 2016 456.765091 9.342014 1372.437247 88.168192 0.106668 0.014133 -33.846105 0.507753 -2.692241 1.154047 34.917363 1.800341 53.280740 nan 3.871782 0.000035 719.175185 0.019362
47.502165 2016 1680.264484 44.688917 7796.843657 1018.878770 0.149808 0.013023 -37.370619 0.754514 -3.349454 2.150563 39.200304 3.546612 55.255560 nan 3.871779 0.000035 719.177192 0.019455
54.502165 2016 1374.363871 26.164379 4442.941369 217.535084 0.127392 0.001496 -37.547771 0.760227 0.157062 0.674935 37.219918 0.589642 62.248808 nan 3.871776 0.000035 719.178847 0.019509
61.502165 2016 573.117212 11.785476 2142.410865 104.443159 0.106378 0.002933 -38.550027 1.060054 0.921259 1.039844 43.892118 1.019634 55.719701 nan 3.871769 0.000035 719.182649 0.019637
68.502165 2016 1044.747704 20.530897 3546.369614 224.879392 0.121979 0.003019 -48.799622 1.360563 0.326949 1.161095 45.142619 0.961627 65.556338 nan 3.871764 0.000035 719.185577 0.019684
75.502165 2016 1109.865460 20.837851 3577.416635 187.816662 0.136749 0.009782 -51.312595 3.267689 0.707050 2.021709 41.583057 0.775728 67.250776 nan 3.871761 0.000035 719.187089 0.019714
82.502165 2016 873.950382 17.126260 2765.286700 185.041061 0.125559 0.001466 -51.224740 1.368195 -1.680554 0.879717 37.393623 0.391239 71.648522 nan 3.871759 0.000035 719.188015 0.019716
89.502165 2016 323.458902 4.509966 783.487789 23.580166 0.134589 0.002810 nan nan nan nan nan nan nan nan nan nan nan nan
96.502165 2016 787.587901 15.437036 2219.984144 168.203573 0.124651 0.002443 -58.153468 1.672448 -5.578846 1.293376 36.424397 0.914303 73.101467 nan 3.871751 0.000035 719.192654 0.019558
103.502165 2016 1050.710415 23.943883 4368.327626 310.526692 0.121063 0.008945 -60.365701 1.866988 -8.275606 1.989083 37.434472 2.111178 74.040184 nan 3.871751 0.000035 719.192481 0.019538
110.502165 2016 934.138201 18.020892 3009.626771 179.080573 0.124768 0.002439 -60.134008 1.353309 -10.019732 1.236115 35.843684 1.118922 73.409076 nan 3.871751 0.000035 719.192914 0.019409
117.502165 2016 336.044500 4.662057 750.601006 23.975254 0.136858 0.002518 -59.183808 1.001155 -11.468628 1.064928 35.899354 1.128701 77.537754 nan 3.871749 0.000035 719.193610 0.019305
124.502165 2016 1231.447816 24.238725 4111.581114 201.464174 0.130376 0.002744 -58.509348 1.087474 -13.684361 1.177059 34.097740 1.266644 72.947735 nan 3.871748 0.000034 719.194520 0.019140
131.502165 2016 3024.622555 61.344701 11512.409500 729.375337 0.105623 0.014504 -57.046239 1.036320 -15.882824 1.517093 35.770240 1.997865 68.794160 nan 3.871749 0.000034 719.193946 0.019024
138.502165 2016 1398.133181 26.487665 5099.100949 218.673361 0.127340 0.002191 -56.129989 0.798922 -16.070095 1.057969 29.131957 1.317015 66.894386 nan 3.871749 0.000034 719.193779 0.018882
152.502165 2016 436.646169 6.475650 966.845498 39.897031 0.135058 0.002131 -56.678076 0.962318 -15.874020 1.185986 30.708879 1.409653 63.691311 nan 3.871747 0.000033 719.194878 0.018615
159.502165 2016 812.131497 16.723066 2409.326315 190.344574 0.130047 0.003507 -54.961741 1.120331 -16.547534 1.453033 31.838720 1.785736 58.002011 nan 3.871748 0.000033 719.194344 0.018489
166.502165 2016 527.516748 9.158975 1329.509193 87.016772 0.132719 0.002304 -52.152075 1.125306 -15.000653 1.325037 30.438027 1.524767 56.415227 nan 3.871748 0.000033 719.194399 0.018458
173.502165 2016 306.944498 4.890340 787.604643 54.875416 0.128765 0.016339 -49.661242 1.906208 -13.014157 1.958043 31.467755 2.009878 50.423474 nan 3.871745 0.000033 719.195794 0.018346
180.502165 2016 265.942831 4.446655 850.820633 41.422109 0.144584 0.009940 -47.115580 1.110571 -12.791001 1.420324 26.727127 1.730077 51.421263 nan 3.871743 0.000033 719.196926 0.018224
187.502165 2016 320.599168 8.312348 1030.404967 118.191744 0.109435 0.017993 -44.027083 2.344815 -8.572772 1.806305 27.834570 1.267794 49.214652 nan 3.871741 0.000033 719.197799 0.018138
194.502165 2016 785.419572 12.427145 2265.844362 80.586909 0.147358 0.008991 -40.415916 0.823156 -8.983427 1.349582 29.237548 1.876008 50.760655 nan 3.871738 0.000032 719.199570 0.018080
201.502165 2016 399.362053 6.661829 1107.855676 54.614047 0.125334 0.004170 -38.424422 1.030357 -6.095930 1.080688 29.929148 1.131018 49.111255 nan 3.871734 0.000032 719.202098 0.018038
208.502165 2016 724.534438 13.884901 2327.499226 138.099524 0.147696 0.013482 -35.179029 0.669512 -6.015797 1.756296 32.055171 2.843080 47.212877 nan 3.871729 0.000032 719.204507 0.018000
215.502165 2016 968.312072 20.052065 3170.445026 277.850798 0.125223 0.018771 -37.318369 3.336810 -0.635128 2.926101 34.544410 2.515392 46.371170 nan 3.871724 0.000032 719.207304 0.018009
222.502165 2016 1264.422065 20.461237 3441.597962 158.144766 0.165552 0.016008 -37.579725 2.728542 -1.252181 3.118152 33.390509 3.507762 50.159662 nan 3.871722 0.000032 719.208699 0.018005
229.502165 2016 589.797773 9.791104 1607.860530 86.494676 0.129861 0.002122 -37.178681 0.758910 0.430945 0.678124 33.743941 0.597338 58.998492 nan 3.871716 0.000032 719.212220 0.018079
236.561887 2016 1085.491995 15.950488 3332.999731 367.877668 0.131897 0.013905 -41.510314 3.266593 3.145111 2.237081 37.371619 1.207569 54.121135 nan 3.871008 0.000031 719.606446 0.017271
243.501945 2016 1205.233571 33.044100 4783.902850 775.555889 0.154313 0.015999 -39.670409 4.022795 5.087180 2.399427 37.894649 0.776059 56.064220 nan 3.871707 0.000033 719.217115 0.018300
257.501945 2016 1204.384078 24.755212 4427.199925 236.754408 0.119896 0.002148 -40.992692 1.074158 0.515226 0.817639 37.397207 0.561121 65.611762 nan 3.871696 0.000034 719.223102 0.018671
264.501945 2016 477.217971 8.426120 1223.440730 86.432371 0.110885 0.014647 -47.453344 1.354526 -2.303398 2.016911 42.955920 2.679297 69.235536 nan 3.871694 0.000034 719.224487 0.018763
271.501945 2016 2344.350973 53.093791 9657.746621 568.594096 0.135006 0.003208 -48.834854 1.420743 -2.227153 1.172540 46.999141 0.924336 76.006196 nan 3.871691 0.000034 719.226330 0.019160
278.501945 2016 2681.512392 51.149291 9154.708539 352.420077 0.140733 0.008646 -51.321464 1.449417 -4.762077 1.970171 45.612947 2.490925 73.938959 nan 3.871688 0.000035 719.227974 0.019383
285.501945 2016 1512.221753 32.965149 5764.620953 543.755552 0.125591 0.003267 -52.816687 1.584034 -5.619921 1.314009 37.118997 1.043983 73.137925 nan 3.871684 0.000035 719.229809 0.019690
292.501945 2016 1869.437758 30.174619 5056.319106 173.926366 0.152541 0.008677 -56.683497 3.383395 -6.674595 2.200147 40.294462 1.016899 79.799871 nan 3.871683 0.000036 719.230830 0.020022
299.501945 2016 2685.304581 58.504691 9686.316527 825.203914 0.092162 0.014477 -60.697414 1.242767 -15.824737 2.440278 38.669932 3.637789 64.789199 nan 3.871683 0.000036 719.230558 0.020308
306.501945 2016 2328.805667 45.514110 8516.887181 412.014335 0.129861 0.003047 -60.718964 1.401619 -12.573323 1.399623 34.766540 1.397627 73.113972 nan 3.871682 0.000037 719.231596 0.020699
313.501945 2016 862.819266 16.762162 3008.665588 184.703738 0.118954 0.003639 -60.594395 1.698168 -14.698975 1.596957 37.980088 1.495745 65.843441 nan 3.871680 0.000038 719.232274 0.020999
327.501945 2016 595.227557 12.880425 1814.428753 152.554320 0.118029 0.005788 -60.728118 2.771032 -14.942075 2.102166 25.266352 1.433300 59.072721 nan 3.871682 0.000039 719.231713 0.021846
334.501945 2016 628.365481 9.820225 1869.475540 43.685068 0.134337 0.001998 -58.839720 1.139163 -15.823954 1.270587 24.682433 1.402012 62.923387 nan 3.871861 0.000042 719.132332 0.023245
341.501945 2016 571.013125 11.683237 1880.088554 163.648049 0.124918 0.003943 -54.162458 1.145628 -15.404179 1.357158 25.649477 1.568688 56.387110 nan 3.871858 0.000043 719.133938 0.023936
348.501945 2016 608.811610 9.074405 1718.284884 46.193138 0.138703 0.002798 -52.362873 1.117183 -13.542956 1.266115 29.226536 1.415047 58.212410 nan 3.871858 0.000044 719.134080 0.024409
355.501945 2016 844.633223 17.795348 2464.758747 229.442238 0.133103 0.003676 -45.878015 0.966419 -12.021097 1.192329 28.761306 1.418239 53.698295 nan 3.871860 0.000044 719.132821 0.024441
362.501945 2016 1169.126101 19.072609 3262.260384 102.170506 0.121863 0.010347 -42.965151 0.870218 -11.627084 1.593290 27.426617 2.316362 49.707375 nan 3.871858 0.000045 719.134273 0.024835
