168.502998 2014 78.336071 2.301010 368.849015 39.482251 1.957883 0.255700 -64.317798 3.114625 -14.154687 3.350183 34.929624 3.585741 54.658819 nan 3.871865 0.000007 719.127263 0.003874
189.502998 2014 12.455632 0.496993 112.848299 6.784511 0.105900 0.002455 -60.099119 0.000000 -23.452113 0.852651 14.900195 1.705301 73.294012 nan 3.871863 0.000007 719.128393 0.003769
210.502998 2014 12.897495 0.621343 97.673703 9.581215 -3.245222 0.570345 -59.376794 1.867625 -12.114079 1.908249 47.470853 1.948873 60.929414 nan 3.871843 0.000008 719.139504 0.004384
217.502998 2014 99.370074 2.286077 471.614836 18.310603 0.023380 0.005227 -58.503426 3.646088 -14.140545 3.781192 26.441782 3.916296 15.060302 nan 3.871838 0.000009 719.142488 0.004805
231.502998 2014 74.366554 1.947995 365.774869 30.247899 1.744328 0.277443 -48.789245 2.884256 -19.957132 3.158575 31.641960 3.432895 13.067361 nan 3.871835 0.000009 719.143958 0.004809
238.502998 2014 381.668440 10.790433 1673.587119 175.781384 0.000764 0.029477 -47.213403 3.748845 -10.853177 3.947867 35.007371 4.146888 25.990431 nan 3.871830 0.000009 719.147167 0.004907
245.502998 2014 545.071977 9.508059 1666.919344 65.772096 0.118439 0.001719 -44.383316 0.794465 -6.246223 1.057122 35.532234 1.319779 62.335250 nan 3.871825 0.000009 719.149640 0.005204
252.502998 2014 246.724840 4.568114 724.081770 48.123348 0.087312 0.019956 -40.725012 1.298066 -3.376089 1.290016 37.227123 1.281966 56.677309 nan 3.871822 0.000010 719.151293 0.005363
259.502998 2014 217.813899 4.955568 976.939779 55.371036 -0.599553 0.209576 -33.997092 2.103264 -1.392493 1.674496 38.677266 1.245728 49.827237 nan 3.871818 0.000011 719.153618 0.005884
266.502998 2014 370.717797 7.991069 1248.447410 95.001697 0.093361 0.007360 -38.087965 3.034786 -1.342259 3.273118 45.999328 3.511450 52.532047 nan 3.871812 0.000010 719.157102 0.005786
273.502998 2014 459.713093 8.065340 1562.652877 33.024306 0.114713 0.001609 -35.812736 0.443742 1.049284 0.902866 48.674345 1.361990 66.646692 nan 3.871810 0.000010 719.158413 0.005558
280.502998 2014 299.629323 5.552851 943.211823 48.628528 0.106805 0.002298 -36.256449 0.670690 2.420656 1.080632 51.222735 1.490573 64.528624 nan 3.871806 0.000010 719.160614 0.005705
287.502998 2014 308.625240 6.323114 840.255051 67.764150 0.108729 0.001637 -37.971395 0.620694 2.723023 0.974181 50.183657 1.327668 67.875148 nan 3.871804 0.000011 719.161466 0.006072
294.502998 2014 611.653339 11.786030 2084.723851 93.074124 0.116850 0.001710 -46.203475 0.805875 3.221151 1.137303 57.275310 1.468730 75.115498 nan 3.871801 0.000011 719.163484 0.006189
301.502998 2014 435.731973 7.577961 1439.109813 26.598462 0.112042 0.001204 -43.266168 0.683783 2.128593 0.970700 51.763106 1.257617 74.129869 nan 3.871794 0.000011 719.166874 0.006248
315.502998 2014 325.459819 7.227966 956.475350 96.145677 0.103879 0.001925 -49.768271 1.207259 -1.099502 1.137053 45.870360 1.066848 71.294302 nan 3.871789 0.000012 719.169742 0.006432
322.502998 2014 469.017114 8.523657 1583.843921 57.486580 0.116535 0.001431 -55.827095 1.264092 -3.920323 1.174519 48.560136 1.084945 80.544729 nan 3.871788 0.000011 719.170333 0.006218
329.502998 2014 223.356552 3.807913 705.350266 26.627704 0.109641 0.001781 -58.766599 1.430433 -6.318982 1.155144 41.165053 0.879856 76.244341 nan 3.871786 0.000011 719.171730 0.006191
336.502998 2014 192.689903 3.569034 593.749075 40.338426 0.103364 0.003941 -66.287885 1.957107 -9.400514 1.655815 39.703070 1.354524 71.641346 nan 3.871783 0.000012 719.173211 0.006469
343.502998 2014 761.115305 13.353947 2289.353589 69.461629 0.127002 0.008736 -68.695753 1.564083 -12.838258 1.934403 35.370166 2.304724 78.783169 nan 3.871781 0.000011 719.174384 0.006356
350.502998 2014 418.423219 7.229923 1190.323745 49.639432 0.113037 0.001758 -70.430807 1.580551 -14.653386 1.242573 38.447021 0.904595 76.575132 nan 3.871779 0.000011 719.175471 0.006177
357.502998 2014 359.117633 7.590975 1170.455786 87.014173 0.100792 0.003040 -64.936048 1.643612 -16.833222 1.472244 26.462813 1.300876 67.305403 nan 3.871770 0.000011 719.180519 0.005976
6.502998 2015 655.248740 14.594371 2567.771715 206.575737 0.104722 0.002676 -61.032881 1.496130 -18.691763 1.301590 23.951656 1.107051 65.581456 nan 3.871765 0.000010 719.183357 0.005455
13.502998 2015 176.231015 3.158068 405.233107 28.566919 0.110920 0.001961 -60.672991 1.222724 -18.090320 1.201321 25.496588 1.179917 66.783408 nan 3.871765 0.000009 719.183217 0.005065
20.502998 2015 81.469479 1.441465 219.208921 16.744627 -1.880568 0.374701 -57.121042 0.858982 -11.682928 2.367693 42.630179 3.876404 77.799400 nan 3.871764 0.000010 719.183918 0.005395
27.502998 2015 153.902113 2.853842 505.085077 25.558457 0.056360 0.031178 -56.073329 4.221595 -13.689163 3.997276 48.348480 3.772956 53.212873 nan 3.871761 0.000010 719.185261 0.005560
34.502998 2015 500.855762 8.691940 1416.914413 52.778686 0.117564 0.002737 -53.066095 1.229268 -13.758013 1.282109 28.685771 1.334950 63.218378 nan 3.871755 0.000008 719.188731 0.004337
41.502998 2015 205.466106 3.730188 574.693024 33.496319 0.102644 0.002249 -49.313636 1.234851 -12.406668 1.288873 26.524673 1.342895 55.142620 nan 3.871753 0.000007 719.189706 0.003770
48.502998 2015 262.083299 6.103942 924.894193 80.500435 0.037353 0.039018 -44.506593 1.387328 -10.589006 1.812757 27.495079 2.238185 48.358657 nan 3.871742 0.000007 719.195779 0.003957
55.502998 2015 323.772357 6.896385 928.726921 75.668590 0.106297 0.003315 -44.516603 1.354563 -7.557635 1.459021 31.876945 1.563478 56.252220 nan 3.871744 0.000007 719.194815 0.003870
62.502998 2015 676.983859 13.253530 2206.079027 139.808168 0.111236 0.002638 -43.151051 0.949090 -5.433813 1.339603 34.516314 1.730116 59.618632 nan 3.871743 0.000007 719.195695 0.003867
69.502998 2015 378.833162 6.603516 1037.129831 55.551201 0.115043 0.002223 -41.965222 0.958400 -2.829848 1.134609 37.385544 1.310819 62.658886 nan 3.871739 0.000007 719.197576 0.003668
76.502998 2015 1629.127783 46.819138 10040.261934 818.595525 0.108141 0.004334 -42.856002 1.427768 -0.497955 1.563374 41.352546 1.698979 61.118506 nan 3.871735 0.000005 719.199824 0.002800
90.502998 2015 629.997840 12.285161 2476.891023 92.070905 0.108034 0.001351 -34.831761 0.572255 1.741209 0.887031 47.404276 1.201808 65.238593 nan 3.871730 0.000003 719.202422 0.001676
97.502998 2015 402.175930 8.150694 1545.473322 125.798661 0.108141 0.004316 -37.613615 1.196169 2.218799 1.492995 47.635297 1.789821 67.309337 nan 3.871721 0.000004 719.207450 0.002285
104.502998 2015 1028.163465 25.689487 4217.520597 492.429303 0.062947 0.018809 -39.775877 0.727610 -2.010899 2.470827 49.803762 4.214045 59.352259 nan 3.871720 0.000004 719.208468 0.002176
111.502998 2015 1165.597368 22.745694 4205.455979 258.032354 0.122812 0.001559 -45.577305 0.616712 1.408422 0.902037 49.465916 1.187362 80.567735 nan 3.871718 0.000004 719.209465 0.002217
118.502998 2015 482.222835 9.257917 1682.439547 77.196625 0.104342 0.002560 -45.920150 0.852925 0.190140 1.014035 49.422814 1.175146 70.154079 nan 3.871715 0.000003 719.210920 0.001918
125.502998 2015 308.167835 5.866092 1026.574098 57.117896 0.097190 0.002425 -47.882581 1.154957 -1.338522 1.031029 40.817490 0.907100 66.401740 nan 3.871712 0.000003 719.212584 0.001896
132.502998 2015 735.691375 16.587600 2777.440183 254.871673 0.099028 0.009142 -54.565603 1.434778 -5.291571 2.017630 42.770535 2.600482 72.031688 nan 3.871709 0.000003 719.214268 0.001903
139.502998 2015 470.372235 9.236072 1417.638650 113.784562 0.117410 0.001620 -56.914157 1.161354 -6.458338 0.977197 42.452798 0.793041 80.935256 nan 3.871706 0.000003 719.215786 0.001881
146.502998 2015 126.307113 2.237657 415.427621 13.796440 0.072648 0.002822 -51.014531 1.264857 -9.509736 1.206654 29.343451 1.148451 50.435011 nan 3.871703 0.000003 719.217414 0.001770
153.502998 2015 71.568701 1.208468 234.487378 7.709689 0.013892 0.019991 -37.787860 1.254210 -12.781292 1.117374 8.618538 0.980538 23.260845 nan 3.871699 0.000003 719.220076 0.001547
160.502998 2015 578.991943 11.282798 2059.891303 56.823015 0.049102 0.044871 -69.734351 2.456813 -14.083243 2.385482 35.422718 2.314151 74.382639 nan 3.871698 0.000003 719.220567 0.001531
167.502998 2015 535.495086 9.761856 1601.711162 82.480013 0.119842 0.001336 -66.460818 1.517937 -16.609984 1.110885 29.516202 0.703833 79.440518 nan 3.871694 0.000003 719.222894 0.001438
181.502153 2015 976.044628 18.180094 3657.419090 130.416020 0.126895 0.001533 -70.276039 1.338924 -18.220696 1.212873 29.382028 1.086822 78.716336 nan 3.871684 0.000003 719.228202 0.001424
188.502153 2015 474.192619 9.658437 1426.313287 142.195199 0.112041 0.002973 -65.658044 1.600911 -19.326610 1.449827 23.152075 1.298742 67.426761 nan 3.871685 0.000002 719.227784 0.001352
195.502153 2015 786.908870 15.471694 2417.704883 162.034364 0.124544 0.001958 -64.615850 1.150776 -18.325003 1.243118 27.078850 1.335459 70.896377 nan 3.871682 0.000002 719.229470 0.001277
202.502153 2015 564.056789 11.926170 1700.153412 145.512088 0.112041 0.003016 -61.761566 1.255886 -17.731121 1.395944 24.690938 1.536002 62.228037 nan 3.871679 0.000003 719.231273 0.001394
209.502153 2015 299.787424 4.723497 793.726559 30.454359 0.118233 0.002533 -57.583409 1.070234 -16.141814 1.213747 25.932890 1.357260 63.025151 nan 3.871678 0.000003 719.231896 0.001407
216.502153 2015 286.241496 6.164780 829.768195 82.079644 0.120343 0.005193 -53.720749 1.986393 -13.239570 1.762402 29.952560 1.538412 62.411991 nan 3.871674 0.000002 719.233730 0.001375
223.502153 2015 378.920790 7.322763 1296.599367 57.742154 0.116896 0.003051 -50.305286 0.895083 -12.418806 1.248085 29.958996 1.601086 59.801112 nan 3.871671 0.000003 719.235673 0.001548
230.502153 2015 2202.133307 44.541272 8271.237129 260.266024 0.104187 0.012937 -46.932053 0.789586 -11.143391 1.555924 35.334648 2.322263 58.919170 nan 3.871668 0.000003 719.237283 0.001740
237.502153 2015 1259.132500 30.280759 5388.666831 514.532184 0.107017 0.003711 -42.990201 1.152923 -7.561320 1.312247 33.665580 1.471570 55.125483 nan 3.871665 0.000003 719.238629 0.001843
244.502153 2015 1078.672934 22.942781 4234.927759 391.028115 0.120857 0.002495 -43.743012 0.778618 -5.789006 1.031748 37.457036 1.284879 62.070722 nan 3.871863 0.000003 719.128615 0.001632
251.502153 2015 1773.796702 46.060797 8212.160929 952.616388 0.114066 0.003582 -39.236039 0.942494 -3.232226 1.257445 42.548724 1.572396 60.288932 nan 3.871865 0.000003 719.127476 0.001632
258.502153 2015 1330.552541 25.417277 4659.524427 292.841306 0.122781 0.002395 -42.142227 0.625757 -2.568264 1.081006 45.953556 1.536254 66.539983 nan 3.871862 0.000003 719.128867 0.001738
265.502153 2015 906.610245 19.277921 3489.208963 325.140661 0.120216 0.002339 -39.121614 0.600792 -0.489323 1.033227 47.617871 1.465663 67.792369 nan 3.871861 0.000003 719.129389 0.001736
272.502153 2015 332.554844 5.976192 1036.431897 56.623288 0.107233 0.002927 nan 2.458849 nan nan nan nan nan nan nan nan nan nan
279.502153 2015 1808.253653 47.620184 6526.831908 845.315624 0.121191 0.010102 -44.816555 2.955250 2.206625 2.358232 51.893955 1.761214 65.115472 nan 3.871854 0.000004 719.133297 0.002082
286.502153 2015 2654.451237 52.893026 9774.171926 299.413043 0.118774 0.001631 -46.289877 0.815710 0.836259 1.124704 52.004801 1.433698 74.564185 nan 3.871851 0.000004 719.135133 0.002313
293.502153 2015 920.100637 20.027784 3618.119447 303.692954 0.115146 0.001298 -45.820953 0.810820 0.365704 0.953298 50.700821 1.095775 74.478980 nan 3.871840 0.000004 719.141426 0.002301
300.502153 2015 304.368330 6.159380 1190.982654 69.844591 0.091428 0.003140 -44.470200 1.239070 -0.659045 1.241243 43.255587 1.243416 60.856342 nan 3.871838 0.000004 719.142590 0.002350
307.502153 2015 992.698846 25.625406 5033.456413 417.099587 0.109384 0.004171 -66.785129 1.918748 -3.022382 1.844481 50.823224 1.770215 73.492274 nan 3.871835 0.000004 719.144283 0.002358
314.502153 2015 2540.205371 49.844720 9145.629940 267.266374 0.130582 0.008794 -64.489952 1.562742 -5.755457 2.287943 49.573053 3.013144 79.819118 nan 3.871831 0.000004 719.146632 0.002393
321.502153 2015 1290.809911 27.977272 5164.485659 331.296266 0.112883 0.001199 -62.410160 1.556477 -6.927461 1.234239 48.070343 0.912000 77.333550 nan 3.871827 0.000004 719.148640 0.002389
335.502153 2015 326.078072 5.802079 973.215667 40.636151 0.110172 0.004549 -67.616489 2.241344 -12.655027 1.829784 34.863287 1.418224 74.452309 nan 3.871821 0.000004 719.151720 0.002373
342.502153 2015 531.540939 8.824096 1633.244815 50.245431 0.132184 0.008718 -67.854873 1.366708 -15.846608 1.686548 33.635601 2.006388 79.877031 nan 3.871819 0.000004 719.153075 0.002381
349.502153 2015 432.886146 7.902935 1238.084431 78.740809 0.120806 0.002029 -65.950759 1.494561 -17.000746 1.170536 28.768667 0.846510 78.521657 nan 3.871815 0.000004 719.155278 0.002391
356.502153 2015 1304.222986 30.518080 6473.171566 440.062271 0.110545 0.004160 -62.767296 1.415187 -18.780254 1.543923 29.281072 1.672660 69.684978 nan 3.871814 0.000004 719.155896 0.002390
5.502153 2016 1265.372485 25.442809 4458.436013 339.329493 0.126208 0.001820 -63.418669 1.139401 -18.435946 1.208709 28.061749 1.278017 72.954159 nan 3.871806 0.000005 719.160324 0.002553
12.502153 2016 509.994977 8.543891 1514.417510 83.764256 0.122864 0.001978 -59.764691 1.195253 -17.862208 1.262675 26.889353 1.330098 68.318963 nan 3.871802 0.000005 719.162318 0.002659
19.502153 2016 561.092322 13.207307 2132.262084 238.037150 0.105628 0.003794 -57.917224 1.286470 -17.859618 1.480955 23.271206 1.675441 57.250823 nan 3.871800 0.000005 719.163565 0.002735
26.502153 2016 525.953738 9.232555 1436.359463 77.949708 0.118491 0.003807 -56.591486 1.309104 -15.101943 1.442451 27.455370 1.575797 61.347642 nan 3.871798 0.000005 719.164971 0.002900
33.502153 2016 133.848687 2.446146 430.390810 16.628109 0.090296 0.005592 -49.724301 1.567310 -14.275366 1.959120 24.890399 2.350931 47.392883 nan 3.871794 0.000006 719.166962 0.003107
40.502153 2016 251.412955 5.094599 801.897348 45.267720 0.006900 0.046058 -49.912924 1.767808 -14.367929 2.399776 26.359865 3.031745 48.480345 nan 3.871790 0.000006 719.169196 0.003295
47.502153 2016 1157.087454 27.689434 5741.805554 127.097722 0.117307 0.003261 -51.190847 1.167248 -8.915813 1.444863 32.536378 1.722479 59.247100 nan 3.871788 0.000006 719.170314 0.003455
54.502153 2016 1279.527481 25.093310 4296.155669 201.900228 0.117976 0.002013 -47.159292 0.832538 -6.741024 1.083756 32.837659 1.334974 60.542125 nan 3.871788 0.000006 719.170457 0.003543
61.502153 2016 544.676015 11.696480 2085.989106 104.543705 0.093021 0.001849 -39.648952 0.819588 -4.537478 1.012716 30.210815 1.205844 50.077978 nan 3.871783 0.000007 719.173199 0.003865
68.502153 2016 763.572195 15.554927 2681.977659 136.525902 0.108301 0.003172 -40.244917 1.024508 -2.247737 1.215816 37.329464 1.407123 59.156362 nan 3.871779 0.000007 719.175150 0.004052
75.502153 2016 812.969320 15.811252 2886.066158 134.333657 0.115728 0.002435 -40.206907 0.741165 -1.121879 1.022396 39.354776 1.303627 65.240395 nan 3.871778 0.000008 719.176222 0.004211
82.502153 2016 701.724077 13.844080 2393.911570 117.371462 0.112148 0.001260 -36.848634 0.433743 -0.144003 0.718369 41.830427 1.002995 65.645358 nan 3.871777 0.000008 719.176786 0.004289
89.502153 2016 242.991663 3.807140 601.307131 22.309086 0.118560 0.002967 nan nan nan nan nan nan nan nan nan nan nan nan
96.502153 2016 553.640952 10.243913 1640.619970 81.322395 0.115764 0.002001 -42.261673 0.611609 0.098499 0.838244 44.236730 1.064880 72.293581 nan 3.871775 0.000008 719.177788 0.004686
103.502153 2016 760.119620 18.427823 3149.127747 266.127009 0.111236 0.002632 -45.945963 0.999043 -0.186090 1.077320 47.709142 1.155598 71.560870 nan 3.871777 0.000008 719.176503 0.004694
110.502153 2016 785.225881 15.500627 2637.219521 130.525466 0.112831 0.001615 -46.307917 0.700313 -1.253040 0.722033 43.891858 0.743754 74.077991 nan 3.871761 0.000009 719.185545 0.004741
117.502153 2016 258.282527 3.903764 599.504416 28.889317 0.122349 0.001804 -52.552365 0.944985 -3.006094 0.983479 45.779048 1.021973 81.395244 nan 3.871758 0.000009 719.187408 0.004771
124.502153 2016 895.147661 18.134208 3115.788770 137.759886 0.117256 0.001811 -54.996282 1.081405 -5.301058 0.935059 41.058999 0.788713 78.998155 nan 3.871752 0.000009 719.190351 0.004776
131.502153 2016 2595.452620 53.679782 10488.176851 499.534989 0.120549 0.003240 -61.629020 1.740804 -6.906473 1.388940 43.163970 1.037075 81.515463 nan 3.871749 0.000009 719.191881 0.004752
138.502153 2016 1201.350309 24.622329 4824.635589 223.995400 0.115621 0.001366 -59.794540 1.360962 -10.133037 0.871026 33.087117 0.381089 78.588293 nan 3.871746 0.000008 719.193937 0.004711
145.502153 2016 527.175958 9.994788 1942.202245 79.797179 0.111187 0.002834 -61.475857 1.506697 -13.077147 1.322151 31.457388 1.137606 75.015094 nan 3.871742 0.000008 719.196255 0.004630
152.502153 2016 315.511007 4.681478 723.261921 18.364637 0.122995 0.001096 -63.971904 1.465562 -15.157277 1.079396 32.958807 0.693231 81.479928 nan 3.871738 0.000008 719.198425 0.004521
159.502153 2016 617.495150 12.705919 2023.701035 121.076403 0.114232 0.004376 -69.353531 1.837494 -17.688916 1.787926 30.333399 1.738357 74.226690 nan 3.871735 0.000008 719.199831 0.004410
166.502153 2016 362.210510 6.102746 961.996723 45.957731 0.118667 0.001409 -69.542174 1.442650 -18.769816 1.200583 24.791467 0.958515 74.896547 nan 3.871732 0.000008 719.201752 0.004265
173.502153 2016 207.930916 3.015497 497.886679 20.002764 0.101890 0.020706 -67.801108 1.281749 -19.831603 1.278875 25.084916 1.276001 73.248499 nan 3.871728 0.000007 719.203867 0.004121
180.502153 2016 179.133451 2.951784 590.201647 23.456970 0.124330 0.001893 -67.015635 1.194725 -19.500069 1.230854 25.300392 1.266984 71.752884 nan 3.871725 0.000007 719.205576 0.003944
187.502153 2016 184.048917 4.710685 577.197892 71.673904 0.088853 0.022977 -63.032100 2.692937 -18.268387 2.074133 25.739532 1.455330 60.848576 nan 3.871723 0.000007 719.206783 0.003772
194.502153 2016 547.673592 8.951644 1674.650021 52.672438 0.126620 0.001878 -59.568551 0.849238 -17.903205 1.060721 25.389835 1.272205 66.614970 nan 3.871720 0.000006 719.208338 0.003569
201.502153 2016 304.434504 5.981949 940.480522 74.314626 0.112419 0.005001 -55.485029 1.312533 -17.609877 1.684143 24.707577 2.055753 57.860771 nan 3.871717 0.000006 719.210129 0.003369
208.502153 2016 494.481878 9.737971 1658.566398 105.014644 0.117462 0.004960 -51.284431 1.490676 -14.598971 1.583189 25.974919 1.675702 57.878917 nan 3.871714 0.000006 719.211870 0.003188
215.502153 2016 674.793872 13.996202 1994.859366 165.219196 0.122813 0.003359 -50.443666 0.838808 -12.911022 1.205965 30.819974 1.573123 59.665368 nan 3.871709 0.000005 719.214123 0.002881
222.502153 2016 949.436803 15.516713 2680.760613 63.390597 0.128009 0.002113 -47.746587 0.660758 -10.680045 1.010587 32.550483 1.360416 61.547674 nan 3.871709 0.000005 719.214168 0.002876
229.502153 2016 520.367521 9.269803 1511.869987 80.065670 0.117513 0.002464 -47.548464 0.813391 -9.125461 1.075093 32.277711 1.336795 57.354309 nan 3.871705 0.000005 719.216381 0.002689
243.502153 2016 817.735925 22.932783 2388.249005 375.480483 0.073178 0.018856 -42.310577 0.581267 -8.172651 1.815671 43.999866 3.050075 52.773762 nan 3.871701 0.000004 719.219018 0.002433
257.502153 2016 1140.404607 24.446634 4427.271838 226.050523 0.109530 0.001975 -38.527513 0.554538 -1.906846 0.838369 39.765632 1.122200 60.082079 nan 3.871693 0.000004 719.223434 0.002220
264.502153 2016 368.969856 7.568077 926.942086 83.400115 0.116423 0.004051 -41.489237 1.160797 -0.606985 1.372691 46.947830 1.584585 65.976923 nan 3.871700 0.000004 719.219466 0.002311
271.502153 2016 1813.723978 45.499570 7937.148215 627.569991 0.101409 0.012797 -45.264672 2.700921 0.034053 2.602193 48.189060 2.503465 65.587789 nan 3.871687 0.000004 719.226369 0.002161
278.502153 2016 2326.099519 45.491845 8181.050639 252.450197 0.123018 0.001166 -45.457262 0.691437 -0.402563 0.822594 50.978496 0.953751 74.776591 nan 3.871683 0.000004 719.228585 0.002195
285.502153 2016 1244.180905 27.557425 5230.225843 432.252962 0.115815 0.002321 -49.207428 1.160804 -0.696926 1.191484 47.294410 1.222164 72.952144 nan 3.871679 0.000004 719.231292 0.002258
292.502153 2016 1614.948045 26.822452 4588.483709 99.023535 0.135469 0.001444 -57.545490 1.219010 -1.586054 1.145005 52.541536 1.071000 86.546130 nan 3.871675 0.000004 719.233211 0.002346
299.502153 2016 2121.761559 49.036344 7606.217457 679.510543 0.114323 0.002680 -58.749372 1.604303 -3.666776 1.323680 46.202118 1.043058 75.223758 nan 3.871673 0.000004 719.234540 0.002448
306.502153 2016 2017.179064 41.044135 7436.177559 378.749087 0.122710 0.001562 -60.230759 1.378724 -5.389579 1.067547 43.354854 0.756370 81.451352 nan 3.871668 0.000005 719.237024 0.002627
313.502153 2016 719.090833 15.581138 2475.385929 211.462756 0.106606 0.003258 -62.186548 1.806819 -8.456585 1.449664 35.819447 1.092509 71.663906 nan 3.871846 0.000006 719.138298 0.003209
320.502153 2016 422.116152 6.584953 1297.498405 24.540129 0.129244 0.001563 -67.474905 1.483212 -10.391539 1.083552 40.061673 0.683892 85.827286 nan 3.871842 0.000006 719.140272 0.003442
327.502153 2016 428.986820 9.180679 1309.646203 107.411070 0.113757 0.002873 -65.935954 1.655492 -13.479857 1.351272 35.282055 1.047053 75.567033 nan 3.871839 0.000007 719.141987 0.003676
334.502153 2016 565.273214 9.105525 1766.482076 33.388908 0.126681 0.001218 -65.095354 1.250248 -15.406622 1.037658 31.703732 0.825069 82.151762 nan 3.871835 0.000007 719.144048 0.003905
341.502153 2016 396.167694 7.099207 1217.964859 65.179898 0.112843 0.003142 -62.398025 1.441203 -17.483129 1.410622 29.512511 1.380041 72.025125 nan 3.871830 0.000008 719.147241 0.004392
348.502153 2016 517.649775 7.961081 1539.161352 26.440596 0.129887 0.001536 -65.798553 1.139549 -18.540449 1.123052 30.141122 1.106555 79.268607 nan 3.871825 0.000008 719.149971 0.004716
355.502153 2016 584.456407 12.237516 1721.620758 140.326275 0.114117 0.003072 -65.250436 1.146429 -19.949344 1.308975 28.087023 1.471521 67.801224 nan 3.871825 0.000008 719.149674 0.004719
362.502153 2016 985.724367 16.620772 2924.516277 73.790419 0.124768 0.002781 -62.497024 1.332485 -19.175325 1.312945 26.412847 1.293406 70.169078 nan 3.871822 0.000009 719.151690 0.005042
168.502998 2014 78.336071 2.301010 368.849015 39.482251 1.957883 0.255700 -64.317798 3.114625 -14.154687 3.350183 34.929624 3.585741 54.658819 nan 3.871865 0.000007 719.127263 0.003874
189.502998 2014 12.455632 0.496993 112.848299 6.784511 0.105900 0.002455 -60.099119 0.000000 -23.452113 0.852651 14.900195 1.705301 73.294012 nan 3.871863 0.000007 719.128393 0.003769
210.502998 2014 12.897495 0.621343 97.673703 9.581215 -3.245222 0.570345 -59.376794 1.867625 -12.114079 1.908249 47.470853 1.948873 60.929414 nan 3.871843 0.000008 719.139504 0.004384
217.502998 2014 99.370074 2.286077 471.614836 18.310603 0.023380 0.005227 -58.503426 3.646088 -14.140545 3.781192 26.441782 3.916296 15.060302 nan 3.871838 0.000009 719.142488 0.004805
231.502998 2014 74.366554 1.947995 365.774869 30.247899 1.744328 0.277443 -48.789245 2.884256 -19.957132 3.158575 31.641960 3.432895 13.067361 nan 3.871835 0.000009 719.143958 0.004809
238.502998 2014 381.668440 10.790433 1673.587119 175.781384 0.000764 0.029477 -47.213403 3.748845 -10.853177 3.947867 35.007371 4.146888 25.990431 nan 3.871830 0.000009 719.147167 0.004907
245.502998 2014 545.071977 9.508059 1666.919344 65.772096 0.118439 0.001719 -44.383316 0.794465 -6.246223 1.057122 35.532234 1.319779 62.335250 nan 3.871825 0.000009 719.149640 0.005204
252.502998 2014 246.724840 4.568114 724.081770 48.123348 0.087312 0.019956 -40.725012 1.298066 -3.376089 1.290016 37.227123 1.281966 56.677309 nan 3.871822 0.000010 719.151293 0.005363
259.502998 2014 217.813899 4.955568 976.939779 55.371036 -0.599553 0.209576 -33.997092 2.103264 -1.392493 1.674496 38.677266 1.245728 49.827237 nan 3.871818 0.000011 719.153618 0.005884
266.502998 2014 370.717797 7.991069 1248.447410 95.001697 0.093361 0.007360 -38.087965 3.034786 -1.342259 3.273118 45.999328 3.511450 52.532047 nan 3.871812 0.000010 719.157102 0.005786
273.502998 2014 459.713093 8.065340 1562.652877 33.024306 0.114713 0.001609 -35.812736 0.443742 1.049284 0.902866 48.674345 1.361990 66.646692 nan 3.871810 0.000010 719.158413 0.005558
280.502998 2014 299.629323 5.552851 943.211823 48.628528 0.106805 0.002298 -36.256449 0.670690 2.420656 1.080632 51.222735 1.490573 64.528624 nan 3.871806 0.000010 719.160614 0.005705
287.502998 2014 308.625240 6.323114 840.255051 67.764150 0.108729 0.001637 -37.971395 0.620694 2.723023 0.974181 50.183657 1.327668 67.875148 nan 3.871804 0.000011 719.161466 0.006072
294.502998 2014 611.653339 11.786030 2084.723851 93.074124 0.116850 0.001710 -46.203475 0.805875 3.221151 1.137303 57.275310 1.468730 75.115498 nan 3.871801 0.000011 719.163484 0.006189
301.502998 2014 435.731973 7.577961 1439.109813 26.598462 0.112042 0.001204 -43.266168 0.683783 2.128593 0.970700 51.763106 1.257617 74.129869 nan 3.871794 0.000011 719.166874 0.006248
315.502998 2014 325.459819 7.227966 956.475350 96.145677 0.103879 0.001925 -49.768271 1.207259 -1.099502 1.137053 45.870360 1.066848 71.294302 nan 3.871789 0.000012 719.169742 0.006432
322.502998 2014 469.017114 8.523657 1583.843921 57.486580 0.116535 0.001431 -55.827095 1.264092 -3.920323 1.174519 48.560136 1.084945 80.544729 nan 3.871788 0.000011 719.170333 0.006218
329.502998 2014 223.356552 3.807913 705.350266 26.627704 0.109641 0.001781 -58.766599 1.430433 -6.318982 1.155144 41.165053 0.879856 76.244341 nan 3.871786 0.000011 719.171730 0.006191
336.502998 2014 192.689903 3.569034 593.749075 40.338426 0.103364 0.003941 -66.287885 1.957107 -9.400514 1.655815 39.703070 1.354524 71.641346 nan 3.871783 0.000012 719.173211 0.006469
343.502998 2014 761.115305 13.353947 2289.353589 69.461629 0.127002 0.008736 -68.695753 1.564083 -12.838258 1.934403 35.370166 2.304724 78.783169 nan 3.871781 0.000011 719.174384 0.006356
350.502998 2014 418.423219 7.229923 1190.323745 49.639432 0.113037 0.001758 -70.430807 1.580551 -14.653386 1.242573 38.447021 0.904595 76.575132 nan 3.871779 0.000011 719.175471 0.006177
357.502998 2014 359.117633 7.590975 1170.455786 87.014173 0.100792 0.003040 -64.936048 1.643612 -16.833222 1.472244 26.462813 1.300876 67.305403 nan 3.871770 0.000011 719.180519 0.005976
6.502998 2015 655.248740 14.594371 2567.771715 206.575737 0.104722 0.002676 -61.032881 1.496130 -18.691763 1.301590 23.951656 1.107051 65.581456 nan 3.871765 0.000010 719.183357 0.005455
13.502998 2015 176.231015 3.158068 405.233107 28.566919 0.110920 0.001961 -60.672991 1.222724 -18.090320 1.201321 25.496588 1.179917 66.783408 nan 3.871765 0.000009 719.183217 0.005065
20.502998 2015 81.469479 1.441465 219.208921 16.744627 -1.880568 0.374701 -57.121042 0.858982 -11.682928 2.367693 42.630179 3.876404 77.799400 nan 3.871764 0.000010 719.183918 0.005395
27.502998 2015 153.902113 2.853842 505.085077 25.558457 0.056360 0.031178 -56.073329 4.221595 -13.689163 3.997276 48.348480 3.772956 53.212873 nan 3.871761 0.000010 719.185261 0.005560
34.502998 2015 500.855762 8.691940 1416.914413 52.778686 0.117564 0.002737 -53.066095 1.229268 -13.758013 1.282109 28.685771 1.334950 63.218378 nan 3.871755 0.000008 719.188731 0.004337
41.502998 2015 205.466106 3.730188 574.693024 33.496319 0.102644 0.002249 -49.313636 1.234851 -12.406668 1.288873 26.524673 1.342895 55.142620 nan 3.871753 0.000007 719.189706 0.003770
48.502998 2015 262.083299 6.103942 924.894193 80.500435 0.037353 0.039018 -44.506593 1.387328 -10.589006 1.812757 27.495079 2.238185 48.358657 nan 3.871742 0.000007 719.195779 0.003957
55.502998 2015 323.772357 6.896385 928.726921 75.668590 0.106297 0.003315 -44.516603 1.354563 -7.557635 1.459021 31.876945 1.563478 56.252220 nan 3.871744 0.000007 719.194815 0.003870
62.502998 2015 676.983859 13.253530 2206.079027 139.808168 0.111236 0.002638 -43.151051 0.949090 -5.433813 1.339603 34.516314 1.730116 59.618632 nan 3.871743 0.000007 719.195695 0.003867
69.502998 2015 378.833162 6.603516 1037.129831 55.551201 0.115043 0.002223 -41.965222 0.958400 -2.829848 1.134609 37.385544 1.310819 62.658886 nan 3.871739 0.000007 719.197576 0.003668
76.502998 2015 1629.127783 46.819138 10040.261934 818.595525 0.108141 0.004334 -42.856002 1.427768 -0.497955 1.563374 41.352546 1.698979 61.118506 nan 3.871735 0.000005 719.199824 0.002800
90.502998 2015 629.997840 12.285161 2476.891023 92.070905 0.108034 0.001351 -34.831761 0.572255 1.741209 0.887031 47.404276 1.201808 65.238593 nan 3.871730 0.000003 719.202422 0.001676
97.502998 2015 402.175930 8.150694 1545.473322 125.798661 0.108141 0.004316 -37.613615 1.196169 2.218799 1.492995 47.635297 1.789821 67.309337 nan 3.871721 0.000004 719.207450 0.002285
104.502998 2015 1028.163465 25.689487 4217.520597 492.429303 0.062947 0.018809 -39.775877 0.727610 -2.010899 2.470827 49.803762 4.214045 59.352259 nan 3.871720 0.000004 719.208468 0.002176
111.502998 2015 1165.597368 22.745694 4205.455979 258.032354 0.122812 0.001559 -45.577305 0.616712 1.408422 0.902037 49.465916 1.187362 80.567735 nan 3.871718 0.000004 719.209465 0.002217
118.502998 2015 482.222835 9.257917 1682.439547 77.196625 0.104342 0.002560 -45.920150 0.852925 0.190140 1.014035 49.422814 1.175146 70.154079 nan 3.871715 0.000003 719.210920 0.001918
125.502998 2015 308.167835 5.866092 1026.574098 57.117896 0.097190 0.002425 -47.882581 1.154957 -1.338522 1.031029 40.817490 0.907100 66.401740 nan 3.871712 0.000003 719.212584 0.001896
132.502998 2015 735.691375 16.587600 2777.440183 254.871673 0.099028 0.009142 -54.565603 1.434778 -5.291571 2.017630 42.770535 2.600482 72.031688 nan 3.871709 0.000003 719.214268 0.001903
139.502998 2015 470.372235 9.236072 1417.638650 113.784562 0.117410 0.001620 -56.914157 1.161354 -6.458338 0.977197 42.452798 0.793041 80.935256 nan 3.871706 0.000003 719.215786 0.001881
146.502998 2015 126.307113 2.237657 415.427621 13.796440 0.072648 0.002822 -51.014531 1.264857 -9.509736 1.206654 29.343451 1.148451 50.435011 nan 3.871703 0.000003 719.217414 0.001770
153.502998 2015 71.568701 1.208468 234.487378 7.709689 0.013892 0.019991 -37.787860 1.254210 -12.781292 1.117374 8.618538 0.980538 23.260845 nan 3.871699 0.000003 719.220076 0.001547
160.502998 2015 578.991943 11.282798 2059.891303 56.823015 0.049102 0.044871 -69.734351 2.456813 -14.083243 2.385482 35.422718 2.314151 74.382639 nan 3.871698 0.000003 719.220567 0.001531
167.502998 2015 535.495086 9.761856 1601.711162 82.480013 0.119842 0.001336 -66.460818 1.517937 -16.609984 1.110885 29.516202 0.703833 79.440518 nan 3.871694 0.000003 719.222894 0.001438
181.502153 2015 976.044628 18.180094 3657.419090 130.416020 0.126895 0.001533 -70.276039 1.338924 -18.220696 1.212873 29.382028 1.086822 78.716336 nan 3.871684 0.000003 719.228202 0.001424
188.502153 2015 474.192619 9.658437 1426.313287 142.195199 0.112041 0.002973 -65.658044 1.600911 -19.326610 1.449827 23.152075 1.298742 67.426761 nan 3.871685 0.000002 719.227784 0.001352
195.502153 2015 786.908870 15.471694 2417.704883 162.034364 0.124544 0.001958 -64.615850 1.150776 -18.325003 1.243118 27.078850 1.335459 70.896377 nan 3.871682 0.000002 719.229470 0.001277
202.502153 2015 564.056789 11.926170 1700.153412 145.512088 0.112041 0.003016 -61.761566 1.255886 -17.731121 1.395944 24.690938 1.536002 62.228037 nan 3.871679 0.000003 719.231273 0.001394
209.502153 2015 299.787424 4.723497 793.726559 30.454359 0.118233 0.002533 -57.583409 1.070234 -16.141814 1.213747 25.932890 1.357260 63.025151 nan 3.871678 0.000003 719.231896 0.001407
216.502153 2015 286.241496 6.164780 829.768195 82.079644 0.120343 0.005193 -53.720749 1.986393 -13.239570 1.762402 29.952560 1.538412 62.411991 nan 3.871674 0.000002 719.233730 0.001375
223.502153 2015 378.920790 7.322763 1296.599367 57.742154 0.116896 0.003051 -50.305286 0.895083 -12.418806 1.248085 29.958996 1.601086 59.801112 nan 3.871671 0.000003 719.235673 0.001548
230.502153 2015 2202.133307 44.541272 8271.237129 260.266024 0.104187 0.012937 -46.932053 0.789586 -11.143391 1.555924 35.334648 2.322263 58.919170 nan 3.871668 0.000003 719.237283 0.001740
237.502153 2015 1259.132500 30.280759 5388.666831 514.532184 0.107017 0.003711 -42.990201 1.152923 -7.561320 1.312247 33.665580 1.471570 55.125483 nan 3.871665 0.000003 719.238629 0.001843
244.502153 2015 1078.672934 22.942781 4234.927759 391.028115 0.120857 0.002495 -43.743012 0.778618 -5.789006 1.031748 37.457036 1.284879 62.070722 nan 3.871863 0.000003 719.128615 0.001632
251.502153 2015 1773.796702 46.060797 8212.160929 952.616388 0.114066 0.003582 -39.236039 0.942494 -3.232226 1.257445 42.548724 1.572396 60.288932 nan 3.871865 0.000003 719.127476 0.001632
258.502153 2015 1330.552541 25.417277 4659.524427 292.841306 0.122781 0.002395 -42.142227 0.625757 -2.568264 1.081006 45.953556 1.536254 66.539983 nan 3.871862 0.000003 719.128867 0.001738
265.502153 2015 906.610245 19.277921 3489.208963 325.140661 0.120216 0.002339 -39.121614 0.600792 -0.489323 1.033227 47.617871 1.465663 67.792369 nan 3.871861 0.000003 719.129389 0.001736
272.502153 2015 332.554844 5.976192 1036.431897 56.623288 0.107233 0.002927 nan 2.458849 nan nan nan nan nan nan nan nan nan nan
279.502153 2015 1808.253653 47.620184 6526.831908 845.315624 0.121191 0.010102 -44.816555 2.955250 2.206625 2.358232 51.893955 1.761214 65.115472 nan 3.871854 0.000004 719.133297 0.002082
286.502153 2015 2654.451237 52.893026 9774.171926 299.413043 0.118774 0.001631 -46.289877 0.815710 0.836259 1.124704 52.004801 1.433698 74.564185 nan 3.871851 0.000004 719.135133 0.002313
293.502153 2015 920.100637 20.027784 3618.119447 303.692954 0.115146 0.001298 -45.820953 0.810820 0.365704 0.953298 50.700821 1.095775 74.478980 nan 3.871840 0.000004 719.141426 0.002301
300.502153 2015 304.368330 6.159380 1190.982654 69.844591 0.091428 0.003140 -44.470200 1.239070 -0.659045 1.241243 43.255587 1.243416 60.856342 nan 3.871838 0.000004 719.142590 0.002350
307.502153 2015 992.698846 25.625406 5033.456413 417.099587 0.109384 0.004171 -66.785129 1.918748 -3.022382 1.844481 50.823224 1.770215 73.492274 nan 3.871835 0.000004 719.144283 0.002358
314.502153 2015 2540.205371 49.844720 9145.629940 267.266374 0.130582 0.008794 -64.489952 1.562742 -5.755457 2.287943 49.573053 3.013144 79.819118 nan 3.871831 0.000004 719.146632 0.002393
321.502153 2015 1290.809911 27.977272 5164.485659 331.296266 0.112883 0.001199 -62.410160 1.556477 -6.927461 1.234239 48.070343 0.912000 77.333550 nan 3.871827 0.000004 719.148640 0.002389
335.502153 2015 326.078072 5.802079 973.215667 40.636151 0.110172 0.004549 -67.616489 2.241344 -12.655027 1.829784 34.863287 1.418224 74.452309 nan 3.871821 0.000004 719.151720 0.002373
342.502153 2015 531.540939 8.824096 1633.244815 50.245431 0.132184 0.008718 -67.854873 1.366708 -15.846608 1.686548 33.635601 2.006388 79.877031 nan 3.871819 0.000004 719.153075 0.002381
349.502153 2015 432.886146 7.902935 1238.084431 78.740809 0.120806 0.002029 -65.950759 1.494561 -17.000746 1.170536 28.768667 0.846510 78.521657 nan 3.871815 0.000004 719.155278 0.002391
356.502153 2015 1304.222986 30.518080 6473.171566 440.062271 0.110545 0.004160 -62.767296 1.415187 -18.780254 1.543923 29.281072 1.672660 69.684978 nan 3.871814 0.000004 719.155896 0.002390
5.502153 2016 1265.372485 25.442809 4458.436013 339.329493 0.126208 0.001820 -63.418669 1.139401 -18.435946 1.208709 28.061749 1.278017 72.954159 nan 3.871806 0.000005 719.160324 0.002553
12.502153 2016 509.994977 8.543891 1514.417510 83.764256 0.122864 0.001978 -59.764691 1.195253 -17.862208 1.262675 26.889353 1.330098 68.318963 nan 3.871802 0.000005 719.162318 0.002659
19.502153 2016 561.092322 13.207307 2132.262084 238.037150 0.105628 0.003794 -57.917224 1.286470 -17.859618 1.480955 23.271206 1.675441 57.250823 nan 3.871800 0.000005 719.163565 0.002735
26.502153 2016 525.953738 9.232555 1436.359463 77.949708 0.118491 0.003807 -56.591486 1.309104 -15.101943 1.442451 27.455370 1.575797 61.347642 nan 3.871798 0.000005 719.164971 0.002900
33.502153 2016 133.848687 2.446146 430.390810 16.628109 0.090296 0.005592 -49.724301 1.567310 -14.275366 1.959120 24.890399 2.350931 47.392883 nan 3.871794 0.000006 719.166962 0.003107
40.502153 2016 251.412955 5.094599 801.897348 45.267720 0.006900 0.046058 -49.912924 1.767808 -14.367929 2.399776 26.359865 3.031745 48.480345 nan 3.871790 0.000006 719.169196 0.003295
47.502153 2016 1157.087454 27.689434 5741.805554 127.097722 0.117307 0.003261 -51.190847 1.167248 -8.915813 1.444863 32.536378 1.722479 59.247100 nan 3.871788 0.000006 719.170314 0.003455
54.502153 2016 1279.527481 25.093310 4296.155669 201.900228 0.117976 0.002013 -47.159292 0.832538 -6.741024 1.083756 32.837659 1.334974 60.542125 nan 3.871788 0.000006 719.170457 0.003543
61.502153 2016 544.676015 11.696480 2085.989106 104.543705 0.093021 0.001849 -39.648952 0.819588 -4.537478 1.012716 30.210815 1.205844 50.077978 nan 3.871783 0.000007 719.173199 0.003865
68.502153 2016 763.572195 15.554927 2681.977659 136.525902 0.108301 0.003172 -40.244917 1.024508 -2.247737 1.215816 37.329464 1.407123 59.156362 nan 3.871779 0.000007 719.175150 0.004052
75.502153 2016 812.969320 15.811252 2886.066158 134.333657 0.115728 0.002435 -40.206907 0.741165 -1.121879 1.022396 39.354776 1.303627 65.240395 nan 3.871778 0.000008 719.176222 0.004211
82.502153 2016 701.724077 13.844080 2393.911570 117.371462 0.112148 0.001260 -36.848634 0.433743 -0.144003 0.718369 41.830427 1.002995 65.645358 nan 3.871777 0.000008 719.176786 0.004289
89.502153 2016 242.991663 3.807140 601.307131 22.309086 0.118560 0.002967 nan nan nan nan nan nan nan nan nan nan nan nan
96.502153 2016 553.640952 10.243913 1640.619970 81.322395 0.115764 0.002001 -42.261673 0.611609 0.098499 0.838244 44.236730 1.064880 72.293581 nan 3.871775 0.000008 719.177788 0.004686
103.502153 2016 760.119620 18.427823 3149.127747 266.127009 0.111236 0.002632 -45.945963 0.999043 -0.186090 1.077320 47.709142 1.155598 71.560870 nan 3.871777 0.000008 719.176503 0.004694
110.502153 2016 785.225881 15.500627 2637.219521 130.525466 0.112831 0.001615 -46.307917 0.700313 -1.253040 0.722033 43.891858 0.743754 74.077991 nan 3.871761 0.000009 719.185545 0.004741
117.502153 2016 258.282527 3.903764 599.504416 28.889317 0.122349 0.001804 -52.552365 0.944985 -3.006094 0.983479 45.779048 1.021973 81.395244 nan 3.871758 0.000009 719.187408 0.004771
124.502153 2016 895.147661 18.134208 3115.788770 137.759886 0.117256 0.001811 -54.996282 1.081405 -5.301058 0.935059 41.058999 0.788713 78.998155 nan 3.871752 0.000009 719.190351 0.004776
131.502153 2016 2595.452620 53.679782 10488.176851 499.534989 0.120549 0.003240 -61.629020 1.740804 -6.906473 1.388940 43.163970 1.037075 81.515463 nan 3.871749 0.000009 719.191881 0.004752
138.502153 2016 1201.350309 24.622329 4824.635589 223.995400 0.115621 0.001366 -59.794540 1.360962 -10.133037 0.871026 33.087117 0.381089 78.588293 nan 3.871746 0.000008 719.193937 0.004711
145.502153 2016 527.175958 9.994788 1942.202245 79.797179 0.111187 0.002834 -61.475857 1.506697 -13.077147 1.322151 31.457388 1.137606 75.015094 nan 3.871742 0.000008 719.196255 0.004630
152.502153 2016 315.511007 4.681478 723.261921 18.364637 0.122995 0.001096 -63.971904 1.465562 -15.157277 1.079396 32.958807 0.693231 81.479928 nan 3.871738 0.000008 719.198425 0.004521
159.502153 2016 617.495150 12.705919 2023.701035 121.076403 0.114232 0.004376 -69.353531 1.837494 -17.688916 1.787926 30.333399 1.738357 74.226690 nan 3.871735 0.000008 719.199831 0.004410
166.502153 2016 362.210510 6.102746 961.996723 45.957731 0.118667 0.001409 -69.542174 1.442650 -18.769816 1.200583 24.791467 0.958515 74.896547 nan 3.871732 0.000008 719.201752 0.004265
173.502153 2016 207.930916 3.015497 497.886679 20.002764 0.101890 0.020706 -67.801108 1.281749 -19.831603 1.278875 25.084916 1.276001 73.248499 nan 3.871728 0.000007 719.203867 0.004121
180.502153 2016 179.133451 2.951784 590.201647 23.456970 0.124330 0.001893 -67.015635 1.194725 -19.500069 1.230854 25.300392 1.266984 71.752884 nan 3.871725 0.000007 719.205576 0.003944
187.502153 2016 184.048917 4.710685 577.197892 71.673904 0.088853 0.022977 -63.032100 2.692937 -18.268387 2.074133 25.739532 1.455330 60.848576 nan 3.871723 0.000007 719.206783 0.003772
194.502153 2016 547.673592 8.951644 1674.650021 52.672438 0.126620 0.001878 -59.568551 0.849238 -17.903205 1.060721 25.389835 1.272205 66.614970 nan 3.871720 0.000006 719.208338 0.003569
201.502153 2016 304.434504 5.981949 940.480522 74.314626 0.112419 0.005001 -55.485029 1.312533 -17.609877 1.684143 24.707577 2.055753 57.860771 nan 3.871717 0.000006 719.210129 0.003369
208.502153 2016 494.481878 9.737971 1658.566398 105.014644 0.117462 0.004960 -51.284431 1.490676 -14.598971 1.583189 25.974919 1.675702 57.878917 nan 3.871714 0.000006 719.211870 0.003188
215.502153 2016 674.793872 13.996202 1994.859366 165.219196 0.122813 0.003359 -50.443666 0.838808 -12.911022 1.205965 30.819974 1.573123 59.665368 nan 3.871709 0.000005 719.214123 0.002881
222.502153 2016 949.436803 15.516713 2680.760613 63.390597 0.128009 0.002113 -47.746587 0.660758 -10.680045 1.010587 32.550483 1.360416 61.547674 nan 3.871709 0.000005 719.214168 0.002876
229.502153 2016 520.367521 9.269803 1511.869987 80.065670 0.117513 0.002464 -47.548464 0.813391 -9.125461 1.075093 32.277711 1.336795 57.354309 nan 3.871705 0.000005 719.216381 0.002689
243.502153 2016 817.735925 22.932783 2388.249005 375.480483 0.073178 0.018856 -42.310577 0.581267 -8.172651 1.815671 43.999866 3.050075 52.773762 nan 3.871701 0.000004 719.219018 0.002433
257.502153 2016 1140.404607 24.446634 4427.271838 226.050523 0.109530 0.001975 -38.527513 0.554538 -1.906846 0.838369 39.765632 1.122200 60.082079 nan 3.871693 0.000004 719.223434 0.002220
264.502153 2016 368.969856 7.568077 926.942086 83.400115 0.116423 0.004051 -41.489237 1.160797 -0.606985 1.372691 46.947830 1.584585 65.976923 nan 3.871700 0.000004 719.219466 0.002311
271.502153 2016 1813.723978 45.499570 7937.148215 627.569991 0.101409 0.012797 -45.264672 2.700921 0.034053 2.602193 48.189060 2.503465 65.587789 nan 3.871687 0.000004 719.226369 0.002161
278.502153 2016 2326.099519 45.491845 8181.050639 252.450197 0.123018 0.001166 -45.457262 0.691437 -0.402563 0.822594 50.978496 0.953751 74.776591 nan 3.871683 0.000004 719.228585 0.002195
285.502153 2016 1244.180905 27.557425 5230.225843 432.252962 0.115815 0.002321 -49.207428 1.160804 -0.696926 1.191484 47.294410 1.222164 72.952144 nan 3.871679 0.000004 719.231292 0.002258
292.502153 2016 1614.948045 26.822452 4588.483709 99.023535 0.135469 0.001444 -57.545490 1.219010 -1.586054 1.145005 52.541536 1.071000 86.546130 nan 3.871675 0.000004 719.233211 0.002346
299.502153 2016 2121.761559 49.036344 7606.217457 679.510543 0.114323 0.002680 -58.749372 1.604303 -3.666776 1.323680 46.202118 1.043058 75.223758 nan 3.871673 0.000004 719.234540 0.002448
306.502153 2016 2017.179064 41.044135 7436.177559 378.749087 0.122710 0.001562 -60.230759 1.378724 -5.389579 1.067547 43.354854 0.756370 81.451352 nan 3.871668 0.000005 719.237024 0.002627
313.502153 2016 719.090833 15.581138 2475.385929 211.462756 0.106606 0.003258 -62.186548 1.806819 -8.456585 1.449664 35.819447 1.092509 71.663906 nan 3.871846 0.000006 719.138298 0.003209
320.502153 2016 422.116152 6.584953 1297.498405 24.540129 0.129244 0.001563 -67.474905 1.483212 -10.391539 1.083552 40.061673 0.683892 85.827286 nan 3.871842 0.000006 719.140272 0.003442
327.502153 2016 428.986820 9.180679 1309.646203 107.411070 0.113757 0.002873 -65.935954 1.655492 -13.479857 1.351272 35.282055 1.047053 75.567033 nan 3.871839 0.000007 719.141987 0.003676
334.502153 2016 565.273214 9.105525 1766.482076 33.388908 0.126681 0.001218 -65.095354 1.250248 -15.406622 1.037658 31.703732 0.825069 82.151762 nan 3.871835 0.000007 719.144048 0.003905
341.502153 2016 396.167694 7.099207 1217.964859 65.179898 0.112843 0.003142 -62.398025 1.441203 -17.483129 1.410622 29.512511 1.380041 72.025125 nan 3.871830 0.000008 719.147241 0.004392
348.502153 2016 517.649775 7.961081 1539.161352 26.440596 0.129887 0.001536 -65.798553 1.139549 -18.540449 1.123052 30.141122 1.106555 79.268607 nan 3.871825 0.000008 719.149971 0.004716
355.502153 2016 584.456407 12.237516 1721.620758 140.326275 0.114117 0.003072 -65.250436 1.146429 -19.949344 1.308975 28.087023 1.471521 67.801224 nan 3.871825 0.000008 719.149674 0.004719
362.502153 2016 985.724367 16.620772 2924.516277 73.790419 0.124768 0.002781 -62.497024 1.332485 -19.175325 1.312945 26.412847 1.293406 70.169078 nan 3.871822 0.000009 719.151690 0.005042
