221.502963 2011 488.193222 13.136256 1502.875753 233.423279 0.090147 0.028392 -65.760906 4.384286 -26.651026 5.140588 67.612202 5.896890 39.052536 nan 3.851882 0.000006 730.377806 0.003149
256.503230 2011 1852.281854 35.279012 6064.031333 278.480559 0.131353 0.003548 -49.816103 1.464147 -2.618792 1.327741 47.407406 1.191335 71.110976 nan 3.871823 0.000006 719.150863 0.003148
263.503230 2011 508.696947 13.217363 1811.060979 309.800878 0.123841 0.003754 -45.941058 1.329327 -1.200966 1.411645 42.576578 1.493962 67.047204 nan 3.871829 0.000006 719.147559 0.003287
270.503230 2011 1184.399344 28.168604 6094.379071 422.625396 0.116169 0.007760 -44.172951 2.116629 0.856584 2.317213 48.965170 2.517797 63.139892 nan 3.871865 0.000006 719.127683 0.003511
284.502616 2011 279.044937 5.064040 782.340985 55.455223 0.124358 0.010053 -35.630612 2.311049 6.862786 1.817904 50.469104 1.324760 63.421406 nan 3.871823 0.000007 719.150610 0.004112
298.502616 2011 433.227250 11.305032 2075.169387 300.049260 -0.379520 0.095782 -33.098840 3.437642 15.219224 2.639087 57.968188 1.840531 52.915264 nan 3.871826 0.000008 719.149343 0.004667
312.502616 2011 222.420665 3.569878 589.796515 38.764805 0.119725 0.002629 -34.621833 0.935603 10.551539 1.325437 62.084363 1.715271 75.993051 nan 3.871829 0.000009 719.147823 0.005171
326.502616 2011 54.445969 1.081444 160.031732 12.137426 1.107983 0.195874 -50.518354 5.186352 7.095696 4.319837 63.119527 3.453322 33.007694 nan 3.871834 0.000010 719.144996 0.005636
333.502616 2011 165.032615 3.648125 656.053411 48.400265 0.048720 0.011495 -48.911367 5.177272 5.176607 5.175450 63.718662 5.173628 44.626257 nan 3.871837 0.000010 719.143423 0.005807
354.502616 2011 26.078449 0.838116 141.714088 10.508511 1.572585 0.177885 -52.737036 4.371966 -23.912393 4.421618 48.610561 4.471270 5.841030 nan 3.871841 0.000011 719.141110 0.006225
3.502616 2012 72.263251 1.941837 337.304487 25.868959 1.352699 0.293232 -64.945913 4.741050 -7.325556 4.920300 48.078823 5.099550 40.311825 nan 3.871841 0.000011 719.140946 0.006277
10.502616 2012 78.293074 1.736026 363.571632 9.738323 0.021764 0.000680 -64.404088 5.311747 -8.500718 5.315535 44.307045 5.319323 14.681769 nan 3.871839 0.000011 719.141807 0.006331
17.502616 2012 76.064000 1.848466 336.176436 21.615966 -0.067452 0.028325 -64.028145 4.897084 -14.590360 4.865619 38.775888 4.834154 19.346357 nan 3.871840 0.000011 719.141609 0.006341
24.502616 2012 883.877712 19.145090 3049.384060 312.454670 0.082829 0.017713 -64.692757 3.211970 -11.395551 3.445853 42.175793 3.679736 68.966740 nan 3.871835 0.000011 719.144128 0.006236
31.502616 2012 370.855524 6.199650 1017.747509 57.148960 0.126825 0.002139 -63.905879 1.575917 -11.273131 1.251983 36.849094 0.928048 80.825742 nan 3.871837 0.000011 719.143231 0.006198
38.502616 2012 310.195349 5.319665 1021.950589 45.941524 0.132897 0.002597 -62.878709 1.516382 -10.986702 1.207574 39.994094 0.898765 81.551300 nan 3.871832 0.000011 719.145812 0.006231
45.502616 2012 828.027275 18.740816 3609.864210 208.834450 0.127134 0.003542 -57.297423 1.845770 -9.687820 1.510280 37.951327 1.174790 75.847902 nan 3.871836 0.000011 719.143840 0.006206
52.502616 2012 686.653670 12.926195 1991.101444 135.075085 0.127237 0.002507 -53.894853 1.392207 -8.609712 1.332291 38.417260 1.272375 73.533485 nan 3.871829 0.000011 719.147798 0.006078
59.502616 2012 802.426410 19.769536 2527.341458 332.247664 0.128575 0.003917 -55.260223 2.016161 -6.542743 1.665945 38.748271 1.315729 72.363096 nan 3.871832 0.000011 719.145712 0.006063
66.502616 2012 1472.675130 40.330862 5590.373983 818.120728 0.128523 0.011398 -50.288232 3.755448 -4.121031 3.351598 58.574495 2.947748 63.578637 nan 3.871828 0.000011 719.147965 0.006152
73.502616 2012 1840.747869 38.872215 7574.162356 624.193590 0.132228 0.002522 -50.852486 1.569285 -2.325062 1.483614 45.133074 1.397942 72.295723 nan 3.871834 0.000011 719.144774 0.006162
80.502616 2012 1686.490631 31.237913 5432.763985 238.766483 0.140733 0.009677 -47.616562 1.445663 -1.116830 2.121762 44.951046 2.797860 69.991054 nan 3.871828 0.000011 719.148105 0.006104
94.502616 2012 769.220660 19.318774 2492.956831 369.698819 0.127269 0.003907 -43.815912 1.416305 4.491316 1.513150 53.449672 1.609995 71.697906 nan 3.871831 0.000011 719.146335 0.006382
101.502616 2012 760.939672 15.296033 2321.407442 193.528707 0.130902 0.003617 -49.451203 1.421026 5.875754 1.425553 54.845898 1.430079 75.469137 nan 3.871840 0.000012 719.141445 0.006456
109.502616 2012 294.164775 6.848995 1466.142943 73.190390 0.133273 0.003026 -39.866992 1.625670 7.564974 1.690353 57.269270 1.755035 78.439634 nan 3.872048 0.000010 719.025327 0.005687
116.502616 2012 2764.787583 59.097559 11749.329424 592.882444 0.138305 0.008929 -42.302841 2.605624 10.048837 2.143108 60.413449 1.680591 77.470923 nan 3.871824 0.000012 719.150449 0.006877
129.502616 2012 1075.810504 20.079778 3498.612020 138.598350 0.114308 0.010074 -41.543150 2.485375 10.513849 2.113302 64.384399 1.741229 78.720743 nan 3.871848 0.000013 719.136912 0.007189
136.502616 2012 696.418224 11.134757 1945.797487 85.234735 0.139344 0.009175 -48.568139 2.954537 9.879087 2.222285 65.056896 1.490034 84.315119 nan 3.871843 0.000013 719.139965 0.007362
143.502616 2012 712.081299 15.026178 1922.835360 202.854151 0.168512 0.018449 -44.419911 6.116007 13.406717 3.880702 66.008844 1.645397 73.531796 nan 3.871851 0.000014 719.135568 0.007683
150.502616 2012 263.549819 3.690628 624.624070 22.342881 0.128369 0.002083 -48.743626 0.839541 5.064136 1.181272 67.000952 1.523003 89.247034 nan 3.871846 0.000014 719.138506 0.008025
157.502616 2012 1070.233809 18.098423 3258.939805 86.923077 0.151298 0.014290 -53.475685 1.222693 -1.431341 3.589358 66.529440 5.956023 83.113791 nan 3.871852 0.000015 719.134872 0.008197
164.502616 2012 1025.411925 21.114626 2772.524978 282.488798 0.133804 0.002218 -58.784113 1.316303 -0.122760 1.504692 64.567048 1.693081 94.327547 nan 3.871846 0.000015 719.138326 0.008428
171.502616 2012 1424.032499 34.577840 5030.046303 671.991266 0.153213 0.013944 -63.696410 1.630168 -6.597579 3.505696 58.178149 5.381225 86.660879 nan 3.871851 0.000016 719.135599 0.008794
178.502616 2012 537.164501 12.258736 1837.856837 314.724428 0.135527 0.009705 -64.646985 1.495170 -6.984503 2.486481 56.802218 3.477791 85.319143 nan 3.871851 0.000016 719.135517 0.009190
185.502616 2012 1169.397836 19.584006 3066.645097 149.874008 0.175224 0.019656 -71.530937 1.452739 -14.753171 4.033498 45.624979 6.614256 76.762969 nan 3.871849 0.000017 719.136942 0.009328
192.502616 2012 1789.839305 38.507737 5911.727874 672.414652 0.137805 0.009758 -70.077469 1.926139 -10.708760 2.449509 45.121298 2.972880 84.897168 nan 3.871843 0.000017 719.139956 0.009608
199.502616 2012 3475.018749 77.661990 15646.352735 873.338460 0.136779 0.010229 -71.412976 1.980297 -12.965281 2.367833 39.567226 2.755370 82.330304 nan 3.871846 0.000018 719.138428 0.010018
206.502616 2012 1787.910044 35.674424 7407.907101 330.193554 0.176605 0.018614 -69.985610 1.340083 -16.483551 3.317773 40.363106 5.295463 76.041185 nan 3.871841 0.000019 719.141219 0.010381
213.502616 2012 885.082660 16.802753 3353.535220 207.060023 0.128986 0.002202 -66.011217 1.388036 -12.484378 1.239384 35.262251 1.090732 80.826111 nan 3.871842 0.000019 719.140488 0.010583
220.502616 2012 422.763367 6.658222 1085.121642 51.464059 0.128626 0.002429 -62.840799 1.400555 -11.690969 1.070595 34.353586 0.740636 77.500935 nan 3.871839 0.000020 719.142330 0.010898
227.502616 2012 324.250245 5.573763 814.587642 55.722925 0.128884 0.002830 -58.414824 1.278129 -10.757610 1.139707 37.296170 1.001284 74.703150 nan 3.871841 0.000020 719.141589 0.011325
234.502616 2012 411.281309 6.298429 1152.312431 41.891305 0.104318 0.017003 -55.145395 1.088830 -15.206833 2.672733 40.824737 4.256636 65.678898 nan 3.871839 0.000021 719.142419 0.011675
241.502616 2012 256.619373 3.871555 707.575277 40.878871 0.145435 0.009859 -52.317972 1.084803 -8.646168 1.899013 39.602194 2.713223 72.404505 nan 3.871838 0.000021 719.142959 0.011872
248.502616 2012 1110.375269 27.762026 4577.479102 623.089258 0.110278 0.004971 -47.260469 1.377692 -6.852953 2.064337 38.957378 2.750981 60.489147 nan 3.871839 0.000022 719.142305 0.012191
255.502616 2012 531.965466 8.594274 1303.794915 59.204336 0.128872 0.002130 -46.150747 1.187282 -3.536196 1.170991 41.669777 1.154701 69.346767 nan 3.871841 0.000023 719.141648 0.012614
262.502616 2012 421.734914 8.351650 1313.632191 135.084469 0.133574 0.003151 -45.059107 1.155091 -1.580306 1.267455 47.573090 1.379818 71.393070 nan 3.871844 0.000023 719.139732 0.012921
269.502616 2012 148.037151 2.102647 345.813456 21.128869 0.018807 0.046635 -43.437616 2.750529 -1.266097 3.128917 47.017069 3.507304 49.448271 nan 3.871844 0.000024 719.140115 0.013101
276.502616 2012 460.791133 13.827033 2381.597045 503.738778 0.777398 0.363583 -38.409589 3.297286 5.889523 2.303961 50.825402 1.310636 61.653830 nan 3.871849 0.000024 719.137333 0.013419
283.502616 2012 2676.268732 76.684571 16661.797197 1897.668733 0.122300 0.005272 -40.445295 2.296988 6.109307 2.043890 55.917817 1.790792 69.770656 nan 3.871841 0.000025 719.141895 0.013837
290.502616 2012 2563.163882 55.459659 10290.276025 842.944679 0.138505 0.002187 -41.213032 0.833440 5.762585 1.157943 60.082268 1.482446 80.936984 nan 3.871855 0.000025 719.133901 0.014108
304.502616 2012 792.675757 16.326557 2924.625614 179.805904 0.109950 0.003905 -40.996462 1.290601 7.680355 1.562624 62.834299 1.834648 70.106138 nan 3.871801 0.000026 719.164015 0.014639
311.502616 2012 349.752712 5.545803 857.284749 38.555516 0.128472 0.003499 -43.497824 1.178211 7.531798 1.478738 66.710638 1.779265 83.799851 nan 3.871799 0.000027 719.165291 0.015012
339.502616 2012 99.896628 1.538655 280.256592 7.604372 0.054723 0.012561 -44.576303 2.265856 -0.094182 2.503206 47.898193 2.740556 44.551496 nan 3.871804 0.000028 719.162842 0.015836
15.502616 2013 272.319324 6.279397 1137.360800 70.579122 1.038196 0.357196 -68.468827 6.056253 -7.180963 5.239984 42.162920 4.423715 51.166946 nan 3.871951 0.000029 719.080679 0.016404
22.501227 2013 288.828476 3.501529 761.947249 32.881744 0.118912 0.008250 -64.807877 3.278267 -15.039177 3.825986 35.211379 4.373706 75.771339 nan 3.872640 0.000031 718.697296 0.017225
29.502616 2013 348.770385 7.148789 1180.174264 106.989534 0.133533 0.002437 -63.348701 1.520620 -13.255083 1.375796 38.706283 1.230971 81.351064 nan 3.871929 0.000030 719.092737 0.016463
50.501181 2013 124.901478 3.038807 548.212029 41.066319 0.000868 0.017840 -52.229436 4.171237 -6.795664 4.020102 38.198818 3.868966 23.715378 nan 3.871728 0.000032 719.205335 0.017579
57.501181 2013 415.956375 14.989984 1912.042084 351.618199 0.009522 0.015446 -53.905379 4.101618 -6.043389 4.226209 40.041066 4.350801 22.149326 nan 3.871730 0.000032 719.204274 0.017765
64.501181 2013 481.865645 8.135698 1417.389477 70.317961 0.135418 0.002606 -52.452382 1.346853 -4.558223 1.349637 41.408235 1.352421 72.887428 nan 3.871732 0.000032 719.203230 0.018026
71.501181 2013 184.313227 2.811179 506.432939 19.988270 0.108195 0.004050 -47.995106 1.577615 -2.874870 1.644754 40.877988 1.711893 59.935772 nan 3.871734 0.000033 719.202173 0.018200
78.501181 2013 1476.115847 31.557479 5901.251328 560.442503 0.102196 0.016588 -49.239748 1.464067 -4.972466 2.795322 48.846341 4.126577 67.953076 nan 3.871737 0.000033 719.200554 0.018386
85.501181 2013 1155.400174 23.838146 3733.497492 349.126755 0.129352 0.003775 -45.612558 1.388911 1.788776 1.371843 48.689570 1.354776 72.255203 nan 3.871741 0.000033 719.198163 0.018663
92.501181 2013 927.231616 18.450723 2545.615212 222.223747 0.143725 0.009475 -45.279934 1.132156 2.268398 2.130423 51.919558 3.128690 74.570665 nan 3.871744 0.000034 719.196743 0.018893
99.501181 2013 278.411775 4.716708 838.504457 26.847210 0.104187 0.002764 -35.930067 1.188086 5.886855 1.293473 47.555536 1.398860 62.760310 nan 3.871746 0.000034 719.195602 0.019130
106.501181 2013 127.268727 2.309414 436.695762 19.539398 0.067040 0.002932 -25.935224 1.179888 7.426484 1.368438 44.686931 1.556988 42.257911 nan 3.871749 0.000035 719.194036 0.019372
113.501181 2013 529.793901 13.710316 2803.020676 161.545626 0.047827 0.024941 -39.572333 2.741441 8.512463 2.781435 59.012210 2.821430 52.160475 nan 3.871752 0.000035 719.192139 0.019679
120.501181 2013 1153.675229 26.956939 3687.946376 416.315337 0.137218 0.003184 -47.809870 1.176369 6.753849 1.413284 63.465819 1.650198 88.554254 nan 3.871754 0.000036 719.191291 0.020045
127.501181 2013 643.743049 11.109810 1919.206509 124.910566 0.131713 0.001777 -45.094795 0.755273 6.489293 1.124262 62.578398 1.493251 87.831822 nan 3.871754 0.000036 719.191379 0.020290
134.501181 2013 397.440187 11.331049 1201.488205 194.427744 0.110876 0.003988 -45.430478 1.534089 5.112747 1.773770 61.634186 2.013451 76.124258 nan 3.871754 0.000037 719.191153 0.020528
141.501181 2013 746.272357 17.550699 2053.878748 232.618587 0.126200 0.002489 -53.131187 1.178794 2.875407 1.420649 65.635727 1.662505 87.674230 nan 3.871755 0.000037 719.190953 0.020863
148.501181 2013 1412.558168 25.491350 4071.145690 224.677899 0.175729 0.020467 -58.004824 4.352192 -3.983670 5.922800 70.540002 7.493408 75.366373 nan 3.871753 0.000038 719.191948 0.021183
155.501181 2013 1676.999580 39.500104 6136.717761 905.377385 0.143584 0.009361 -61.136874 1.350740 -2.469472 2.639063 63.974848 3.927387 90.805393 nan 3.871750 0.000038 719.193469 0.021418
162.501181 2013 1246.461993 24.971621 4345.407320 331.765389 0.130849 0.001877 -70.263812 1.562231 -4.812130 1.301829 53.042307 1.041426 92.100896 nan 3.871749 0.000039 719.194367 0.021651
169.501181 2013 536.691703 10.129464 1854.289209 66.666794 0.113634 0.009994 -57.365635 1.695096 -8.272284 2.125639 43.489407 2.556182 70.885426 nan 3.871748 0.000039 719.195126 0.022009
176.501181 2013 1219.860324 29.653068 3696.749047 435.392095 0.125880 0.014899 -73.825739 2.198011 -12.401345 2.951428 47.490051 3.704845 82.356791 nan 3.871742 0.000039 719.198017 0.021992
183.501181 2013 1609.668714 37.695055 7154.218961 713.597429 0.139878 0.009736 -73.917450 1.881931 -13.439711 2.429271 43.344729 2.976611 85.969953 nan 3.871744 0.000040 719.197070 0.022033
190.501181 2013 1725.511220 33.013647 5960.666706 301.387439 0.138329 0.009325 -70.964473 1.613188 -14.701883 2.095806 35.157275 2.578425 82.962859 nan 3.871738 0.000041 719.200377 0.022896
197.501181 2013 1805.171884 35.331082 5902.168762 379.310899 0.122991 0.010512 -69.046187 1.469719 -14.542351 1.765712 37.833238 2.061705 81.817995 nan 3.871737 0.000042 719.201205 0.023267
204.501181 2013 834.352049 13.638195 2196.201079 124.850322 0.137013 0.002361 -66.023898 1.137140 -14.333679 1.134960 38.602598 1.132781 83.210688 nan 3.871735 0.000042 719.202491 0.023621
211.501181 2013 300.283426 4.410907 763.210178 30.962549 0.132434 0.001557 -62.555472 1.160576 -13.745872 1.051529 33.104650 0.942481 78.472569 nan 3.871733 0.000043 719.203509 0.023868
218.501181 2013 613.470277 11.968759 1972.719868 138.057457 0.131353 0.004047 -58.468115 1.169846 -12.051059 1.286875 35.984355 1.403905 75.146352 nan 3.871734 0.000043 719.203048 0.024138
225.501181 2013 532.388070 11.147582 1474.238544 128.297091 0.114110 0.009482 -53.822574 1.193904 -12.303885 1.739048 36.898755 2.284192 66.876536 nan 3.871735 0.000044 719.202831 0.024490
232.501181 2013 607.288529 9.608744 1771.910323 73.845521 0.147145 0.009543 -55.148666 1.027003 -9.865242 1.644208 39.847529 2.261414 72.222989 nan 3.871736 0.000044 719.202213 0.024780
239.501181 2013 693.989842 13.166910 2089.889591 107.257556 0.128337 0.003191 -50.956195 1.120445 -7.849192 1.271095 39.824508 1.421744 68.294460 nan 3.871737 0.000045 719.201793 0.024965
246.501181 2013 406.616413 6.923850 1186.900602 66.651241 0.131490 0.001868 -47.578934 0.869764 -5.863561 1.097582 41.325771 1.325401 69.584113 nan 3.871740 0.000045 719.199812 0.025206
253.501181 2013 144.502757 2.032949 376.437859 17.047700 0.123849 0.003205 -45.024777 1.084662 -3.366691 1.360119 45.798912 1.635575 65.967583 nan 3.871744 0.000046 719.197969 0.025534
260.501181 2013 171.393821 3.519927 596.321380 50.768960 0.129139 0.007419 -47.761204 3.587167 0.855713 2.466422 49.963604 1.345677 68.698885 nan 3.871746 0.000046 719.196619 0.025795
267.501181 2013 176.292182 3.181012 575.737221 28.242272 0.077005 0.008761 -44.617326 4.756108 1.953708 4.564126 50.659761 4.372145 41.167989 nan 3.871749 0.000047 719.195067 0.025966
274.501181 2013 637.435993 16.639305 3738.842994 286.251070 -1.279570 0.229399 -45.974317 3.722610 3.428381 3.584381 57.605733 3.446152 56.481733 nan 3.871754 0.000047 719.192676 0.026212
281.501181 2013 577.338941 11.554084 1578.343666 166.917755 0.129244 0.004138 -44.694061 1.490454 3.593631 1.515712 56.159186 1.540970 75.107017 nan 3.871758 0.000048 719.190348 0.026500
288.501181 2013 680.263516 14.624079 2007.251562 200.046064 0.131765 0.002578 -39.995894 0.616434 5.172431 1.111312 57.684982 1.606190 79.587719 nan 3.871761 0.000048 719.188948 0.026727
295.501181 2013 232.599394 3.349218 597.832092 19.305131 0.118542 0.002311 -38.576386 0.698293 5.629950 1.093661 56.245162 1.489028 74.672905 nan 3.871762 0.000048 719.188213 0.026885
302.501181 2013 258.191342 5.577921 786.645805 71.197866 0.108303 0.003074 -39.953724 1.084695 5.658466 1.329303 55.310938 1.573912 70.690409 nan 3.871765 0.000049 719.186793 0.027099
309.501181 2013 243.993435 8.802733 797.226703 133.091149 0.047595 0.006955 -42.632702 5.494465 4.804699 5.429216 58.119155 5.363966 31.340510 nan 3.871766 0.000049 719.185945 0.027347
316.501181 2013 713.151641 15.266445 2155.844104 225.422020 0.127443 0.002687 -50.778934 1.020503 3.389730 1.267585 58.772538 1.514666 86.648880 nan 3.871765 0.000049 719.186795 0.027505
323.501181 2013 155.997577 3.279584 435.306354 45.216166 -0.068532 0.077146 -49.004003 5.108377 5.045330 4.148532 55.440707 3.188687 71.418955 nan 3.871763 0.000049 719.187937 0.027577
337.501783 2013 118.868658 2.715513 500.407687 33.445756 0.036718 0.009533 -60.788729 5.751781 -3.883120 5.798609 49.197603 5.845437 30.819223 nan 3.871760 0.000050 719.189531 0.027885
345.543449 2013 372.173124 4.758865 1167.933370 115.965312 0.126898 0.004635 -65.601463 2.459052 -6.549216 2.123314 48.996212 1.787577 89.029692 nan 3.869245 0.000044 720.593062 0.024516
351.501852 2013 198.707827 5.663576 780.064035 95.396112 -0.423792 0.115998 -64.397585 4.704705 -6.920931 5.193681 46.540714 5.682657 48.475788 nan 3.871750 0.000050 719.194973 0.028079
358.501852 2013 65.240813 1.757238 343.009598 21.905704 -0.254060 0.080698 -65.923325 5.623725 -3.336870 5.771940 59.986724 5.920155 18.061399 nan 3.871747 0.000051 719.196627 0.028274
7.501852 2014 139.269411 2.636653 509.311029 22.150353 0.045576 0.005226 -68.734709 4.655497 -15.319195 4.613500 34.075507 4.571502 29.637485 nan 3.871740 0.000051 719.201132 0.028644
14.501852 2014 97.980735 1.919978 389.490561 21.749814 0.007507 0.011666 -66.795095 4.993336 -14.688376 5.109309 50.840287 5.225282 23.235253 nan 3.871737 0.000052 719.202732 0.028766
42.503368 2014 487.043144 8.242990 1365.372614 81.243661 0.168668 0.021821 -60.487676 1.488455 -11.374415 2.014035 37.880309 2.539615 74.386302 nan 3.871737 0.000053 719.202914 0.029535
49.503368 2014 1002.409736 20.168680 6531.921290 3176.383250 0.073799 0.034527 -55.752651 1.833305 -9.389691 2.393419 34.704373 2.953533 64.482904 nan 3.873074 0.000046 718.457166 0.025859
56.503368 2014 772.411274 15.633547 2606.874827 178.676637 0.118880 0.003437 -57.940278 1.512302 -7.121867 1.466395 36.258145 1.420488 64.179372 nan 3.871745 0.000054 719.198635 0.030050
63.503368 2014 258.454566 4.388677 661.511912 33.608802 0.147196 0.010411 -51.464074 1.202377 -5.715259 1.964961 43.817306 2.727544 70.885051 nan 3.871747 0.000054 719.197264 0.030197
77.503368 2014 56.667928 1.768753 250.069445 29.292186 -2.913179 0.288165 -42.874994 3.390138 -15.669643 3.613267 44.653198 3.836396 6.501730 nan 3.871758 0.000055 719.191268 0.030758
84.503368 2014 89.127576 2.015192 375.354556 22.115441 0.000566 0.011527 -41.605810 4.223962 2.124656 4.185088 47.859310 4.146214 14.591445 nan 3.871763 0.000056 719.188946 0.031090
91.503368 2014 66.250318 1.944925 302.621503 28.331598 -0.153490 0.044136 -48.805741 4.609225 2.748492 4.475088 51.752708 4.340952 28.668720 nan 3.871765 0.000056 719.187611 0.031314
98.503368 2014 202.725466 9.574293 740.803162 174.371852 -0.033598 0.029784 -39.650008 4.456120 0.441396 4.578840 50.858050 4.701561 26.152163 nan 3.871769 0.000057 719.185764 0.031585
105.503368 2014 552.970358 12.156097 1486.080267 166.146868 0.125282 0.002637 -40.249113 0.734594 4.737069 1.157337 59.701756 1.580079 78.185620 nan 3.871773 0.000057 719.183656 0.031984
112.503368 2014 456.021463 8.749429 1277.768046 93.652785 0.159522 0.015428 -44.191675 5.037284 8.734955 3.177948 61.350738 1.318612 74.876821 nan 3.871774 0.000058 719.183262 0.032311
119.503368 2014 518.276191 12.612329 1784.569281 186.643331 0.063753 0.042051 -47.545763 3.465367 5.475370 3.400124 62.367428 3.334881 75.069083 nan 3.871772 0.000058 719.184247 0.032517
126.503368 2014 569.564026 12.954640 1861.572569 180.371897 0.123155 0.002461 -47.819414 1.124065 2.917714 1.328834 59.145751 1.533603 83.770301 nan 3.871771 0.000059 719.184574 0.032792
133.503368 2014 289.856382 5.168821 926.462390 52.279715 0.126200 0.001881 -51.018378 0.976213 1.256468 1.169973 59.296370 1.363734 87.036196 nan 3.871771 0.000060 719.184875 0.033166
140.503368 2014 145.683061 4.605220 526.361723 98.472473 -2.171216 0.381406 -54.435130 3.520775 -11.092061 4.989843 61.311080 6.458911 28.025077 nan 3.871768 0.000060 719.186642 0.033455
147.503368 2014 158.893960 3.581069 706.855891 48.010216 -0.373315 0.105482 -62.281743 4.356365 -0.615582 4.477063 56.907519 4.597762 35.821144 nan 3.871763 0.000060 719.189555 0.033655
154.503368 2014 61.827322 1.776488 261.600188 26.711001 -1.397972 0.211859 -66.058434 4.061988 -25.113066 4.321185 52.397300 4.580382 15.054920 nan 3.871759 0.000061 719.191609 0.033953
168.503368 2014 167.235487 4.575441 818.851713 86.677470 1.863055 0.318955 -75.001946 4.170804 -23.843197 4.416956 39.376750 4.663108 39.065712 nan 3.871750 0.000062 719.197063 0.034553
175.503368 2014 63.037980 1.432230 242.665023 16.344400 -1.144368 0.193335 -69.081445 3.952675 -13.967921 4.081536 38.245903 4.210398 39.763831 nan 3.871746 0.000063 719.199547 0.034886
182.503368 2014 49.875461 1.333251 250.755916 17.798488 -1.057234 0.406981 -70.248954 4.085746 -32.001268 4.576059 55.555830 5.066372 25.454643 nan 3.871743 0.000063 719.201101 0.035232
189.503368 2014 33.497771 1.092066 174.336377 13.867964 -1.747130 0.220725 -68.518200 4.743523 6.914723 5.066957 48.780460 5.390391 20.518633 nan 3.871741 0.000064 719.202625 0.035611
210.503368 2014 47.580279 1.851921 221.485100 29.007063 -1.814122 0.215119 -57.688442 3.034319 -17.869979 3.426074 30.840486 3.817828 37.311480 nan 3.871738 0.000065 719.204468 0.036454
217.503368 2014 203.715173 4.212815 875.017159 32.721825 0.049576 0.005265 -55.884915 3.859913 -14.295731 4.019638 38.282520 4.179364 25.758274 nan 3.871740 0.000066 719.203145 0.036788
224.503368 2014 122.529375 2.758820 533.698749 30.671620 0.020156 0.007981 -55.423583 3.764346 -11.294802 3.891023 36.614984 4.017699 15.459244 nan 3.871741 0.000066 719.202780 0.036958
231.503368 2014 151.751554 3.776528 814.282690 52.392505 -0.886576 0.176915 -53.594493 3.470946 -1.323385 3.388376 38.617477 3.305806 23.260083 nan 3.871745 0.000067 719.200917 0.037173
238.503368 2014 637.363428 17.351859 3287.047567 293.981326 0.048763 0.013007 -49.346859 4.115652 -7.410191 4.225488 39.718554 4.335324 31.114059 nan 3.871749 0.000067 719.198362 0.037451
245.503368 2014 783.963480 13.683853 2280.788530 109.401377 0.128979 0.002917 -45.956720 1.044652 -5.396934 1.238758 42.804879 1.432865 67.152458 nan 3.871755 0.000068 719.195306 0.037733
259.503368 2014 477.784147 11.506950 2262.943631 170.444011 -0.255904 0.118103 -40.307946 4.370424 1.691574 3.887905 43.302516 3.405387 44.203146 nan 3.871764 0.000068 719.190674 0.038095
266.503368 2014 681.265890 14.079417 2308.168011 160.464333 0.114391 0.009602 -42.320360 2.208687 -0.702582 2.740835 53.865676 3.272983 65.614073 nan 3.871769 0.000069 719.187853 0.038381
273.503368 2014 715.131134 12.021323 2244.618951 60.385880 0.124510 0.002147 -38.429172 0.519214 1.437902 1.011307 51.329118 1.503400 72.015386 nan 3.871775 0.000069 719.184776 0.038656
280.503368 2014 437.177430 8.119784 1364.986115 85.044182 0.119262 0.002368 -39.445486 0.567208 2.467613 1.048613 52.830453 1.530018 71.594987 nan 3.871778 0.000070 719.182873 0.038802
287.503368 2014 561.186375 12.329089 1437.357570 146.288554 0.123121 0.003321 -40.857914 1.009027 3.945188 1.333953 54.191866 1.658879 76.239872 nan 3.871778 0.000070 719.182759 0.038887
294.503368 2014 989.040499 18.614272 2980.249301 152.179414 0.126928 0.002576 -49.864371 0.890513 2.717050 1.282422 60.093182 1.674331 81.268036 nan 3.871779 0.000070 719.182343 0.039039
308.503345 2014 746.539834 16.744803 2181.319361 252.841838 0.119725 0.002223 -52.983717 1.055063 1.526459 1.212422 53.705804 1.369781 80.725458 nan 3.871778 0.000071 719.183028 0.039486
315.503345 2014 620.253598 14.571408 1903.207833 229.642317 0.121423 0.002563 -54.664986 1.314546 -0.120985 1.248499 51.396378 1.182451 83.110379 nan 3.871774 0.000071 719.185396 0.039512
322.503345 2014 802.764698 14.035075 2514.400243 91.124615 0.129192 0.001490 -60.146372 1.267637 -2.839518 1.179587 51.194433 1.091537 89.192210 nan 3.871770 0.000071 719.187510 0.039636
329.503345 2014 319.119885 5.749100 972.986597 59.584625 0.121231 0.001829 -58.314901 1.323833 -5.875221 1.158736 44.423961 0.993640 84.093983 nan 3.871767 0.000072 719.189373 0.039846
336.503345 2014 346.822868 6.630292 1097.193280 87.404708 0.123582 0.003252 -69.127889 1.798690 -7.777563 1.455226 48.694094 1.111762 85.431357 nan 3.871762 0.000072 719.192496 0.039970
343.503345 2014 1211.731146 20.633351 3472.011388 110.510784 0.130839 0.001873 -68.829025 1.641251 -10.687044 1.207024 42.594006 0.772796 89.457002 nan 3.871755 0.000072 719.196400 0.040035
350.503345 2014 621.345246 10.609799 1683.793542 86.179689 0.132184 0.009144 -63.357924 1.541593 -15.000371 1.989197 33.572584 2.436802 80.653480 nan 3.871749 0.000072 719.199319 0.040217
357.503345 2014 698.039623 14.626217 2389.420785 180.428561 0.114220 0.003318 -66.786425 1.626288 -15.971601 1.507761 31.960243 1.389234 75.885013 nan 3.871745 0.000073 719.202192 0.040528
6.503345 2015 1212.605642 25.582831 4596.325226 358.655770 0.121115 0.002711 -65.577615 1.514097 -17.457579 1.385046 32.354011 1.255995 75.420194 nan 3.871737 0.000073 719.206350 0.040878
13.503345 2015 281.198448 4.952196 690.493149 44.305428 0.127649 0.002460 -64.927557 1.384332 -17.110401 1.313627 32.426482 1.242922 75.829283 nan 3.871738 0.000074 719.206324 0.041189
20.503345 2015 146.520667 2.807522 482.642074 42.734314 -0.159291 0.096897 -63.088826 5.157642 -5.625829 3.172938 27.969239 1.188234 50.933953 nan 3.871739 0.000074 719.205482 0.041371
27.503345 2015 312.007185 5.548638 1009.028310 48.950386 0.121886 0.002801 -60.847124 1.517403 -15.136132 1.436052 27.844845 1.354700 67.569586 nan 3.871741 0.000074 719.204708 0.041434
34.503345 2015 821.938685 13.843326 2309.190675 98.138964 0.131456 0.003665 -60.785845 1.455867 -13.072907 1.428844 31.643361 1.401822 69.253273 nan 3.871742 0.000075 719.204090 0.041600
41.503345 2015 290.295657 5.731193 767.911049 66.786858 0.118079 0.003262 -56.859970 1.355464 -11.268217 1.406416 33.199758 1.457367 62.382891 nan 3.871747 0.000075 719.201508 0.041787
48.503345 2015 453.060240 11.066587 1752.818756 166.200054 0.085273 0.020113 -49.698230 1.549914 -10.056838 1.760886 33.137926 1.971857 55.708326 nan 3.871753 0.000075 719.198263 0.041867
55.503345 2015 563.487748 12.338811 1523.858004 154.333874 0.123582 0.003785 -48.487274 1.180531 -6.693061 1.335869 36.543451 1.491208 64.371896 nan 3.871758 0.000075 719.195209 0.042017
62.503345 2015 1210.490660 26.856059 3925.725801 498.985111 0.136726 0.009369 nan nan nan nan nan nan nan nan nan nan nan nan
69.503345 2015 580.731546 9.902016 1578.842613 92.664813 0.130736 0.003076 -44.140635 0.984050 -2.050737 1.127972 41.476420 1.271895 69.741315 nan 3.871769 0.000076 719.189181 0.042571
76.503345 2015 2170.604780 59.126903 13245.129390 1005.810120 0.125333 0.004446 -42.278967 1.190206 0.132386 1.491482 47.623499 1.792758 69.176133 nan 3.871775 0.000077 719.186095 0.042949
83.503345 2015 2582.396352 52.269652 9557.729159 676.327771 0.141695 0.009270 -42.556959 0.682318 -0.105813 1.833433 48.113278 2.984547 73.104275 nan nan nan nan nan
90.503345 2015 859.188836 15.055002 2749.316131 122.968435 0.119896 0.002494 -37.178780 0.534949 1.991582 0.989067 54.804212 1.443185 71.090844 nan 3.871784 0.000078 719.181475 0.043525
97.503345 2015 644.131509 13.798848 2168.463198 264.905305 0.135283 0.008613 -44.061520 1.010205 1.252171 1.967834 54.277462 2.925463 75.303536 nan 3.871785 0.000079 719.180670 0.043802
104.503345 2015 1672.539655 39.231203 6092.499379 732.158850 0.118327 0.005373 -53.628325 1.168451 0.683400 2.464662 58.092497 3.760873 75.085649 nan 3.871786 0.000079 719.180312 0.044115
111.503345 2015 1575.416204 29.384671 5254.133436 362.445407 0.144794 0.009264 -49.742454 0.980844 0.901637 2.386603 58.211720 3.792362 84.457703 nan 3.871787 0.000080 719.180276 0.044399
118.503345 2015 547.479377 9.963214 1809.437102 85.231509 0.116743 0.002828 -52.062891 1.110430 0.804512 1.283777 58.999421 1.457124 78.321024 nan 3.871784 0.000080 719.181908 0.044742
125.503345 2015 492.503807 9.763487 1529.207084 128.150247 0.125345 0.002746 -54.582400 1.278088 -0.580113 1.402427 55.759257 1.526767 85.227331 nan 3.871780 0.000081 719.184388 0.045013
132.503345 2015 1210.022343 26.204793 4541.930105 383.469753 0.121552 0.003743 -64.877480 1.869735 -2.924077 1.794660 54.764492 1.719585 83.684320 nan 3.871775 0.000081 719.186967 0.045331
139.503345 2015 698.269510 13.157339 2024.396404 160.333465 0.130688 0.002273 -63.565316 1.563446 -4.821086 1.297416 52.990055 1.031387 90.024072 nan 3.871771 0.000082 719.189623 0.045647
146.503345 2015 153.948675 2.481190 395.653207 21.223475 0.101302 0.003834 -61.516911 1.758385 -7.931354 1.601732 36.745801 1.445079 70.075825 nan 3.871764 0.000082 719.193460 0.045947
153.503345 2015 98.826507 1.369640 222.468551 7.265310 0.070580 0.008232 -65.869479 2.954336 -10.703996 3.009203 35.880105 3.064071 48.683729 nan 3.871758 0.000083 719.197194 0.046480
160.503345 2015 906.741183 18.170470 3119.162812 166.268295 0.097293 0.024465 -73.772015 3.352887 -13.272586 3.204570 40.868450 3.056252 77.637460 nan 3.871752 0.000084 719.200488 0.046646
167.503345 2015 829.800857 15.639719 2201.897339 142.071191 0.134852 0.002155 -72.136932 1.576386 -14.514493 1.216720 42.626174 0.857054 88.275194 nan 3.871748 0.000084 719.202977 0.047053
174.503345 2015 1915.824945 44.901640 9525.145619 794.426423 0.149530 0.014146 -69.375442 1.793310 -17.628500 2.693738 39.552509 3.594165 78.043727 nan 3.871743 0.000085 719.205735 0.047345
181.503345 2015 1197.705467 21.140276 4130.585696 174.623904 0.136550 0.001761 -65.862503 0.942973 -17.032008 1.023637 33.777306 1.104301 82.614237 nan 3.871740 0.000086 719.207850 0.047764
188.503345 2015 806.428950 17.384704 2265.106938 284.164314 0.128215 0.002493 -63.280036 1.093371 -17.825026 1.098186 30.760280 1.103001 75.617561 nan 3.871739 0.000086 719.208330 0.048114
195.503345 2015 1180.613065 23.487513 3024.646303 308.437615 0.098182 0.021342 -63.093820 0.761967 -19.620580 1.839957 34.377195 2.917947 69.088571 nan 3.871740 0.000087 719.208125 0.048412
202.503345 2015 837.553571 20.924705 2310.371750 304.818758 0.124047 0.003427 -60.992244 0.980138 -16.396337 1.276647 33.094548 1.573157 67.859234 nan 3.871740 0.000087 719.207964 0.048737
216.503345 2015 569.042664 18.876806 1719.734736 371.596892 0.138810 0.002623 -56.905376 0.996430 -12.695915 1.281879 37.781911 1.567329 70.568222 nan 3.871749 0.000088 719.203570 0.049118
223.503345 2015 636.744639 13.032174 1991.753045 141.612988 0.121475 0.010010 -53.207628 0.918689 -11.667350 1.473699 36.487088 2.028709 64.115469 nan 3.871755 0.000089 719.200242 0.049343
230.503345 2015 2945.092844 57.890990 10717.095885 404.533088 0.132612 0.003541 -50.824561 1.232148 -8.893734 1.373073 38.512739 1.513998 66.132693 nan 3.871760 0.000089 719.197218 0.049566
237.503345 2015 1967.171098 49.540092 8897.848154 1071.886943 0.115835 0.005636 -48.590138 1.339297 -7.342943 1.686264 39.883314 2.033230 58.809021 nan 3.871766 0.000089 719.193974 0.049800
251.503345 2015 2597.319379 63.447815 12092.773732 1136.378462 0.094926 0.016864 -42.661531 0.829565 -5.332565 1.783735 45.345750 2.737905 61.923959 nan 3.871781 0.000090 719.186243 0.050321
258.503345 2015 1859.811381 33.947365 5983.654947 393.318595 0.135212 0.002712 -43.389275 0.535846 -1.372660 1.058567 52.149899 1.581288 72.815804 nan 3.871785 0.000091 719.183695 0.050651
265.503345 2015 1342.441554 28.072622 4891.951346 563.738804 0.133926 0.002379 -44.282566 0.562813 -0.527844 1.053472 50.877537 1.544132 74.798323 nan 3.871790 0.000091 719.181402 0.050766
272.503345 2015 459.806088 7.547995 1394.900570 57.186622 0.122709 0.002947 -40.140027 0.715990 0.814330 1.126681 48.010384 1.537372 71.662499 nan 3.871794 0.000091 719.179298 0.050975
279.503345 2015 2629.891352 61.915433 9384.764333 977.334751 0.125076 0.004034 -52.445575 1.501260 1.674315 1.694114 54.109581 1.886967 75.611730 nan 3.871796 0.000092 719.178329 0.051216
286.503345 2015 3318.325104 64.969085 11784.439586 679.916413 0.127906 0.002201 -48.748635 0.816192 1.193854 1.135267 55.494053 1.454343 79.869963 nan 3.871795 0.000092 719.178791 0.051344
293.503345 2015 1318.323446 29.742699 4980.821667 620.399113 0.129501 0.001908 -51.056617 0.986708 0.793278 1.094602 53.421844 1.202495 83.361037 nan 3.871793 0.000092 719.180130 0.051495
300.503345 2015 369.358065 6.863797 1216.366759 82.625087 0.112985 0.003691 -51.298739 1.421500 -0.675517 1.483690 50.307806 1.545880 74.925868 nan 3.871790 0.000093 719.181644 0.051609
307.503345 2015 1716.422971 43.297422 8560.444843 820.240769 0.123849 0.003206 -61.615065 1.758416 -1.474642 1.593809 48.658921 1.429202 82.987407 nan 3.871785 0.000093 719.184348 0.051723
314.503345 2015 3261.783261 62.437534 11553.412597 458.908174 0.127906 0.008324 -63.268556 1.635330 -6.775177 2.626459 51.867075 3.617589 88.866201 nan 3.871779 0.000093 719.188127 0.051796
321.503345 2015 1677.166898 33.369020 6234.868188 333.765377 0.125826 0.001372 -65.007222 1.425891 -7.467749 1.053431 43.661805 0.680971 85.789236 nan 3.871771 0.000093 719.192166 0.051942
328.503345 2015 584.594125 12.036937 2524.321243 63.231688 0.103813 0.003317 -55.905342 1.539596 -9.916696 1.450078 34.757610 1.360560 71.255345 nan 3.871765 0.000094 719.195672 0.052106
335.503345 2015 531.707320 9.509172 1647.886310 71.338167 0.093954 0.015056 -66.227493 2.042680 -14.906026 2.579078 35.582226 3.115477 75.947643 nan 3.871759 0.000094 719.199412 0.052275
342.503345 2015 912.018274 14.440463 2587.758399 67.528594 0.138299 0.002203 -67.272051 1.688907 -13.478213 1.298575 40.404370 0.908243 91.225834 nan 3.871752 0.000094 719.203234 0.052390
356.503345 2015 1957.326058 44.003397 9190.915331 729.624084 0.121526 0.004296 -67.119938 1.887881 -16.972220 1.691450 31.716678 1.495020 76.836594 nan 3.871743 0.000095 719.208540 0.052757
5.503345 2016 1559.786281 29.673332 5064.806127 410.138203 0.138093 0.002472 -68.796481 1.413090 -17.321689 1.349270 30.988976 1.285451 79.016569 nan 3.871741 0.000095 719.209809 0.053188
12.503345 2016 637.916609 9.724867 1673.528526 73.640944 0.135727 0.002963 -65.550127 1.296942 -16.679198 1.301517 30.711678 1.306093 74.553475 nan 3.871742 0.000096 719.209206 0.053376
19.503345 2016 916.734094 23.429389 3637.756649 523.583119 0.117461 0.004606 -62.377834 1.491984 -16.227019 1.659837 30.484720 1.827691 63.138142 nan 3.871746 0.000096 719.207110 0.053569
26.503345 2016 696.193418 11.934791 1730.493777 109.986085 0.128215 0.004696 -60.983022 1.392829 -14.388802 1.534129 31.279776 1.675429 65.231505 nan 3.871752 0.000096 719.204049 0.053755
33.503345 2016 255.647825 4.521609 855.838611 37.401484 0.096120 0.019434 -53.447010 1.331760 -12.724480 1.466740 30.181519 1.601721 59.574482 nan 3.871757 0.000097 719.201018 0.053907
40.503345 2016 502.947651 10.186228 1605.287053 107.766651 0.116793 0.006261 -53.092177 2.361574 -10.191495 2.383297 33.224594 2.405020 58.668157 nan 3.871764 0.000097 719.197283 0.054182
47.503345 2016 1752.949221 42.135148 8293.429224 851.497252 0.134852 0.004083 -48.380685 0.990935 -6.846031 1.248782 38.748653 1.506629 67.244455 nan 3.871772 0.000098 719.192784 0.054403
54.503345 2016 1514.616095 28.907627 4763.957906 247.752392 0.128266 0.002392 -46.436841 0.702075 -5.944105 0.995560 35.082725 1.289044 65.113083 nan 3.871780 0.000098 719.188477 0.054536
61.503345 2016 621.238599 12.707117 2268.074548 116.060959 0.109641 0.003116 -40.535557 0.918885 -4.626718 1.161484 37.023736 1.404083 57.937716 nan 3.871787 0.000099 719.184741 0.054947
68.503345 2016 1168.802980 22.890425 3939.652608 220.209743 0.127643 0.010184 -40.415377 0.975142 -3.607621 1.805504 41.051783 2.635865 61.972754 nan 3.871794 0.000099 719.181479 0.055289
75.503345 2016 1299.053215 24.742150 4093.829305 232.923906 0.128472 0.003283 -43.567477 0.802473 -0.345661 1.084129 47.736830 1.365784 70.947862 nan 3.871799 0.000100 719.178421 0.055641
82.503345 2016 992.925012 19.862256 3162.164224 214.905148 0.128524 0.002019 -40.760335 0.443403 0.542878 0.862209 49.362979 1.281014 73.903410 nan 3.871803 0.000100 719.176507 0.055800
89.503345 2016 375.726175 5.818241 952.124181 69.512282 0.143939 0.009527 nan nan nan nan nan nan nan nan nan nan nan nan
96.503345 2016 936.401281 17.930655 2616.284644 191.319770 0.127031 0.003044 -48.495640 1.062269 1.555306 1.218666 56.531247 1.375063 78.288785 nan 3.871804 0.000102 719.176239 0.056839
103.503345 2016 1171.615883 27.311085 4849.656526 421.232704 0.103948 0.016065 -63.234355 1.468433 -3.046209 2.975181 59.004105 4.481930 75.155790 nan 3.871802 0.000102 719.177765 0.056831
110.503345 2016 1009.233629 19.639518 3210.284328 208.058090 0.125452 0.001862 -51.078524 0.984457 -0.326901 1.056787 52.090599 1.129118 82.088859 nan 3.871798 0.000103 719.179849 0.057192
117.503345 2016 373.449996 5.036004 812.973832 25.284775 0.165673 0.016365 -60.383308 4.147552 -3.143644 4.639050 52.887206 5.130549 78.109177 nan 3.871792 0.000103 719.183416 0.057392
124.503345 2016 1371.832377 27.003563 4485.437612 208.888049 0.138694 0.009525 -63.123304 1.460845 -4.888025 2.414613 52.451449 3.368382 83.678880 nan 3.871785 0.000104 719.187627 0.057816
131.503345 2016 3194.656030 64.110023 11809.037100 651.657004 0.124253 0.009374 -70.200721 1.880480 -8.520797 2.517540 52.243126 3.154601 86.794254 nan 3.871778 0.000104 719.191505 0.058165
138.503345 2016 1496.713967 28.436278 5505.438737 225.200774 0.136779 0.008849 -70.407732 1.780499 -10.024073 2.195305 38.807659 2.610110 83.868283 nan 3.871771 0.000105 719.195867 0.058485
145.503345 2016 673.728889 11.857324 2201.958726 91.272082 0.144362 0.013361 -71.574253 1.649084 -13.583735 2.659063 38.519779 3.669042 78.893006 nan 3.871763 0.000106 719.200538 0.058865
152.503345 2016 479.630808 7.081824 1074.125610 44.216969 0.135932 0.001785 -71.584652 1.560696 -13.884887 1.177006 39.552246 0.793317 88.871665 nan 3.871756 0.000106 719.204585 0.059296
159.503345 2016 968.230369 21.193792 2923.105434 262.601870 0.130324 0.002863 -69.701274 1.493821 -15.134045 1.318910 34.810878 1.143999 83.542318 nan 3.871752 0.000107 719.207251 0.059673
166.503345 2016 572.899290 9.801870 1443.231456 89.896085 0.141534 0.008819 -67.695788 1.136786 -17.492884 1.521047 33.399341 1.905308 80.560625 nan 3.871748 0.000108 719.209577 0.060012
173.503345 2016 334.224895 5.255657 827.029029 51.821657 0.137116 0.002286 -64.087001 0.848873 -17.095573 0.985743 35.349890 1.122613 80.628081 nan 3.871745 0.000108 719.211242 0.060382
180.503345 2016 284.898658 4.825991 912.026334 45.298166 0.137682 0.002337 -64.569143 0.767532 -17.288095 0.936459 32.297374 1.105385 77.772188 nan 3.871745 0.000109 719.211671 0.060707
187.503345 2016 365.351950 9.474924 1176.019643 145.343001 0.126414 0.006583 -62.688787 2.097791 -17.476403 2.286198 29.716655 2.474606 68.177955 nan 3.871748 0.000110 719.210152 0.061033
194.503345 2016 857.604386 13.507841 2494.606128 85.568114 0.140519 0.002970 -61.279134 1.059498 -15.749914 1.218348 34.682769 1.377197 72.276132 nan 3.871752 0.000110 719.208172 0.061250
201.503345 2016 418.811816 6.854182 1226.524708 52.269170 0.128337 0.003539 -60.319189 1.156102 -16.296239 1.456389 31.683684 1.756676 64.874751 nan 3.871756 0.000110 719.205625 0.061517
208.503345 2016 824.902646 16.008206 2585.418699 161.104714 0.133093 0.003939 -55.339506 1.059573 -13.561710 1.354023 35.784172 1.648473 65.006384 nan 3.871763 0.000111 719.201965 0.061757
215.503345 2016 1083.553184 22.325626 3215.877370 283.507170 0.120659 0.012103 -53.760028 1.043648 -13.079946 1.675510 34.637998 2.307372 62.647926 nan 3.871772 0.000112 719.197132 0.062157
222.503345 2016 1384.651805 21.800291 3742.851422 91.297503 0.142389 0.004158 -50.727115 1.005362 -9.798970 1.297700 38.609281 1.590039 65.712144 nan 3.871781 0.000112 719.192412 0.062168
236.503345 2016 753.832064 16.167850 2184.667929 242.215062 0.125848 0.004109 -45.345571 0.921555 -6.400466 1.313118 42.499674 1.704682 62.070778 nan 3.871797 0.000112 719.183809 0.062617
243.503345 2016 1239.507380 32.700641 4579.250438 613.996814 0.119865 0.011308 -43.939281 0.856782 -5.054061 1.517252 44.005899 2.177723 63.942127 nan 3.871753 0.000113 719.208292 0.062937
257.503345 2016 1304.598812 26.494570 4649.548443 242.486446 0.120754 0.002338 -41.735477 0.576200 -1.653943 0.876456 41.372372 1.176711 65.826711 nan 3.871762 0.000114 719.203290 0.063369
264.503345 2016 521.818717 9.036203 1389.112020 89.579811 0.138756 0.009945 -43.891917 3.125319 1.268397 2.286846 49.053474 1.448372 69.672306 nan 3.871765 0.000114 719.201992 0.063490
271.503345 2016 2771.820867 65.869988 12084.501948 1265.149323 0.119947 0.008636 -51.829601 4.328450 3.969581 2.990593 56.227396 1.652735 71.532426 nan 3.871766 0.000114 719.201294 0.063705
278.503345 2016 2872.520009 54.632607 9618.239032 366.426476 0.124330 0.009848 -51.144235 0.692536 -1.219425 1.768905 50.969729 2.845275 78.322061 nan 3.871765 0.000114 719.202375 0.063788
285.503345 2016 1613.613821 35.847701 6568.998572 689.653762 0.126465 0.002718 -50.911489 1.134262 -0.565436 1.267849 49.529611 1.401435 79.353463 nan 3.871760 0.000115 719.205072 0.063906
292.503345 2016 2028.429676 32.729964 5640.859583 206.316119 0.405173 0.249879 -60.573369 3.394079 -1.438244 3.477541 54.870292 3.561003 86.909192 nan 3.871755 0.000115 719.207927 0.063995
299.503345 2016 2789.863635 62.243592 10456.186076 944.668712 0.117976 0.013920 -59.532190 3.278534 -5.712131 4.054303 53.950577 4.830072 72.977560 nan 3.871748 0.000115 719.211527 0.064071
306.503345 2016 2545.209586 49.814125 9086.711829 488.539594 0.127958 0.005105 -64.247988 4.203669 -2.600321 2.656059 58.688987 1.108449 84.514713 nan 3.871740 0.000115 719.216078 0.064147
313.503345 2016 982.533257 18.798465 3353.070908 171.758885 0.122041 0.003261 -64.571171 1.798357 -6.835435 1.433418 40.965535 1.068480 81.803717 nan 3.871731 0.000115 719.221299 0.064293
327.503345 2016 668.591922 15.227758 2165.557980 213.570144 0.117384 0.008228 -65.061349 1.755656 -13.884811 2.072554 40.799262 2.389452 80.811451 nan 3.871716 0.000116 719.229680 0.064608
334.503345 2016 708.540858 11.141685 2076.145089 55.184165 0.135109 0.001828 -68.273853 1.472451 -14.277951 1.139741 35.541442 0.807030 87.842659 nan 3.871710 0.000116 719.233557 0.064778
341.503345 2016 604.553498 11.103251 1966.326004 104.986458 0.125642 0.003630 -70.201026 1.600865 -16.922414 1.473752 35.513958 1.346640 79.681962 nan 3.871704 0.000117 719.236906 0.065099
348.503345 2016 684.975560 10.338663 1929.119173 59.187819 0.146076 0.009568 -69.723351 1.423456 -18.580695 1.845988 37.638293 2.268521 81.555281 nan 3.871702 0.000117 719.238312 0.065302
355.503345 2016 997.757457 21.797439 3768.005439 328.607629 0.127597 0.003034 -70.426937 1.449201 -18.903271 1.421665 31.480639 1.394130 75.692563 nan 3.871701 0.000117 719.238645 0.065351
362.503345 2016 1263.392185 20.690340 3550.527830 100.599113 0.115115 0.012004 -69.150280 1.323047 -20.064942 1.952547 31.362212 2.582046 71.586382 nan 3.871702 0.000118 719.238179 0.065506
221.502963 2011 488.193222 13.136256 1502.875753 233.423279 0.090147 0.028392 -65.760906 4.384286 -26.651026 5.140588 67.612202 5.896890 39.052536 nan 3.851882 0.000006 730.377806 0.003149
256.503230 2011 1852.281854 35.279012 6064.031333 278.480559 0.131353 0.003548 -49.816103 1.464147 -2.618792 1.327741 47.407406 1.191335 71.110976 nan 3.871823 0.000006 719.150863 0.003148
263.503230 2011 508.696947 13.217363 1811.060979 309.800878 0.123841 0.003754 -45.941058 1.329327 -1.200966 1.411645 42.576578 1.493962 67.047204 nan 3.871829 0.000006 719.147559 0.003287
270.503230 2011 1184.399344 28.168604 6094.379071 422.625396 0.116169 0.007760 -44.172951 2.116629 0.856584 2.317213 48.965170 2.517797 63.139892 nan 3.871865 0.000006 719.127683 0.003511
284.502616 2011 279.044937 5.064040 782.340985 55.455223 0.124358 0.010053 -35.630612 2.311049 6.862786 1.817904 50.469104 1.324760 63.421406 nan 3.871823 0.000007 719.150610 0.004112
298.502616 2011 433.227250 11.305032 2075.169387 300.049260 -0.379520 0.095782 -33.098840 3.437642 15.219224 2.639087 57.968188 1.840531 52.915264 nan 3.871826 0.000008 719.149343 0.004667
312.502616 2011 222.420665 3.569878 589.796515 38.764805 0.119725 0.002629 -34.621833 0.935603 10.551539 1.325437 62.084363 1.715271 75.993051 nan 3.871829 0.000009 719.147823 0.005171
326.502616 2011 54.445969 1.081444 160.031732 12.137426 1.107983 0.195874 -50.518354 5.186352 7.095696 4.319837 63.119527 3.453322 33.007694 nan 3.871834 0.000010 719.144996 0.005636
333.502616 2011 165.032615 3.648125 656.053411 48.400265 0.048720 0.011495 -48.911367 5.177272 5.176607 5.175450 63.718662 5.173628 44.626257 nan 3.871837 0.000010 719.143423 0.005807
354.502616 2011 26.078449 0.838116 141.714088 10.508511 1.572585 0.177885 -52.737036 4.371966 -23.912393 4.421618 48.610561 4.471270 5.841030 nan 3.871841 0.000011 719.141110 0.006225
3.502616 2012 72.263251 1.941837 337.304487 25.868959 1.352699 0.293232 -64.945913 4.741050 -7.325556 4.920300 48.078823 5.099550 40.311825 nan 3.871841 0.000011 719.140946 0.006277
10.502616 2012 78.293074 1.736026 363.571632 9.738323 0.021764 0.000680 -64.404088 5.311747 -8.500718 5.315535 44.307045 5.319323 14.681769 nan 3.871839 0.000011 719.141807 0.006331
17.502616 2012 76.064000 1.848466 336.176436 21.615966 -0.067452 0.028325 -64.028145 4.897084 -14.590360 4.865619 38.775888 4.834154 19.346357 nan 3.871840 0.000011 719.141609 0.006341
24.502616 2012 883.877712 19.145090 3049.384060 312.454670 0.082829 0.017713 -64.692757 3.211970 -11.395551 3.445853 42.175793 3.679736 68.966740 nan 3.871835 0.000011 719.144128 0.006236
31.502616 2012 370.855524 6.199650 1017.747509 57.148960 0.126825 0.002139 -63.905879 1.575917 -11.273131 1.251983 36.849094 0.928048 80.825742 nan 3.871837 0.000011 719.143231 0.006198
38.502616 2012 310.195349 5.319665 1021.950589 45.941524 0.132897 0.002597 -62.878709 1.516382 -10.986702 1.207574 39.994094 0.898765 81.551300 nan 3.871832 0.000011 719.145812 0.006231
45.502616 2012 828.027275 18.740816 3609.864210 208.834450 0.127134 0.003542 -57.297423 1.845770 -9.687820 1.510280 37.951327 1.174790 75.847902 nan 3.871836 0.000011 719.143840 0.006206
52.502616 2012 686.653670 12.926195 1991.101444 135.075085 0.127237 0.002507 -53.894853 1.392207 -8.609712 1.332291 38.417260 1.272375 73.533485 nan 3.871829 0.000011 719.147798 0.006078
59.502616 2012 802.426410 19.769536 2527.341458 332.247664 0.128575 0.003917 -55.260223 2.016161 -6.542743 1.665945 38.748271 1.315729 72.363096 nan 3.871832 0.000011 719.145712 0.006063
66.502616 2012 1472.675130 40.330862 5590.373983 818.120728 0.128523 0.011398 -50.288232 3.755448 -4.121031 3.351598 58.574495 2.947748 63.578637 nan 3.871828 0.000011 719.147965 0.006152
73.502616 2012 1840.747869 38.872215 7574.162356 624.193590 0.132228 0.002522 -50.852486 1.569285 -2.325062 1.483614 45.133074 1.397942 72.295723 nan 3.871834 0.000011 719.144774 0.006162
80.502616 2012 1686.490631 31.237913 5432.763985 238.766483 0.140733 0.009677 -47.616562 1.445663 -1.116830 2.121762 44.951046 2.797860 69.991054 nan 3.871828 0.000011 719.148105 0.006104
94.502616 2012 769.220660 19.318774 2492.956831 369.698819 0.127269 0.003907 -43.815912 1.416305 4.491316 1.513150 53.449672 1.609995 71.697906 nan 3.871831 0.000011 719.146335 0.006382
101.502616 2012 760.939672 15.296033 2321.407442 193.528707 0.130902 0.003617 -49.451203 1.421026 5.875754 1.425553 54.845898 1.430079 75.469137 nan 3.871840 0.000012 719.141445 0.006456
109.502616 2012 294.164775 6.848995 1466.142943 73.190390 0.133273 0.003026 -39.866992 1.625670 7.564974 1.690353 57.269270 1.755035 78.439634 nan 3.872048 0.000010 719.025327 0.005687
116.502616 2012 2764.787583 59.097559 11749.329424 592.882444 0.138305 0.008929 -42.302841 2.605624 10.048837 2.143108 60.413449 1.680591 77.470923 nan 3.871824 0.000012 719.150449 0.006877
129.502616 2012 1075.810504 20.079778 3498.612020 138.598350 0.114308 0.010074 -41.543150 2.485375 10.513849 2.113302 64.384399 1.741229 78.720743 nan 3.871848 0.000013 719.136912 0.007189
136.502616 2012 696.418224 11.134757 1945.797487 85.234735 0.139344 0.009175 -48.568139 2.954537 9.879087 2.222285 65.056896 1.490034 84.315119 nan 3.871843 0.000013 719.139965 0.007362
143.502616 2012 712.081299 15.026178 1922.835360 202.854151 0.168512 0.018449 -44.419911 6.116007 13.406717 3.880702 66.008844 1.645397 73.531796 nan 3.871851 0.000014 719.135568 0.007683
150.502616 2012 263.549819 3.690628 624.624070 22.342881 0.128369 0.002083 -48.743626 0.839541 5.064136 1.181272 67.000952 1.523003 89.247034 nan 3.871846 0.000014 719.138506 0.008025
157.502616 2012 1070.233809 18.098423 3258.939805 86.923077 0.151298 0.014290 -53.475685 1.222693 -1.431341 3.589358 66.529440 5.956023 83.113791 nan 3.871852 0.000015 719.134872 0.008197
164.502616 2012 1025.411925 21.114626 2772.524978 282.488798 0.133804 0.002218 -58.784113 1.316303 -0.122760 1.504692 64.567048 1.693081 94.327547 nan 3.871846 0.000015 719.138326 0.008428
171.502616 2012 1424.032499 34.577840 5030.046303 671.991266 0.153213 0.013944 -63.696410 1.630168 -6.597579 3.505696 58.178149 5.381225 86.660879 nan 3.871851 0.000016 719.135599 0.008794
178.502616 2012 537.164501 12.258736 1837.856837 314.724428 0.135527 0.009705 -64.646985 1.495170 -6.984503 2.486481 56.802218 3.477791 85.319143 nan 3.871851 0.000016 719.135517 0.009190
185.502616 2012 1169.397836 19.584006 3066.645097 149.874008 0.175224 0.019656 -71.530937 1.452739 -14.753171 4.033498 45.624979 6.614256 76.762969 nan 3.871849 0.000017 719.136942 0.009328
192.502616 2012 1789.839305 38.507737 5911.727874 672.414652 0.137805 0.009758 -70.077469 1.926139 -10.708760 2.449509 45.121298 2.972880 84.897168 nan 3.871843 0.000017 719.139956 0.009608
199.502616 2012 3475.018749 77.661990 15646.352735 873.338460 0.136779 0.010229 -71.412976 1.980297 -12.965281 2.367833 39.567226 2.755370 82.330304 nan 3.871846 0.000018 719.138428 0.010018
206.502616 2012 1787.910044 35.674424 7407.907101 330.193554 0.176605 0.018614 -69.985610 1.340083 -16.483551 3.317773 40.363106 5.295463 76.041185 nan 3.871841 0.000019 719.141219 0.010381
213.502616 2012 885.082660 16.802753 3353.535220 207.060023 0.128986 0.002202 -66.011217 1.388036 -12.484378 1.239384 35.262251 1.090732 80.826111 nan 3.871842 0.000019 719.140488 0.010583
220.502616 2012 422.763367 6.658222 1085.121642 51.464059 0.128626 0.002429 -62.840799 1.400555 -11.690969 1.070595 34.353586 0.740636 77.500935 nan 3.871839 0.000020 719.142330 0.010898
227.502616 2012 324.250245 5.573763 814.587642 55.722925 0.128884 0.002830 -58.414824 1.278129 -10.757610 1.139707 37.296170 1.001284 74.703150 nan 3.871841 0.000020 719.141589 0.011325
234.502616 2012 411.281309 6.298429 1152.312431 41.891305 0.104318 0.017003 -55.145395 1.088830 -15.206833 2.672733 40.824737 4.256636 65.678898 nan 3.871839 0.000021 719.142419 0.011675
241.502616 2012 256.619373 3.871555 707.575277 40.878871 0.145435 0.009859 -52.317972 1.084803 -8.646168 1.899013 39.602194 2.713223 72.404505 nan 3.871838 0.000021 719.142959 0.011872
248.502616 2012 1110.375269 27.762026 4577.479102 623.089258 0.110278 0.004971 -47.260469 1.377692 -6.852953 2.064337 38.957378 2.750981 60.489147 nan 3.871839 0.000022 719.142305 0.012191
255.502616 2012 531.965466 8.594274 1303.794915 59.204336 0.128872 0.002130 -46.150747 1.187282 -3.536196 1.170991 41.669777 1.154701 69.346767 nan 3.871841 0.000023 719.141648 0.012614
262.502616 2012 421.734914 8.351650 1313.632191 135.084469 0.133574 0.003151 -45.059107 1.155091 -1.580306 1.267455 47.573090 1.379818 71.393070 nan 3.871844 0.000023 719.139732 0.012921
269.502616 2012 148.037151 2.102647 345.813456 21.128869 0.018807 0.046635 -43.437616 2.750529 -1.266097 3.128917 47.017069 3.507304 49.448271 nan 3.871844 0.000024 719.140115 0.013101
276.502616 2012 460.791133 13.827033 2381.597045 503.738778 0.777398 0.363583 -38.409589 3.297286 5.889523 2.303961 50.825402 1.310636 61.653830 nan 3.871849 0.000024 719.137333 0.013419
283.502616 2012 2676.268732 76.684571 16661.797197 1897.668733 0.122300 0.005272 -40.445295 2.296988 6.109307 2.043890 55.917817 1.790792 69.770656 nan 3.871841 0.000025 719.141895 0.013837
290.502616 2012 2563.163882 55.459659 10290.276025 842.944679 0.138505 0.002187 -41.213032 0.833440 5.762585 1.157943 60.082268 1.482446 80.936984 nan 3.871855 0.000025 719.133901 0.014108
304.502616 2012 792.675757 16.326557 2924.625614 179.805904 0.109950 0.003905 -40.996462 1.290601 7.680355 1.562624 62.834299 1.834648 70.106138 nan 3.871801 0.000026 719.164015 0.014639
311.502616 2012 349.752712 5.545803 857.284749 38.555516 0.128472 0.003499 -43.497824 1.178211 7.531798 1.478738 66.710638 1.779265 83.799851 nan 3.871799 0.000027 719.165291 0.015012
339.502616 2012 99.896628 1.538655 280.256592 7.604372 0.054723 0.012561 -44.576303 2.265856 -0.094182 2.503206 47.898193 2.740556 44.551496 nan 3.871804 0.000028 719.162842 0.015836
15.502616 2013 272.319324 6.279397 1137.360800 70.579122 1.038196 0.357196 -68.468827 6.056253 -7.180963 5.239984 42.162920 4.423715 51.166946 nan 3.871951 0.000029 719.080679 0.016404
22.501227 2013 288.828476 3.501529 761.947249 32.881744 0.118912 0.008250 -64.807877 3.278267 -15.039177 3.825986 35.211379 4.373706 75.771339 nan 3.872640 0.000031 718.697296 0.017225
29.502616 2013 348.770385 7.148789 1180.174264 106.989534 0.133533 0.002437 -63.348701 1.520620 -13.255083 1.375796 38.706283 1.230971 81.351064 nan 3.871929 0.000030 719.092737 0.016463
50.501181 2013 124.901478 3.038807 548.212029 41.066319 0.000868 0.017840 -52.229436 4.171237 -6.795664 4.020102 38.198818 3.868966 23.715378 nan 3.871728 0.000032 719.205335 0.017579
57.501181 2013 415.956375 14.989984 1912.042084 351.618199 0.009522 0.015446 -53.905379 4.101618 -6.043389 4.226209 40.041066 4.350801 22.149326 nan 3.871730 0.000032 719.204274 0.017765
64.501181 2013 481.865645 8.135698 1417.389477 70.317961 0.135418 0.002606 -52.452382 1.346853 -4.558223 1.349637 41.408235 1.352421 72.887428 nan 3.871732 0.000032 719.203230 0.018026
71.501181 2013 184.313227 2.811179 506.432939 19.988270 0.108195 0.004050 -47.995106 1.577615 -2.874870 1.644754 40.877988 1.711893 59.935772 nan 3.871734 0.000033 719.202173 0.018200
78.501181 2013 1476.115847 31.557479 5901.251328 560.442503 0.102196 0.016588 -49.239748 1.464067 -4.972466 2.795322 48.846341 4.126577 67.953076 nan 3.871737 0.000033 719.200554 0.018386
85.501181 2013 1155.400174 23.838146 3733.497492 349.126755 0.129352 0.003775 -45.612558 1.388911 1.788776 1.371843 48.689570 1.354776 72.255203 nan 3.871741 0.000033 719.198163 0.018663
92.501181 2013 927.231616 18.450723 2545.615212 222.223747 0.143725 0.009475 -45.279934 1.132156 2.268398 2.130423 51.919558 3.128690 74.570665 nan 3.871744 0.000034 719.196743 0.018893
99.501181 2013 278.411775 4.716708 838.504457 26.847210 0.104187 0.002764 -35.930067 1.188086 5.886855 1.293473 47.555536 1.398860 62.760310 nan 3.871746 0.000034 719.195602 0.019130
106.501181 2013 127.268727 2.309414 436.695762 19.539398 0.067040 0.002932 -25.935224 1.179888 7.426484 1.368438 44.686931 1.556988 42.257911 nan 3.871749 0.000035 719.194036 0.019372
113.501181 2013 529.793901 13.710316 2803.020676 161.545626 0.047827 0.024941 -39.572333 2.741441 8.512463 2.781435 59.012210 2.821430 52.160475 nan 3.871752 0.000035 719.192139 0.019679
120.501181 2013 1153.675229 26.956939 3687.946376 416.315337 0.137218 0.003184 -47.809870 1.176369 6.753849 1.413284 63.465819 1.650198 88.554254 nan 3.871754 0.000036 719.191291 0.020045
127.501181 2013 643.743049 11.109810 1919.206509 124.910566 0.131713 0.001777 -45.094795 0.755273 6.489293 1.124262 62.578398 1.493251 87.831822 nan 3.871754 0.000036 719.191379 0.020290
134.501181 2013 397.440187 11.331049 1201.488205 194.427744 0.110876 0.003988 -45.430478 1.534089 5.112747 1.773770 61.634186 2.013451 76.124258 nan 3.871754 0.000037 719.191153 0.020528
141.501181 2013 746.272357 17.550699 2053.878748 232.618587 0.126200 0.002489 -53.131187 1.178794 2.875407 1.420649 65.635727 1.662505 87.674230 nan 3.871755 0.000037 719.190953 0.020863
148.501181 2013 1412.558168 25.491350 4071.145690 224.677899 0.175729 0.020467 -58.004824 4.352192 -3.983670 5.922800 70.540002 7.493408 75.366373 nan 3.871753 0.000038 719.191948 0.021183
155.501181 2013 1676.999580 39.500104 6136.717761 905.377385 0.143584 0.009361 -61.136874 1.350740 -2.469472 2.639063 63.974848 3.927387 90.805393 nan 3.871750 0.000038 719.193469 0.021418
162.501181 2013 1246.461993 24.971621 4345.407320 331.765389 0.130849 0.001877 -70.263812 1.562231 -4.812130 1.301829 53.042307 1.041426 92.100896 nan 3.871749 0.000039 719.194367 0.021651
169.501181 2013 536.691703 10.129464 1854.289209 66.666794 0.113634 0.009994 -57.365635 1.695096 -8.272284 2.125639 43.489407 2.556182 70.885426 nan 3.871748 0.000039 719.195126 0.022009
176.501181 2013 1219.860324 29.653068 3696.749047 435.392095 0.125880 0.014899 -73.825739 2.198011 -12.401345 2.951428 47.490051 3.704845 82.356791 nan 3.871742 0.000039 719.198017 0.021992
183.501181 2013 1609.668714 37.695055 7154.218961 713.597429 0.139878 0.009736 -73.917450 1.881931 -13.439711 2.429271 43.344729 2.976611 85.969953 nan 3.871744 0.000040 719.197070 0.022033
190.501181 2013 1725.511220 33.013647 5960.666706 301.387439 0.138329 0.009325 -70.964473 1.613188 -14.701883 2.095806 35.157275 2.578425 82.962859 nan 3.871738 0.000041 719.200377 0.022896
197.501181 2013 1805.171884 35.331082 5902.168762 379.310899 0.122991 0.010512 -69.046187 1.469719 -14.542351 1.765712 37.833238 2.061705 81.817995 nan 3.871737 0.000042 719.201205 0.023267
204.501181 2013 834.352049 13.638195 2196.201079 124.850322 0.137013 0.002361 -66.023898 1.137140 -14.333679 1.134960 38.602598 1.132781 83.210688 nan 3.871735 0.000042 719.202491 0.023621
211.501181 2013 300.283426 4.410907 763.210178 30.962549 0.132434 0.001557 -62.555472 1.160576 -13.745872 1.051529 33.104650 0.942481 78.472569 nan 3.871733 0.000043 719.203509 0.023868
218.501181 2013 613.470277 11.968759 1972.719868 138.057457 0.131353 0.004047 -58.468115 1.169846 -12.051059 1.286875 35.984355 1.403905 75.146352 nan 3.871734 0.000043 719.203048 0.024138
225.501181 2013 532.388070 11.147582 1474.238544 128.297091 0.114110 0.009482 -53.822574 1.193904 -12.303885 1.739048 36.898755 2.284192 66.876536 nan 3.871735 0.000044 719.202831 0.024490
232.501181 2013 607.288529 9.608744 1771.910323 73.845521 0.147145 0.009543 -55.148666 1.027003 -9.865242 1.644208 39.847529 2.261414 72.222989 nan 3.871736 0.000044 719.202213 0.024780
239.501181 2013 693.989842 13.166910 2089.889591 107.257556 0.128337 0.003191 -50.956195 1.120445 -7.849192 1.271095 39.824508 1.421744 68.294460 nan 3.871737 0.000045 719.201793 0.024965
246.501181 2013 406.616413 6.923850 1186.900602 66.651241 0.131490 0.001868 -47.578934 0.869764 -5.863561 1.097582 41.325771 1.325401 69.584113 nan 3.871740 0.000045 719.199812 0.025206
253.501181 2013 144.502757 2.032949 376.437859 17.047700 0.123849 0.003205 -45.024777 1.084662 -3.366691 1.360119 45.798912 1.635575 65.967583 nan 3.871744 0.000046 719.197969 0.025534
260.501181 2013 171.393821 3.519927 596.321380 50.768960 0.129139 0.007419 -47.761204 3.587167 0.855713 2.466422 49.963604 1.345677 68.698885 nan 3.871746 0.000046 719.196619 0.025795
267.501181 2013 176.292182 3.181012 575.737221 28.242272 0.077005 0.008761 -44.617326 4.756108 1.953708 4.564126 50.659761 4.372145 41.167989 nan 3.871749 0.000047 719.195067 0.025966
274.501181 2013 637.435993 16.639305 3738.842994 286.251070 -1.279570 0.229399 -45.974317 3.722610 3.428381 3.584381 57.605733 3.446152 56.481733 nan 3.871754 0.000047 719.192676 0.026212
281.501181 2013 577.338941 11.554084 1578.343666 166.917755 0.129244 0.004138 -44.694061 1.490454 3.593631 1.515712 56.159186 1.540970 75.107017 nan 3.871758 0.000048 719.190348 0.026500
288.501181 2013 680.263516 14.624079 2007.251562 200.046064 0.131765 0.002578 -39.995894 0.616434 5.172431 1.111312 57.684982 1.606190 79.587719 nan 3.871761 0.000048 719.188948 0.026727
295.501181 2013 232.599394 3.349218 597.832092 19.305131 0.118542 0.002311 -38.576386 0.698293 5.629950 1.093661 56.245162 1.489028 74.672905 nan 3.871762 0.000048 719.188213 0.026885
302.501181 2013 258.191342 5.577921 786.645805 71.197866 0.108303 0.003074 -39.953724 1.084695 5.658466 1.329303 55.310938 1.573912 70.690409 nan 3.871765 0.000049 719.186793 0.027099
309.501181 2013 243.993435 8.802733 797.226703 133.091149 0.047595 0.006955 -42.632702 5.494465 4.804699 5.429216 58.119155 5.363966 31.340510 nan 3.871766 0.000049 719.185945 0.027347
316.501181 2013 713.151641 15.266445 2155.844104 225.422020 0.127443 0.002687 -50.778934 1.020503 3.389730 1.267585 58.772538 1.514666 86.648880 nan 3.871765 0.000049 719.186795 0.027505
323.501181 2013 155.997577 3.279584 435.306354 45.216166 -0.068532 0.077146 -49.004003 5.108377 5.045330 4.148532 55.440707 3.188687 71.418955 nan 3.871763 0.000049 719.187937 0.027577
337.501783 2013 118.868658 2.715513 500.407687 33.445756 0.036718 0.009533 -60.788729 5.751781 -3.883120 5.798609 49.197603 5.845437 30.819223 nan 3.871760 0.000050 719.189531 0.027885
345.543449 2013 372.173124 4.758865 1167.933370 115.965312 0.126898 0.004635 -65.601463 2.459052 -6.549216 2.123314 48.996212 1.787577 89.029692 nan 3.869245 0.000044 720.593062 0.024516
351.501852 2013 198.707827 5.663576 780.064035 95.396112 -0.423792 0.115998 -64.397585 4.704705 -6.920931 5.193681 46.540714 5.682657 48.475788 nan 3.871750 0.000050 719.194973 0.028079
358.501852 2013 65.240813 1.757238 343.009598 21.905704 -0.254060 0.080698 -65.923325 5.623725 -3.336870 5.771940 59.986724 5.920155 18.061399 nan 3.871747 0.000051 719.196627 0.028274
7.501852 2014 139.269411 2.636653 509.311029 22.150353 0.045576 0.005226 -68.734709 4.655497 -15.319195 4.613500 34.075507 4.571502 29.637485 nan 3.871740 0.000051 719.201132 0.028644
14.501852 2014 97.980735 1.919978 389.490561 21.749814 0.007507 0.011666 -66.795095 4.993336 -14.688376 5.109309 50.840287 5.225282 23.235253 nan 3.871737 0.000052 719.202732 0.028766
42.503368 2014 487.043144 8.242990 1365.372614 81.243661 0.168668 0.021821 -60.487676 1.488455 -11.374415 2.014035 37.880309 2.539615 74.386302 nan 3.871737 0.000053 719.202914 0.029535
49.503368 2014 1002.409736 20.168680 6531.921290 3176.383250 0.073799 0.034527 -55.752651 1.833305 -9.389691 2.393419 34.704373 2.953533 64.482904 nan 3.873074 0.000046 718.457166 0.025859
56.503368 2014 772.411274 15.633547 2606.874827 178.676637 0.118880 0.003437 -57.940278 1.512302 -7.121867 1.466395 36.258145 1.420488 64.179372 nan 3.871745 0.000054 719.198635 0.030050
63.503368 2014 258.454566 4.388677 661.511912 33.608802 0.147196 0.010411 -51.464074 1.202377 -5.715259 1.964961 43.817306 2.727544 70.885051 nan 3.871747 0.000054 719.197264 0.030197
77.503368 2014 56.667928 1.768753 250.069445 29.292186 -2.913179 0.288165 -42.874994 3.390138 -15.669643 3.613267 44.653198 3.836396 6.501730 nan 3.871758 0.000055 719.191268 0.030758
84.503368 2014 89.127576 2.015192 375.354556 22.115441 0.000566 0.011527 -41.605810 4.223962 2.124656 4.185088 47.859310 4.146214 14.591445 nan 3.871763 0.000056 719.188946 0.031090
91.503368 2014 66.250318 1.944925 302.621503 28.331598 -0.153490 0.044136 -48.805741 4.609225 2.748492 4.475088 51.752708 4.340952 28.668720 nan 3.871765 0.000056 719.187611 0.031314
98.503368 2014 202.725466 9.574293 740.803162 174.371852 -0.033598 0.029784 -39.650008 4.456120 0.441396 4.578840 50.858050 4.701561 26.152163 nan 3.871769 0.000057 719.185764 0.031585
105.503368 2014 552.970358 12.156097 1486.080267 166.146868 0.125282 0.002637 -40.249113 0.734594 4.737069 1.157337 59.701756 1.580079 78.185620 nan 3.871773 0.000057 719.183656 0.031984
112.503368 2014 456.021463 8.749429 1277.768046 93.652785 0.159522 0.015428 -44.191675 5.037284 8.734955 3.177948 61.350738 1.318612 74.876821 nan 3.871774 0.000058 719.183262 0.032311
119.503368 2014 518.276191 12.612329 1784.569281 186.643331 0.063753 0.042051 -47.545763 3.465367 5.475370 3.400124 62.367428 3.334881 75.069083 nan 3.871772 0.000058 719.184247 0.032517
126.503368 2014 569.564026 12.954640 1861.572569 180.371897 0.123155 0.002461 -47.819414 1.124065 2.917714 1.328834 59.145751 1.533603 83.770301 nan 3.871771 0.000059 719.184574 0.032792
133.503368 2014 289.856382 5.168821 926.462390 52.279715 0.126200 0.001881 -51.018378 0.976213 1.256468 1.169973 59.296370 1.363734 87.036196 nan 3.871771 0.000060 719.184875 0.033166
140.503368 2014 145.683061 4.605220 526.361723 98.472473 -2.171216 0.381406 -54.435130 3.520775 -11.092061 4.989843 61.311080 6.458911 28.025077 nan 3.871768 0.000060 719.186642 0.033455
147.503368 2014 158.893960 3.581069 706.855891 48.010216 -0.373315 0.105482 -62.281743 4.356365 -0.615582 4.477063 56.907519 4.597762 35.821144 nan 3.871763 0.000060 719.189555 0.033655
154.503368 2014 61.827322 1.776488 261.600188 26.711001 -1.397972 0.211859 -66.058434 4.061988 -25.113066 4.321185 52.397300 4.580382 15.054920 nan 3.871759 0.000061 719.191609 0.033953
168.503368 2014 167.235487 4.575441 818.851713 86.677470 1.863055 0.318955 -75.001946 4.170804 -23.843197 4.416956 39.376750 4.663108 39.065712 nan 3.871750 0.000062 719.197063 0.034553
175.503368 2014 63.037980 1.432230 242.665023 16.344400 -1.144368 0.193335 -69.081445 3.952675 -13.967921 4.081536 38.245903 4.210398 39.763831 nan 3.871746 0.000063 719.199547 0.034886
182.503368 2014 49.875461 1.333251 250.755916 17.798488 -1.057234 0.406981 -70.248954 4.085746 -32.001268 4.576059 55.555830 5.066372 25.454643 nan 3.871743 0.000063 719.201101 0.035232
189.503368 2014 33.497771 1.092066 174.336377 13.867964 -1.747130 0.220725 -68.518200 4.743523 6.914723 5.066957 48.780460 5.390391 20.518633 nan 3.871741 0.000064 719.202625 0.035611
210.503368 2014 47.580279 1.851921 221.485100 29.007063 -1.814122 0.215119 -57.688442 3.034319 -17.869979 3.426074 30.840486 3.817828 37.311480 nan 3.871738 0.000065 719.204468 0.036454
217.503368 2014 203.715173 4.212815 875.017159 32.721825 0.049576 0.005265 -55.884915 3.859913 -14.295731 4.019638 38.282520 4.179364 25.758274 nan 3.871740 0.000066 719.203145 0.036788
224.503368 2014 122.529375 2.758820 533.698749 30.671620 0.020156 0.007981 -55.423583 3.764346 -11.294802 3.891023 36.614984 4.017699 15.459244 nan 3.871741 0.000066 719.202780 0.036958
231.503368 2014 151.751554 3.776528 814.282690 52.392505 -0.886576 0.176915 -53.594493 3.470946 -1.323385 3.388376 38.617477 3.305806 23.260083 nan 3.871745 0.000067 719.200917 0.037173
238.503368 2014 637.363428 17.351859 3287.047567 293.981326 0.048763 0.013007 -49.346859 4.115652 -7.410191 4.225488 39.718554 4.335324 31.114059 nan 3.871749 0.000067 719.198362 0.037451
245.503368 2014 783.963480 13.683853 2280.788530 109.401377 0.128979 0.002917 -45.956720 1.044652 -5.396934 1.238758 42.804879 1.432865 67.152458 nan 3.871755 0.000068 719.195306 0.037733
259.503368 2014 477.784147 11.506950 2262.943631 170.444011 -0.255904 0.118103 -40.307946 4.370424 1.691574 3.887905 43.302516 3.405387 44.203146 nan 3.871764 0.000068 719.190674 0.038095
266.503368 2014 681.265890 14.079417 2308.168011 160.464333 0.114391 0.009602 -42.320360 2.208687 -0.702582 2.740835 53.865676 3.272983 65.614073 nan 3.871769 0.000069 719.187853 0.038381
273.503368 2014 715.131134 12.021323 2244.618951 60.385880 0.124510 0.002147 -38.429172 0.519214 1.437902 1.011307 51.329118 1.503400 72.015386 nan 3.871775 0.000069 719.184776 0.038656
280.503368 2014 437.177430 8.119784 1364.986115 85.044182 0.119262 0.002368 -39.445486 0.567208 2.467613 1.048613 52.830453 1.530018 71.594987 nan 3.871778 0.000070 719.182873 0.038802
287.503368 2014 561.186375 12.329089 1437.357570 146.288554 0.123121 0.003321 -40.857914 1.009027 3.945188 1.333953 54.191866 1.658879 76.239872 nan 3.871778 0.000070 719.182759 0.038887
294.503368 2014 989.040499 18.614272 2980.249301 152.179414 0.126928 0.002576 -49.864371 0.890513 2.717050 1.282422 60.093182 1.674331 81.268036 nan 3.871779 0.000070 719.182343 0.039039
308.503345 2014 746.539834 16.744803 2181.319361 252.841838 0.119725 0.002223 -52.983717 1.055063 1.526459 1.212422 53.705804 1.369781 80.725458 nan 3.871778 0.000071 719.183028 0.039486
315.503345 2014 620.253598 14.571408 1903.207833 229.642317 0.121423 0.002563 -54.664986 1.314546 -0.120985 1.248499 51.396378 1.182451 83.110379 nan 3.871774 0.000071 719.185396 0.039512
322.503345 2014 802.764698 14.035075 2514.400243 91.124615 0.129192 0.001490 -60.146372 1.267637 -2.839518 1.179587 51.194433 1.091537 89.192210 nan 3.871770 0.000071 719.187510 0.039636
329.503345 2014 319.119885 5.749100 972.986597 59.584625 0.121231 0.001829 -58.314901 1.323833 -5.875221 1.158736 44.423961 0.993640 84.093983 nan 3.871767 0.000072 719.189373 0.039846
336.503345 2014 346.822868 6.630292 1097.193280 87.404708 0.123582 0.003252 -69.127889 1.798690 -7.777563 1.455226 48.694094 1.111762 85.431357 nan 3.871762 0.000072 719.192496 0.039970
343.503345 2014 1211.731146 20.633351 3472.011388 110.510784 0.130839 0.001873 -68.829025 1.641251 -10.687044 1.207024 42.594006 0.772796 89.457002 nan 3.871755 0.000072 719.196400 0.040035
350.503345 2014 621.345246 10.609799 1683.793542 86.179689 0.132184 0.009144 -63.357924 1.541593 -15.000371 1.989197 33.572584 2.436802 80.653480 nan 3.871749 0.000072 719.199319 0.040217
357.503345 2014 698.039623 14.626217 2389.420785 180.428561 0.114220 0.003318 -66.786425 1.626288 -15.971601 1.507761 31.960243 1.389234 75.885013 nan 3.871745 0.000073 719.202192 0.040528
6.503345 2015 1212.605642 25.582831 4596.325226 358.655770 0.121115 0.002711 -65.577615 1.514097 -17.457579 1.385046 32.354011 1.255995 75.420194 nan 3.871737 0.000073 719.206350 0.040878
13.503345 2015 281.198448 4.952196 690.493149 44.305428 0.127649 0.002460 -64.927557 1.384332 -17.110401 1.313627 32.426482 1.242922 75.829283 nan 3.871738 0.000074 719.206324 0.041189
20.503345 2015 146.520667 2.807522 482.642074 42.734314 -0.159291 0.096897 -63.088826 5.157642 -5.625829 3.172938 27.969239 1.188234 50.933953 nan 3.871739 0.000074 719.205482 0.041371
27.503345 2015 312.007185 5.548638 1009.028310 48.950386 0.121886 0.002801 -60.847124 1.517403 -15.136132 1.436052 27.844845 1.354700 67.569586 nan 3.871741 0.000074 719.204708 0.041434
34.503345 2015 821.938685 13.843326 2309.190675 98.138964 0.131456 0.003665 -60.785845 1.455867 -13.072907 1.428844 31.643361 1.401822 69.253273 nan 3.871742 0.000075 719.204090 0.041600
41.503345 2015 290.295657 5.731193 767.911049 66.786858 0.118079 0.003262 -56.859970 1.355464 -11.268217 1.406416 33.199758 1.457367 62.382891 nan 3.871747 0.000075 719.201508 0.041787
48.503345 2015 453.060240 11.066587 1752.818756 166.200054 0.085273 0.020113 -49.698230 1.549914 -10.056838 1.760886 33.137926 1.971857 55.708326 nan 3.871753 0.000075 719.198263 0.041867
55.503345 2015 563.487748 12.338811 1523.858004 154.333874 0.123582 0.003785 -48.487274 1.180531 -6.693061 1.335869 36.543451 1.491208 64.371896 nan 3.871758 0.000075 719.195209 0.042017
62.503345 2015 1210.490660 26.856059 3925.725801 498.985111 0.136726 0.009369 nan nan nan nan nan nan nan nan nan nan nan nan
69.503345 2015 580.731546 9.902016 1578.842613 92.664813 0.130736 0.003076 -44.140635 0.984050 -2.050737 1.127972 41.476420 1.271895 69.741315 nan 3.871769 0.000076 719.189181 0.042571
76.503345 2015 2170.604780 59.126903 13245.129390 1005.810120 0.125333 0.004446 -42.278967 1.190206 0.132386 1.491482 47.623499 1.792758 69.176133 nan 3.871775 0.000077 719.186095 0.042949
83.503345 2015 2582.396352 52.269652 9557.729159 676.327771 0.141695 0.009270 -42.556959 0.682318 -0.105813 1.833433 48.113278 2.984547 73.104275 nan nan nan nan nan
90.503345 2015 859.188836 15.055002 2749.316131 122.968435 0.119896 0.002494 -37.178780 0.534949 1.991582 0.989067 54.804212 1.443185 71.090844 nan 3.871784 0.000078 719.181475 0.043525
97.503345 2015 644.131509 13.798848 2168.463198 264.905305 0.135283 0.008613 -44.061520 1.010205 1.252171 1.967834 54.277462 2.925463 75.303536 nan 3.871785 0.000079 719.180670 0.043802
104.503345 2015 1672.539655 39.231203 6092.499379 732.158850 0.118327 0.005373 -53.628325 1.168451 0.683400 2.464662 58.092497 3.760873 75.085649 nan 3.871786 0.000079 719.180312 0.044115
111.503345 2015 1575.416204 29.384671 5254.133436 362.445407 0.144794 0.009264 -49.742454 0.980844 0.901637 2.386603 58.211720 3.792362 84.457703 nan 3.871787 0.000080 719.180276 0.044399
118.503345 2015 547.479377 9.963214 1809.437102 85.231509 0.116743 0.002828 -52.062891 1.110430 0.804512 1.283777 58.999421 1.457124 78.321024 nan 3.871784 0.000080 719.181908 0.044742
125.503345 2015 492.503807 9.763487 1529.207084 128.150247 0.125345 0.002746 -54.582400 1.278088 -0.580113 1.402427 55.759257 1.526767 85.227331 nan 3.871780 0.000081 719.184388 0.045013
132.503345 2015 1210.022343 26.204793 4541.930105 383.469753 0.121552 0.003743 -64.877480 1.869735 -2.924077 1.794660 54.764492 1.719585 83.684320 nan 3.871775 0.000081 719.186967 0.045331
139.503345 2015 698.269510 13.157339 2024.396404 160.333465 0.130688 0.002273 -63.565316 1.563446 -4.821086 1.297416 52.990055 1.031387 90.024072 nan 3.871771 0.000082 719.189623 0.045647
146.503345 2015 153.948675 2.481190 395.653207 21.223475 0.101302 0.003834 -61.516911 1.758385 -7.931354 1.601732 36.745801 1.445079 70.075825 nan 3.871764 0.000082 719.193460 0.045947
153.503345 2015 98.826507 1.369640 222.468551 7.265310 0.070580 0.008232 -65.869479 2.954336 -10.703996 3.009203 35.880105 3.064071 48.683729 nan 3.871758 0.000083 719.197194 0.046480
160.503345 2015 906.741183 18.170470 3119.162812 166.268295 0.097293 0.024465 -73.772015 3.352887 -13.272586 3.204570 40.868450 3.056252 77.637460 nan 3.871752 0.000084 719.200488 0.046646
167.503345 2015 829.800857 15.639719 2201.897339 142.071191 0.134852 0.002155 -72.136932 1.576386 -14.514493 1.216720 42.626174 0.857054 88.275194 nan 3.871748 0.000084 719.202977 0.047053
174.503345 2015 1915.824945 44.901640 9525.145619 794.426423 0.149530 0.014146 -69.375442 1.793310 -17.628500 2.693738 39.552509 3.594165 78.043727 nan 3.871743 0.000085 719.205735 0.047345
181.503345 2015 1197.705467 21.140276 4130.585696 174.623904 0.136550 0.001761 -65.862503 0.942973 -17.032008 1.023637 33.777306 1.104301 82.614237 nan 3.871740 0.000086 719.207850 0.047764
188.503345 2015 806.428950 17.384704 2265.106938 284.164314 0.128215 0.002493 -63.280036 1.093371 -17.825026 1.098186 30.760280 1.103001 75.617561 nan 3.871739 0.000086 719.208330 0.048114
195.503345 2015 1180.613065 23.487513 3024.646303 308.437615 0.098182 0.021342 -63.093820 0.761967 -19.620580 1.839957 34.377195 2.917947 69.088571 nan 3.871740 0.000087 719.208125 0.048412
202.503345 2015 837.553571 20.924705 2310.371750 304.818758 0.124047 0.003427 -60.992244 0.980138 -16.396337 1.276647 33.094548 1.573157 67.859234 nan 3.871740 0.000087 719.207964 0.048737
216.503345 2015 569.042664 18.876806 1719.734736 371.596892 0.138810 0.002623 -56.905376 0.996430 -12.695915 1.281879 37.781911 1.567329 70.568222 nan 3.871749 0.000088 719.203570 0.049118
223.503345 2015 636.744639 13.032174 1991.753045 141.612988 0.121475 0.010010 -53.207628 0.918689 -11.667350 1.473699 36.487088 2.028709 64.115469 nan 3.871755 0.000089 719.200242 0.049343
230.503345 2015 2945.092844 57.890990 10717.095885 404.533088 0.132612 0.003541 -50.824561 1.232148 -8.893734 1.373073 38.512739 1.513998 66.132693 nan 3.871760 0.000089 719.197218 0.049566
237.503345 2015 1967.171098 49.540092 8897.848154 1071.886943 0.115835 0.005636 -48.590138 1.339297 -7.342943 1.686264 39.883314 2.033230 58.809021 nan 3.871766 0.000089 719.193974 0.049800
251.503345 2015 2597.319379 63.447815 12092.773732 1136.378462 0.094926 0.016864 -42.661531 0.829565 -5.332565 1.783735 45.345750 2.737905 61.923959 nan 3.871781 0.000090 719.186243 0.050321
258.503345 2015 1859.811381 33.947365 5983.654947 393.318595 0.135212 0.002712 -43.389275 0.535846 -1.372660 1.058567 52.149899 1.581288 72.815804 nan 3.871785 0.000091 719.183695 0.050651
265.503345 2015 1342.441554 28.072622 4891.951346 563.738804 0.133926 0.002379 -44.282566 0.562813 -0.527844 1.053472 50.877537 1.544132 74.798323 nan 3.871790 0.000091 719.181402 0.050766
272.503345 2015 459.806088 7.547995 1394.900570 57.186622 0.122709 0.002947 -40.140027 0.715990 0.814330 1.126681 48.010384 1.537372 71.662499 nan 3.871794 0.000091 719.179298 0.050975
279.503345 2015 2629.891352 61.915433 9384.764333 977.334751 0.125076 0.004034 -52.445575 1.501260 1.674315 1.694114 54.109581 1.886967 75.611730 nan 3.871796 0.000092 719.178329 0.051216
286.503345 2015 3318.325104 64.969085 11784.439586 679.916413 0.127906 0.002201 -48.748635 0.816192 1.193854 1.135267 55.494053 1.454343 79.869963 nan 3.871795 0.000092 719.178791 0.051344
293.503345 2015 1318.323446 29.742699 4980.821667 620.399113 0.129501 0.001908 -51.056617 0.986708 0.793278 1.094602 53.421844 1.202495 83.361037 nan 3.871793 0.000092 719.180130 0.051495
300.503345 2015 369.358065 6.863797 1216.366759 82.625087 0.112985 0.003691 -51.298739 1.421500 -0.675517 1.483690 50.307806 1.545880 74.925868 nan 3.871790 0.000093 719.181644 0.051609
307.503345 2015 1716.422971 43.297422 8560.444843 820.240769 0.123849 0.003206 -61.615065 1.758416 -1.474642 1.593809 48.658921 1.429202 82.987407 nan 3.871785 0.000093 719.184348 0.051723
314.503345 2015 3261.783261 62.437534 11553.412597 458.908174 0.127906 0.008324 -63.268556 1.635330 -6.775177 2.626459 51.867075 3.617589 88.866201 nan 3.871779 0.000093 719.188127 0.051796
321.503345 2015 1677.166898 33.369020 6234.868188 333.765377 0.125826 0.001372 -65.007222 1.425891 -7.467749 1.053431 43.661805 0.680971 85.789236 nan 3.871771 0.000093 719.192166 0.051942
328.503345 2015 584.594125 12.036937 2524.321243 63.231688 0.103813 0.003317 -55.905342 1.539596 -9.916696 1.450078 34.757610 1.360560 71.255345 nan 3.871765 0.000094 719.195672 0.052106
335.503345 2015 531.707320 9.509172 1647.886310 71.338167 0.093954 0.015056 -66.227493 2.042680 -14.906026 2.579078 35.582226 3.115477 75.947643 nan 3.871759 0.000094 719.199412 0.052275
342.503345 2015 912.018274 14.440463 2587.758399 67.528594 0.138299 0.002203 -67.272051 1.688907 -13.478213 1.298575 40.404370 0.908243 91.225834 nan 3.871752 0.000094 719.203234 0.052390
356.503345 2015 1957.326058 44.003397 9190.915331 729.624084 0.121526 0.004296 -67.119938 1.887881 -16.972220 1.691450 31.716678 1.495020 76.836594 nan 3.871743 0.000095 719.208540 0.052757
5.503345 2016 1559.786281 29.673332 5064.806127 410.138203 0.138093 0.002472 -68.796481 1.413090 -17.321689 1.349270 30.988976 1.285451 79.016569 nan 3.871741 0.000095 719.209809 0.053188
12.503345 2016 637.916609 9.724867 1673.528526 73.640944 0.135727 0.002963 -65.550127 1.296942 -16.679198 1.301517 30.711678 1.306093 74.553475 nan 3.871742 0.000096 719.209206 0.053376
19.503345 2016 916.734094 23.429389 3637.756649 523.583119 0.117461 0.004606 -62.377834 1.491984 -16.227019 1.659837 30.484720 1.827691 63.138142 nan 3.871746 0.000096 719.207110 0.053569
26.503345 2016 696.193418 11.934791 1730.493777 109.986085 0.128215 0.004696 -60.983022 1.392829 -14.388802 1.534129 31.279776 1.675429 65.231505 nan 3.871752 0.000096 719.204049 0.053755
33.503345 2016 255.647825 4.521609 855.838611 37.401484 0.096120 0.019434 -53.447010 1.331760 -12.724480 1.466740 30.181519 1.601721 59.574482 nan 3.871757 0.000097 719.201018 0.053907
40.503345 2016 502.947651 10.186228 1605.287053 107.766651 0.116793 0.006261 -53.092177 2.361574 -10.191495 2.383297 33.224594 2.405020 58.668157 nan 3.871764 0.000097 719.197283 0.054182
47.503345 2016 1752.949221 42.135148 8293.429224 851.497252 0.134852 0.004083 -48.380685 0.990935 -6.846031 1.248782 38.748653 1.506629 67.244455 nan 3.871772 0.000098 719.192784 0.054403
54.503345 2016 1514.616095 28.907627 4763.957906 247.752392 0.128266 0.002392 -46.436841 0.702075 -5.944105 0.995560 35.082725 1.289044 65.113083 nan 3.871780 0.000098 719.188477 0.054536
61.503345 2016 621.238599 12.707117 2268.074548 116.060959 0.109641 0.003116 -40.535557 0.918885 -4.626718 1.161484 37.023736 1.404083 57.937716 nan 3.871787 0.000099 719.184741 0.054947
68.503345 2016 1168.802980 22.890425 3939.652608 220.209743 0.127643 0.010184 -40.415377 0.975142 -3.607621 1.805504 41.051783 2.635865 61.972754 nan 3.871794 0.000099 719.181479 0.055289
75.503345 2016 1299.053215 24.742150 4093.829305 232.923906 0.128472 0.003283 -43.567477 0.802473 -0.345661 1.084129 47.736830 1.365784 70.947862 nan 3.871799 0.000100 719.178421 0.055641
82.503345 2016 992.925012 19.862256 3162.164224 214.905148 0.128524 0.002019 -40.760335 0.443403 0.542878 0.862209 49.362979 1.281014 73.903410 nan 3.871803 0.000100 719.176507 0.055800
89.503345 2016 375.726175 5.818241 952.124181 69.512282 0.143939 0.009527 nan nan nan nan nan nan nan nan nan nan nan nan
96.503345 2016 936.401281 17.930655 2616.284644 191.319770 0.127031 0.003044 -48.495640 1.062269 1.555306 1.218666 56.531247 1.375063 78.288785 nan 3.871804 0.000102 719.176239 0.056839
103.503345 2016 1171.615883 27.311085 4849.656526 421.232704 0.103948 0.016065 -63.234355 1.468433 -3.046209 2.975181 59.004105 4.481930 75.155790 nan 3.871802 0.000102 719.177765 0.056831
110.503345 2016 1009.233629 19.639518 3210.284328 208.058090 0.125452 0.001862 -51.078524 0.984457 -0.326901 1.056787 52.090599 1.129118 82.088859 nan 3.871798 0.000103 719.179849 0.057192
117.503345 2016 373.449996 5.036004 812.973832 25.284775 0.165673 0.016365 -60.383308 4.147552 -3.143644 4.639050 52.887206 5.130549 78.109177 nan 3.871792 0.000103 719.183416 0.057392
124.503345 2016 1371.832377 27.003563 4485.437612 208.888049 0.138694 0.009525 -63.123304 1.460845 -4.888025 2.414613 52.451449 3.368382 83.678880 nan 3.871785 0.000104 719.187627 0.057816
131.503345 2016 3194.656030 64.110023 11809.037100 651.657004 0.124253 0.009374 -70.200721 1.880480 -8.520797 2.517540 52.243126 3.154601 86.794254 nan 3.871778 0.000104 719.191505 0.058165
138.503345 2016 1496.713967 28.436278 5505.438737 225.200774 0.136779 0.008849 -70.407732 1.780499 -10.024073 2.195305 38.807659 2.610110 83.868283 nan 3.871771 0.000105 719.195867 0.058485
145.503345 2016 673.728889 11.857324 2201.958726 91.272082 0.144362 0.013361 -71.574253 1.649084 -13.583735 2.659063 38.519779 3.669042 78.893006 nan 3.871763 0.000106 719.200538 0.058865
152.503345 2016 479.630808 7.081824 1074.125610 44.216969 0.135932 0.001785 -71.584652 1.560696 -13.884887 1.177006 39.552246 0.793317 88.871665 nan 3.871756 0.000106 719.204585 0.059296
159.503345 2016 968.230369 21.193792 2923.105434 262.601870 0.130324 0.002863 -69.701274 1.493821 -15.134045 1.318910 34.810878 1.143999 83.542318 nan 3.871752 0.000107 719.207251 0.059673
166.503345 2016 572.899290 9.801870 1443.231456 89.896085 0.141534 0.008819 -67.695788 1.136786 -17.492884 1.521047 33.399341 1.905308 80.560625 nan 3.871748 0.000108 719.209577 0.060012
173.503345 2016 334.224895 5.255657 827.029029 51.821657 0.137116 0.002286 -64.087001 0.848873 -17.095573 0.985743 35.349890 1.122613 80.628081 nan 3.871745 0.000108 719.211242 0.060382
180.503345 2016 284.898658 4.825991 912.026334 45.298166 0.137682 0.002337 -64.569143 0.767532 -17.288095 0.936459 32.297374 1.105385 77.772188 nan 3.871745 0.000109 719.211671 0.060707
187.503345 2016 365.351950 9.474924 1176.019643 145.343001 0.126414 0.006583 -62.688787 2.097791 -17.476403 2.286198 29.716655 2.474606 68.177955 nan 3.871748 0.000110 719.210152 0.061033
194.503345 2016 857.604386 13.507841 2494.606128 85.568114 0.140519 0.002970 -61.279134 1.059498 -15.749914 1.218348 34.682769 1.377197 72.276132 nan 3.871752 0.000110 719.208172 0.061250
201.503345 2016 418.811816 6.854182 1226.524708 52.269170 0.128337 0.003539 -60.319189 1.156102 -16.296239 1.456389 31.683684 1.756676 64.874751 nan 3.871756 0.000110 719.205625 0.061517
208.503345 2016 824.902646 16.008206 2585.418699 161.104714 0.133093 0.003939 -55.339506 1.059573 -13.561710 1.354023 35.784172 1.648473 65.006384 nan 3.871763 0.000111 719.201965 0.061757
215.503345 2016 1083.553184 22.325626 3215.877370 283.507170 0.120659 0.012103 -53.760028 1.043648 -13.079946 1.675510 34.637998 2.307372 62.647926 nan 3.871772 0.000112 719.197132 0.062157
222.503345 2016 1384.651805 21.800291 3742.851422 91.297503 0.142389 0.004158 -50.727115 1.005362 -9.798970 1.297700 38.609281 1.590039 65.712144 nan 3.871781 0.000112 719.192412 0.062168
236.503345 2016 753.832064 16.167850 2184.667929 242.215062 0.125848 0.004109 -45.345571 0.921555 -6.400466 1.313118 42.499674 1.704682 62.070778 nan 3.871797 0.000112 719.183809 0.062617
243.503345 2016 1239.507380 32.700641 4579.250438 613.996814 0.119865 0.011308 -43.939281 0.856782 -5.054061 1.517252 44.005899 2.177723 63.942127 nan 3.871753 0.000113 719.208292 0.062937
257.503345 2016 1304.598812 26.494570 4649.548443 242.486446 0.120754 0.002338 -41.735477 0.576200 -1.653943 0.876456 41.372372 1.176711 65.826711 nan 3.871762 0.000114 719.203290 0.063369
264.503345 2016 521.818717 9.036203 1389.112020 89.579811 0.138756 0.009945 -43.891917 3.125319 1.268397 2.286846 49.053474 1.448372 69.672306 nan 3.871765 0.000114 719.201992 0.063490
271.503345 2016 2771.820867 65.869988 12084.501948 1265.149323 0.119947 0.008636 -51.829601 4.328450 3.969581 2.990593 56.227396 1.652735 71.532426 nan 3.871766 0.000114 719.201294 0.063705
278.503345 2016 2872.520009 54.632607 9618.239032 366.426476 0.124330 0.009848 -51.144235 0.692536 -1.219425 1.768905 50.969729 2.845275 78.322061 nan 3.871765 0.000114 719.202375 0.063788
285.503345 2016 1613.613821 35.847701 6568.998572 689.653762 0.126465 0.002718 -50.911489 1.134262 -0.565436 1.267849 49.529611 1.401435 79.353463 nan 3.871760 0.000115 719.205072 0.063906
292.503345 2016 2028.429676 32.729964 5640.859583 206.316119 0.405173 0.249879 -60.573369 3.394079 -1.438244 3.477541 54.870292 3.561003 86.909192 nan 3.871755 0.000115 719.207927 0.063995
299.503345 2016 2789.863635 62.243592 10456.186076 944.668712 0.117976 0.013920 -59.532190 3.278534 -5.712131 4.054303 53.950577 4.830072 72.977560 nan 3.871748 0.000115 719.211527 0.064071
306.503345 2016 2545.209586 49.814125 9086.711829 488.539594 0.127958 0.005105 -64.247988 4.203669 -2.600321 2.656059 58.688987 1.108449 84.514713 nan 3.871740 0.000115 719.216078 0.064147
313.503345 2016 982.533257 18.798465 3353.070908 171.758885 0.122041 0.003261 -64.571171 1.798357 -6.835435 1.433418 40.965535 1.068480 81.803717 nan 3.871731 0.000115 719.221299 0.064293
327.503345 2016 668.591922 15.227758 2165.557980 213.570144 0.117384 0.008228 -65.061349 1.755656 -13.884811 2.072554 40.799262 2.389452 80.811451 nan 3.871716 0.000116 719.229680 0.064608
334.503345 2016 708.540858 11.141685 2076.145089 55.184165 0.135109 0.001828 -68.273853 1.472451 -14.277951 1.139741 35.541442 0.807030 87.842659 nan 3.871710 0.000116 719.233557 0.064778
341.503345 2016 604.553498 11.103251 1966.326004 104.986458 0.125642 0.003630 -70.201026 1.600865 -16.922414 1.473752 35.513958 1.346640 79.681962 nan 3.871704 0.000117 719.236906 0.065099
348.503345 2016 684.975560 10.338663 1929.119173 59.187819 0.146076 0.009568 -69.723351 1.423456 -18.580695 1.845988 37.638293 2.268521 81.555281 nan 3.871702 0.000117 719.238312 0.065302
355.503345 2016 997.757457 21.797439 3768.005439 328.607629 0.127597 0.003034 -70.426937 1.449201 -18.903271 1.421665 31.480639 1.394130 75.692563 nan 3.871701 0.000117 719.238645 0.065351
362.503345 2016 1263.392185 20.690340 3550.527830 100.599113 0.115115 0.012004 -69.150280 1.323047 -20.064942 1.952547 31.362212 2.582046 71.586382 nan 3.871702 0.000118 719.238179 0.065506
