231.501354 2014 151.767516 3.764195 797.928072 48.440135 -1.009799 0.190046 -68.723620 3.942652 -9.086472 4.270960 40.141618 4.599269 48.205368 nan 3.858100 0.000077 726.860964 0.043847
238.501354 2014 630.856086 17.958956 3893.416974 317.307126 0.049511 0.011200 -56.908018 4.184924 -5.340069 4.759341 56.733626 5.333757 37.062027 nan 3.862492 0.000008 724.375388 0.004292
245.501354 2014 745.497639 13.004424 2195.207653 101.607218 0.128369 0.012802 -62.541663 3.733670 -10.511800 3.539081 53.346182 3.344493 71.875573 nan 3.868656 0.000061 720.923943 0.034324
259.501355 2014 467.565242 11.243984 2249.935445 197.802453 -0.201536 0.120934 -43.259719 4.031556 -0.223795 4.240546 41.842832 4.449536 53.501378 nan 3.871711 0.000008 719.213468 0.004531
266.501355 2014 678.556793 13.801508 2198.265681 152.791756 0.146640 0.016323 -45.271850 4.231832 2.515662 3.862771 47.142342 3.493710 58.194330 nan 3.871712 0.000008 719.212494 0.004333
273.501355 2014 666.598084 10.957208 2090.022184 44.990958 0.141584 0.012678 -42.459921 3.665299 4.274502 2.146461 43.077582 0.627623 61.553820 nan 3.871714 0.000008 719.211856 0.004288
280.501355 2014 410.019634 7.428442 1208.813213 74.266495 0.120497 0.001997 -40.147768 1.146465 2.710480 0.860503 38.329275 0.574540 62.882324 nan 3.871715 0.000008 719.211082 0.004319
287.501355 2014 526.896697 11.299948 1422.400412 139.240908 0.153213 0.015996 -38.591338 3.633006 7.856294 2.074063 40.733701 0.515120 55.788713 nan 3.871719 0.000007 719.209025 0.004153
294.501355 2014 946.455617 17.714596 2895.171313 157.205306 0.138972 0.009123 -36.164854 2.140286 6.843518 1.339801 42.458181 0.539316 60.678939 nan 3.871721 0.000005 719.207724 0.002806
301.501355 2014 619.457779 10.480863 1901.014527 60.326043 0.125132 0.002138 -32.312552 1.318235 8.051578 0.890119 42.655002 0.462003 58.658546 nan 3.871726 0.000006 719.204887 0.003532
308.501355 2014 695.502199 15.535786 2040.231988 225.892593 0.120270 0.003082 -28.781981 1.355102 9.985903 1.091940 43.049918 0.828779 56.126776 nan 3.871730 0.000006 719.202802 0.003312
315.501355 2014 585.548919 13.775705 1765.506904 215.077964 0.129804 0.009953 -26.639026 1.793057 13.043685 1.305303 46.815084 0.817549 55.066817 nan 3.871729 0.000005 719.203076 0.002868
322.501355 2014 752.763093 12.854104 2335.004364 79.477101 0.131223 0.002654 -28.646223 1.558499 14.045674 1.208657 50.829881 0.858815 60.619360 nan 3.871733 0.000005 719.201252 0.002821
329.501355 2014 307.343403 5.400238 923.158555 56.237545 0.122300 0.002462 -22.837232 1.473346 16.286045 1.206203 54.022446 0.939060 58.734461 nan 3.871736 0.000005 719.199271 0.002727
336.501355 2014 323.526950 6.174056 1018.465209 82.016695 0.129299 0.010543 -29.002693 1.863094 18.654599 1.509215 60.125575 1.155336 59.965408 nan 3.871738 0.000004 719.198011 0.002154
343.501355 2014 1137.470514 19.406254 3407.425584 111.588472 0.104501 0.013171 -36.606592 2.882565 18.387607 2.936182 63.488533 2.989798 60.883946 nan 3.871741 0.000004 719.196529 0.002272
350.501355 2014 587.461358 9.930719 1574.780640 81.318791 0.125745 0.002938 -27.840327 1.545806 19.325718 1.368478 65.456964 1.191151 69.260420 nan 3.871745 0.000004 719.194548 0.002491
357.501355 2014 666.146032 13.949460 2161.566557 169.332303 0.116021 0.003702 -26.238036 1.821128 19.705597 1.609286 68.151614 1.397444 67.732132 nan 3.871752 0.000005 719.190601 0.002562
6.501355 2015 1087.927114 22.745216 4094.016561 296.843424 0.120549 0.002639 -32.208958 1.257808 17.482324 1.465891 69.460870 1.673975 75.808102 nan 3.871757 0.000006 719.187548 0.003137
13.501355 2015 257.780828 4.482688 614.927527 40.607717 0.126877 0.002223 -33.058377 0.874067 15.192518 1.242007 67.522724 1.609947 81.735319 nan 3.871760 0.000004 719.185721 0.002499
20.501355 2015 139.265232 2.604525 456.175100 37.807096 -0.247992 0.111855 -48.832121 3.399157 2.332015 5.047997 63.740364 6.696838 59.448412 nan 3.871762 0.000004 719.184639 0.002492
27.501355 2015 298.296854 5.320549 957.944421 46.482777 0.118987 0.003143 -34.102818 0.639554 9.169668 1.408940 59.400028 2.178326 78.700283 nan 3.871766 0.000006 719.182543 0.003164
34.501354 2015 805.396593 14.541482 2275.742613 160.393321 0.130742 0.002862 -46.530637 0.825228 7.177536 1.386719 63.848661 1.948211 85.960886 nan 3.871770 0.000006 719.180363 0.003341
41.501354 2015 281.496918 5.572990 750.850843 66.926338 0.117438 0.003154 -42.932312 0.960663 5.077408 1.308158 58.828187 1.655654 77.187735 nan 3.871772 0.000006 719.179304 0.003189
48.501354 2015 435.618660 10.729245 1709.910271 165.902041 0.084846 0.019837 -41.031662 1.531876 3.033667 1.650329 48.107395 1.768781 66.979694 nan 3.871777 0.000007 719.176498 0.003792
55.501354 2015 522.177359 11.502755 1430.541223 152.494876 0.132415 0.009398 -45.604737 0.989044 0.511537 2.078752 50.391731 3.168460 75.325843 nan 3.871780 0.000008 719.174630 0.004470
62.501354 2015 1117.027269 24.236568 3933.094477 488.676737 0.126465 0.002142 nan nan nan nan nan nan nan nan nan nan nan nan
69.501355 2015 555.524744 9.509269 1499.048676 87.033004 0.129707 0.002029 -44.907136 1.069647 0.310229 1.035170 46.669099 1.000693 77.195679 nan 3.871785 0.000007 719.171788 0.004170
76.501355 2015 2137.963972 57.155829 12809.504310 882.032511 0.115251 0.009139 -45.963133 1.455304 -0.988770 2.146620 51.696111 2.837935 68.582658 nan 3.871791 0.000008 719.168629 0.004310
83.501355 2015 2440.505471 49.603682 9086.538354 682.381393 0.135829 0.002448 -56.814028 1.424463 1.400550 1.155234 56.095967 0.886006 74.094026 nan 3.871791 0.000008 719.168490 0.004352
90.501355 2015 799.775948 14.153750 2681.538373 107.458337 0.119880 0.001609 -37.642687 1.072199 2.494134 0.727890 39.297603 0.383581 64.130497 nan 3.871795 0.000009 719.166522 0.004811
97.501355 2015 593.647578 12.596257 2009.811129 228.492211 0.117583 0.008288 -38.589894 1.453207 2.275672 2.086094 42.580353 2.718981 62.067625 nan 3.871798 0.000008 719.165034 0.004679
104.501355 2015 1554.605546 36.705516 5757.595942 677.943986 0.120651 0.002732 -37.774677 1.440815 5.148739 1.118906 45.581145 0.796998 60.542282 nan 3.871801 0.000008 719.163393 0.004416
111.501355 2015 1458.189019 26.964143 4864.553342 319.871147 0.137064 0.002431 -38.949417 1.530684 7.138641 1.148856 46.313323 0.767028 65.867275 nan 3.871803 0.000008 719.162208 0.004535
118.501355 2015 523.439284 9.501012 1727.737349 80.265837 0.116536 0.003091 -34.211966 1.535651 10.006374 1.144430 45.734517 0.753209 56.559423 nan 3.871805 0.000009 719.160714 0.004865
125.501355 2015 459.206181 9.231241 1386.483030 131.471621 0.123636 0.002610 -32.321168 1.447589 11.911957 1.121840 47.913283 0.796090 59.277035 nan 3.871809 0.000009 719.158513 0.004802
139.501354 2015 652.637127 12.210527 1899.853717 146.541996 0.130479 0.002862 -34.419392 1.796100 15.701973 1.407937 55.440649 1.019774 63.842100 nan 3.871813 0.000009 719.156332 0.004750
146.501354 2015 147.712732 2.371970 375.773084 19.392859 0.098579 0.004261 -27.324318 2.022409 19.055968 1.644281 56.312487 1.266152 52.084586 nan 3.871658 0.000009 719.242811 0.004905
153.501354 2015 84.154667 1.349494 220.017580 7.808227 0.075520 0.008860 -25.995372 3.012670 19.037107 2.673078 59.541578 2.333486 41.495836 nan 3.871577 0.000009 719.287839 0.004869
160.501354 2015 862.882096 16.960196 2887.004647 139.987820 0.093331 0.027683 -40.725889 4.113683 18.984515 3.976342 64.005251 3.839000 58.437732 nan 3.871664 0.000009 719.239451 0.004968
167.501354 2015 795.431303 14.968762 2139.096438 146.660908 0.132228 0.013084 -31.820658 2.223534 20.006467 1.591785 66.543047 0.960036 73.825185 nan 3.871667 0.000009 719.237940 0.004936
174.499966 2015 1488.788389 42.284721 8100.957600 1086.065236 0.138586 0.013351 -36.947808 3.378087 19.864848 2.342696 66.653182 1.307305 72.131046 nan 3.871829 0.000009 719.147480 0.005008
188.501644 2015 771.466917 16.399654 2173.512774 271.733547 0.143973 0.012418 -33.339535 2.829720 17.565469 2.136044 66.802764 1.442367 76.426129 nan 3.871678 0.000009 719.231966 0.004815
195.501644 2015 1116.891019 21.974445 2909.657641 286.726790 0.165009 0.016878 -40.572498 4.463901 17.271757 2.895601 69.017661 1.327302 79.908821 nan 3.871681 0.000009 719.229998 0.004777
202.501644 2015 800.691848 19.752111 2124.624146 283.202062 0.123315 0.003379 -37.077105 1.097182 12.337246 1.458201 69.252373 1.819219 81.907444 nan 3.871687 0.000008 719.226841 0.004673
209.501644 2015 496.620534 7.582669 1320.951261 56.069650 0.148460 0.014361 -41.382413 4.242794 11.332493 3.054977 69.951333 1.867160 78.967231 nan 3.871689 0.000008 719.225671 0.004619
216.501644 2015 567.454063 18.774775 1845.226838 479.529458 0.185487 0.021435 -46.842846 6.976828 14.794145 4.153947 66.137291 1.331066 68.857533 nan 3.871693 0.000008 719.223601 0.004567
223.501644 2015 593.812858 11.711706 1876.096943 136.214986 0.150493 0.016956 -53.778086 6.607602 11.427875 4.104718 66.379461 1.601834 70.144515 nan 3.871696 0.000008 719.221570 0.004474
230.501644 2015 2754.194788 54.100541 9923.459308 426.037569 0.176550 0.021005 -51.084477 6.938151 11.349654 4.029891 58.606444 1.121631 63.415114 nan 3.871700 0.000008 719.219584 0.004402
237.501644 2015 1927.121889 46.728853 8381.194801 928.550184 0.135027 0.013903 -52.890492 4.462736 3.341301 3.277692 62.121718 2.092648 68.232328 nan 3.871704 0.000008 719.217450 0.004385
244.501644 2015 1396.939050 28.338106 4943.969896 478.507574 0.168693 0.018527 -54.720719 6.513616 7.191551 3.940620 55.493496 1.367624 65.859310 nan 3.871707 0.000008 719.215284 0.004259
251.501644 2015 2564.820077 59.992170 11183.519980 1081.629258 0.137916 0.019631 -58.207409 5.046280 2.009387 4.129071 48.103406 3.211862 60.564439 nan 3.871710 0.000007 719.213812 0.004105
258.501644 2015 1754.036636 31.013119 5586.436354 308.019800 0.153530 0.012821 -55.673614 4.373927 3.503904 2.662441 48.759106 0.950955 72.028888 nan 3.871716 0.000007 719.210478 0.004050
265.501644 2015 1257.172500 26.228841 4463.190145 540.826711 0.158596 0.016440 -49.083441 4.928937 5.524476 2.878853 45.874777 0.828769 63.964966 nan 3.871717 0.000007 719.210049 0.004024
272.501644 2015 438.528512 7.085010 1307.931741 56.077657 0.141472 0.013045 nan 4.415153 nan nan nan nan nan nan nan nan nan nan
279.501644 2015 2544.234948 58.603978 9035.159678 963.122178 0.122567 0.025365 -43.116849 5.481288 11.934981 3.153728 41.017062 0.826167 48.411197 nan 3.871722 0.000007 719.207002 0.003904
286.501644 2015 3158.711015 60.729441 11341.068606 488.303942 0.114259 0.019544 -42.264618 3.410042 3.462569 3.891172 41.622620 4.372301 52.962106 nan 3.871726 0.000007 719.205033 0.003864
293.501644 2015 1269.066760 29.353876 4759.427777 655.067954 0.148409 0.014002 -35.835491 2.938391 9.199727 1.709208 42.266778 0.480025 59.807310 nan 3.871735 0.000007 719.200135 0.003978
300.501644 2015 355.740349 6.516175 1160.080880 77.197088 0.113110 0.003844 -31.136200 1.637013 9.294887 1.313439 45.006488 0.989864 55.560707 nan 3.871738 0.000007 719.198459 0.004081
307.501644 2015 1623.566144 39.906814 7745.939018 754.528430 0.130101 0.005179 -40.206952 1.878007 10.986137 1.421219 49.382217 0.964432 61.838330 nan 3.871741 0.000008 719.196487 0.004202
314.501644 2015 3107.747080 58.182182 10516.701487 390.391461 0.166398 0.017319 -37.201157 3.008322 14.256338 2.016781 53.231472 1.025240 62.609368 nan 3.871743 0.000008 719.195202 0.004367
328.501644 2015 560.296704 11.567940 2435.227535 63.773118 0.103226 0.003317 -21.342817 1.708427 18.734230 1.441242 56.958977 1.174057 54.680685 nan 3.871751 0.000009 719.191249 0.004802
335.501644 2015 505.371951 8.841103 1511.872076 67.032812 0.113266 0.009212 -31.673363 2.559713 18.935673 2.098650 64.419160 1.637588 63.649186 nan 3.871755 0.000009 719.188838 0.005013
342.501644 2015 840.949966 12.996105 2267.708874 62.987220 0.133411 0.014217 -31.493955 2.488441 19.286351 1.948711 68.937454 1.408981 72.894055 nan 3.871757 0.000009 719.187516 0.005175
349.501644 2015 662.621767 12.636656 1709.967668 144.149079 0.131971 0.003695 -32.560295 1.299828 17.972492 1.511442 69.679629 1.723056 77.346459 nan 3.871761 0.000010 719.185647 0.005438
356.501644 2015 1771.803382 39.587070 7834.787967 644.188176 0.104714 0.011958 -31.641344 2.882320 20.934179 2.302334 69.946118 1.722348 71.568499 nan 3.871764 0.000010 719.184054 0.005577
5.501644 2016 1464.686941 27.980542 4902.930576 394.527686 0.138505 0.002268 -37.755710 0.761921 14.499742 1.185599 67.893329 1.609277 90.432174 nan 3.871774 0.000011 719.178265 0.006117
12.501644 2016 615.489998 9.401893 1646.686854 74.273313 0.136704 0.002126 -39.518739 0.725786 12.478470 1.251438 68.737989 1.777090 91.045301 nan 3.871777 0.000011 719.176445 0.006332
19.501644 2016 843.190267 21.691764 3467.593518 511.889212 0.114499 0.004200 -39.851442 1.367270 9.566052 1.709531 64.513865 2.051791 77.438211 nan 3.871782 0.000012 719.174120 0.006514
26.501644 2016 664.860523 11.283926 1668.192741 102.308516 0.128284 0.004496 -47.941134 1.410215 6.534128 1.751847 63.914484 2.093479 86.451767 nan 3.871786 0.000012 719.171521 0.006675
33.501644 2016 249.616718 4.459204 833.879863 38.934421 0.076801 0.022243 -46.162901 1.375931 2.247713 2.559079 54.591074 3.742228 71.344504 nan 3.871789 0.000012 719.170094 0.006809
40.501644 2016 487.535185 9.839581 1479.566957 98.346622 0.114786 0.006202 -46.683381 2.924120 3.527334 2.906888 57.139047 2.889656 76.316162 nan 3.871792 0.000012 719.168495 0.006929
47.501644 2016 1614.840533 36.715194 6796.845066 381.493783 0.113672 0.014329 -56.023978 3.737173 3.047691 2.610295 64.831155 1.483416 80.649524 nan 3.871795 0.000013 719.166817 0.006992
54.501644 2016 1449.390868 27.756460 4554.758649 234.193168 0.126774 0.001332 -46.996982 0.948755 -0.273605 0.884998 48.900038 0.821242 80.528434 nan 3.871796 0.000013 719.166201 0.006995
61.501644 2016 599.956814 12.269274 2138.740259 116.875920 0.107120 0.002875 -45.246999 1.285342 -0.700632 1.112449 39.743315 0.939556 66.571679 nan 3.871800 0.000013 719.164048 0.007069
68.501644 2016 1114.501953 21.604436 3709.845654 206.675041 0.120754 0.003229 -44.726416 1.444834 -0.302619 1.241521 44.063488 1.038208 72.183600 nan 3.871801 0.000013 719.163097 0.007068
75.501644 2016 1205.962659 22.221686 3799.848860 170.306368 0.130993 0.002241 -47.608816 1.324569 0.229151 1.065285 46.551758 0.806000 74.819856 nan 3.871804 0.000013 719.161370 0.007046
82.501644 2016 918.906103 17.907776 2957.274909 206.509449 0.128626 0.001504 -43.451698 1.322486 1.386882 0.880673 42.090242 0.438860 71.166196 nan 3.871805 0.000013 719.160920 0.007020
89.501644 2016 364.200800 6.102642 895.704666 84.808498 0.136087 0.002629 nan nan nan nan nan nan nan nan nan nan nan nan
96.501644 2016 871.750143 16.627566 2411.329253 179.208331 0.127482 0.002647 -39.661310 1.580082 5.149344 1.099643 42.681855 0.619204 66.119489 nan 3.871810 0.000012 719.158081 0.006801
103.501644 2016 1114.505431 25.921696 4429.909061 390.458480 0.119931 0.009798 -38.989931 2.471229 7.243190 1.692135 47.065786 0.913040 63.297045 nan 3.871809 0.000012 719.158648 0.006789
110.501644 2016 972.309918 18.790743 3083.009036 223.161507 0.126574 0.002847 -43.138993 1.826011 8.793529 1.247956 47.404809 0.669900 63.562644 nan 3.871818 0.000012 719.153984 0.006680
117.501644 2016 354.442938 4.787055 781.417625 25.203212 0.149363 0.009498 -37.179044 2.372695 10.857979 1.555315 50.078341 0.737935 67.514132 nan 3.871819 0.000012 719.153223 0.006618
124.501644 2016 1288.698000 24.958061 4214.483948 172.217914 0.132398 0.002920 -36.446800 1.814811 12.714081 1.335646 52.752088 0.856481 66.465570 nan 3.871823 0.000012 719.151191 0.006493
131.501644 2016 3137.377835 63.280318 12009.694654 876.501656 0.134268 0.003417 -38.365060 1.858822 13.628325 1.456120 56.888588 1.053417 68.955968 nan 3.871827 0.000011 719.148826 0.006363
138.501644 2016 1440.150732 26.855062 5111.796750 226.300175 0.130118 0.003162 -34.235689 1.578731 16.076970 1.265303 58.589910 0.951874 68.136261 nan 3.871831 0.000011 719.146601 0.006238
145.501644 2016 641.639288 11.319750 2141.680059 84.745515 0.134322 0.009874 -31.312827 2.052944 18.082171 1.578523 61.172571 1.104102 67.346375 nan 3.871834 0.000011 719.145027 0.006139
152.501644 2016 459.355937 6.723178 1028.526358 39.502662 0.136344 0.002384 -33.234627 1.309442 17.451073 1.161199 64.131628 1.012956 76.678162 nan 3.871838 0.000011 719.142844 0.006021
159.501644 2016 918.526664 23.388993 2820.661870 443.385010 0.138382 0.009875 -36.034105 2.183249 19.000896 1.551649 65.926829 0.920049 75.033614 nan 3.871842 0.000011 719.140197 0.005880
166.501644 2016 553.308813 9.296354 1367.730446 81.196998 0.142817 0.009288 -42.813800 2.157162 17.807395 1.536824 64.199051 0.916487 80.147669 nan 3.871847 0.000010 719.137700 0.005760
173.501644 2016 319.386318 4.990220 775.503923 50.094076 0.143862 0.009435 -34.146515 2.081749 17.517500 1.565950 67.684318 1.050151 83.541165 nan 3.871850 0.000010 719.135915 0.005681
180.501644 2016 285.279386 4.708780 892.624048 44.963003 0.155828 0.014091 -39.107575 3.606460 16.928973 2.471398 70.013811 1.336336 82.929789 nan 3.871854 0.000010 719.133729 0.005593
187.501644 2016 337.340124 8.772065 1080.967057 133.181034 0.132897 0.011701 -40.380532 4.004304 15.781967 2.905225 71.725612 1.806147 79.409015 nan 3.871859 0.000010 719.130887 0.005477
194.501644 2016 823.254136 12.757658 2327.912031 82.485625 0.189829 0.023030 -42.108572 7.029515 17.746181 4.214420 71.732678 1.399326 70.451715 nan 3.871863 0.000010 719.128542 0.005391
201.501644 2016 417.213864 6.667161 1184.190506 46.812715 0.147020 0.013973 -44.417558 4.370011 12.364980 3.180729 71.150688 1.991447 80.440695 nan 3.871866 0.000010 719.126981 0.005352
208.501644 2016 787.782481 14.894007 2372.135166 144.522378 0.168935 0.019248 -46.469847 6.379563 12.754523 4.045082 68.730167 1.710601 72.762028 nan 3.871869 0.000010 719.125074 0.005308
215.501644 2016 1037.710029 21.504042 3234.109970 287.377140 0.156744 0.022148 -52.319011 6.335706 8.796195 5.102020 63.632486 3.868335 69.803121 nan 3.871665 0.000010 719.239036 0.005423
222.501644 2016 1345.922825 20.803463 3542.520929 82.497891 0.174370 0.023882 -62.249529 7.099567 5.396065 6.219042 60.235528 5.338518 66.866166 nan 3.871665 0.000010 719.239090 0.005416
229.501644 2016 616.562975 10.057176 1653.183710 85.418170 0.147474 0.013250 -53.481511 4.903319 3.643348 3.028051 51.838709 1.152783 77.294244 nan 3.871667 0.000010 719.237861 0.005441
236.501644 2016 708.245459 14.648521 1881.300500 200.084592 0.131223 0.016692 -56.456016 4.602805 0.648242 4.018357 53.971572 3.433909 68.907718 nan 3.871668 0.000010 719.237219 0.005452
243.501644 2016 1304.153363 34.257455 5425.417306 767.794913 0.140947 0.018508 -55.568163 4.533523 -3.391000 4.928696 48.154998 5.323869 64.429085 nan 3.871673 0.000010 719.234320 0.005506
257.501644 2016 1235.871774 25.058901 4550.666638 223.709520 0.130742 0.009374 -49.098431 3.028955 0.787328 1.822322 41.138486 0.615689 68.178256 nan 3.871678 0.000010 719.231909 0.005732
264.501644 2016 486.417640 8.411410 1196.170727 84.616619 0.169225 0.020722 -48.845165 5.862409 7.399234 3.440107 44.283780 1.017805 59.353416 nan 3.871675 0.000010 719.233706 0.005645
271.501644 2016 2645.978727 61.973483 11389.660277 1112.506202 0.149509 0.020091 -48.047026 4.294384 3.685986 3.594795 44.183846 2.895206 60.442224 nan 3.871684 0.000011 719.228434 0.006043
278.501644 2016 2743.236484 51.868881 9127.400331 340.763994 0.152461 0.019550 -45.914753 4.644633 8.660494 2.575620 43.141119 0.506607 61.011551 nan 3.871686 0.000011 719.227237 0.006243
285.501644 2016 1587.532491 35.328246 6444.674208 697.240176 0.129246 0.002778 -37.233433 1.453131 5.400310 1.172823 45.477125 0.892514 65.727072 nan 3.871688 0.000012 719.226049 0.006476
292.501644 2016 1918.956300 30.397283 5251.894195 151.924120 0.211153 0.023901 -41.517717 5.391893 14.181756 3.027436 48.896523 0.662979 60.128659 nan 3.871692 0.000012 719.224135 0.006706
299.501644 2016 2703.380131 58.500606 9817.953197 858.780242 0.078761 0.018815 -41.746614 3.060000 9.463753 3.229217 51.072827 3.398433 56.681943 nan 3.871696 0.000012 719.221969 0.006932
306.501644 2016 2453.869048 46.835480 8600.900738 427.159772 0.144740 0.009566 -34.237667 2.106151 11.946869 1.550122 54.335493 0.994093 67.553994 nan 3.871699 0.000013 719.220170 0.007215
313.501644 2016 937.662348 18.030780 3358.023750 179.206269 0.122246 0.003658 -28.782888 1.317440 14.207486 1.362985 59.655742 1.408531 63.131286 nan 3.871702 0.000013 719.218445 0.007477
320.501644 2016 574.848522 8.829353 1632.516175 49.970896 0.122582 0.013472 -35.207577 2.592285 16.000505 1.785369 61.847704 0.978453 71.083101 nan 3.871707 0.000014 719.215997 0.007731
327.501644 2016 614.910781 13.321855 1830.179196 166.075928 0.116194 0.010683 -36.095212 2.279298 17.273647 1.851205 66.353365 1.423112 68.252527 nan 3.871712 0.000014 719.213122 0.008006
334.501644 2016 670.514177 10.303567 1948.001346 48.333241 0.136961 0.002451 -29.811767 1.223618 17.054355 1.251821 68.187060 1.280023 78.484564 nan 3.871715 0.000015 719.211046 0.008288
341.501644 2016 575.098900 10.293396 1788.967379 88.732841 0.125642 0.003624 -32.219070 1.526304 18.014747 1.577912 71.447105 1.629521 76.497153 nan 3.871722 0.000016 719.207361 0.008729
348.501644 2016 641.843545 9.513466 1782.659217 51.444634 0.139277 0.003041 -37.430826 0.993848 16.705427 1.271230 72.512970 1.548612 86.377658 nan 3.871728 0.000016 719.204108 0.008982
355.501644 2016 875.666765 19.149059 2844.557142 271.182737 0.127803 0.003578 -38.159140 1.418245 16.465942 1.565537 69.058264 1.712828 83.183011 nan 3.871729 0.000016 719.203466 0.009002
362.501644 2016 1198.437695 19.544217 3328.835496 103.544618 0.137476 0.003023 -40.183988 0.836865 13.677119 1.299294 69.724642 1.761723 91.434404 nan 3.871733 0.000017 719.201573 0.009217
231.501354 2014 151.767516 3.764195 797.928072 48.440135 -1.009799 0.190046 -68.723620 3.942652 -9.086472 4.270960 40.141618 4.599269 48.205368 nan 3.858100 0.000077 726.860964 0.043847
238.501354 2014 630.856086 17.958956 3893.416974 317.307126 0.049511 0.011200 -56.908018 4.184924 -5.340069 4.759341 56.733626 5.333757 37.062027 nan 3.862492 0.000008 724.375388 0.004292
245.501354 2014 745.497639 13.004424 2195.207653 101.607218 0.128369 0.012802 -62.541663 3.733670 -10.511800 3.539081 53.346182 3.344493 71.875573 nan 3.868656 0.000061 720.923943 0.034324
259.501355 2014 467.565242 11.243984 2249.935445 197.802453 -0.201536 0.120934 -43.259719 4.031556 -0.223795 4.240546 41.842832 4.449536 53.501378 nan 3.871711 0.000008 719.213468 0.004531
266.501355 2014 678.556793 13.801508 2198.265681 152.791756 0.146640 0.016323 -45.271850 4.231832 2.515662 3.862771 47.142342 3.493710 58.194330 nan 3.871712 0.000008 719.212494 0.004333
273.501355 2014 666.598084 10.957208 2090.022184 44.990958 0.141584 0.012678 -42.459921 3.665299 4.274502 2.146461 43.077582 0.627623 61.553820 nan 3.871714 0.000008 719.211856 0.004288
280.501355 2014 410.019634 7.428442 1208.813213 74.266495 0.120497 0.001997 -40.147768 1.146465 2.710480 0.860503 38.329275 0.574540 62.882324 nan 3.871715 0.000008 719.211082 0.004319
287.501355 2014 526.896697 11.299948 1422.400412 139.240908 0.153213 0.015996 -38.591338 3.633006 7.856294 2.074063 40.733701 0.515120 55.788713 nan 3.871719 0.000007 719.209025 0.004153
294.501355 2014 946.455617 17.714596 2895.171313 157.205306 0.138972 0.009123 -36.164854 2.140286 6.843518 1.339801 42.458181 0.539316 60.678939 nan 3.871721 0.000005 719.207724 0.002806
301.501355 2014 619.457779 10.480863 1901.014527 60.326043 0.125132 0.002138 -32.312552 1.318235 8.051578 0.890119 42.655002 0.462003 58.658546 nan 3.871726 0.000006 719.204887 0.003532
308.501355 2014 695.502199 15.535786 2040.231988 225.892593 0.120270 0.003082 -28.781981 1.355102 9.985903 1.091940 43.049918 0.828779 56.126776 nan 3.871730 0.000006 719.202802 0.003312
315.501355 2014 585.548919 13.775705 1765.506904 215.077964 0.129804 0.009953 -26.639026 1.793057 13.043685 1.305303 46.815084 0.817549 55.066817 nan 3.871729 0.000005 719.203076 0.002868
322.501355 2014 752.763093 12.854104 2335.004364 79.477101 0.131223 0.002654 -28.646223 1.558499 14.045674 1.208657 50.829881 0.858815 60.619360 nan 3.871733 0.000005 719.201252 0.002821
329.501355 2014 307.343403 5.400238 923.158555 56.237545 0.122300 0.002462 -22.837232 1.473346 16.286045 1.206203 54.022446 0.939060 58.734461 nan 3.871736 0.000005 719.199271 0.002727
336.501355 2014 323.526950 6.174056 1018.465209 82.016695 0.129299 0.010543 -29.002693 1.863094 18.654599 1.509215 60.125575 1.155336 59.965408 nan 3.871738 0.000004 719.198011 0.002154
343.501355 2014 1137.470514 19.406254 3407.425584 111.588472 0.104501 0.013171 -36.606592 2.882565 18.387607 2.936182 63.488533 2.989798 60.883946 nan 3.871741 0.000004 719.196529 0.002272
350.501355 2014 587.461358 9.930719 1574.780640 81.318791 0.125745 0.002938 -27.840327 1.545806 19.325718 1.368478 65.456964 1.191151 69.260420 nan 3.871745 0.000004 719.194548 0.002491
357.501355 2014 666.146032 13.949460 2161.566557 169.332303 0.116021 0.003702 -26.238036 1.821128 19.705597 1.609286 68.151614 1.397444 67.732132 nan 3.871752 0.000005 719.190601 0.002562
6.501355 2015 1087.927114 22.745216 4094.016561 296.843424 0.120549 0.002639 -32.208958 1.257808 17.482324 1.465891 69.460870 1.673975 75.808102 nan 3.871757 0.000006 719.187548 0.003137
13.501355 2015 257.780828 4.482688 614.927527 40.607717 0.126877 0.002223 -33.058377 0.874067 15.192518 1.242007 67.522724 1.609947 81.735319 nan 3.871760 0.000004 719.185721 0.002499
20.501355 2015 139.265232 2.604525 456.175100 37.807096 -0.247992 0.111855 -48.832121 3.399157 2.332015 5.047997 63.740364 6.696838 59.448412 nan 3.871762 0.000004 719.184639 0.002492
27.501355 2015 298.296854 5.320549 957.944421 46.482777 0.118987 0.003143 -34.102818 0.639554 9.169668 1.408940 59.400028 2.178326 78.700283 nan 3.871766 0.000006 719.182543 0.003164
34.501354 2015 805.396593 14.541482 2275.742613 160.393321 0.130742 0.002862 -46.530637 0.825228 7.177536 1.386719 63.848661 1.948211 85.960886 nan 3.871770 0.000006 719.180363 0.003341
41.501354 2015 281.496918 5.572990 750.850843 66.926338 0.117438 0.003154 -42.932312 0.960663 5.077408 1.308158 58.828187 1.655654 77.187735 nan 3.871772 0.000006 719.179304 0.003189
48.501354 2015 435.618660 10.729245 1709.910271 165.902041 0.084846 0.019837 -41.031662 1.531876 3.033667 1.650329 48.107395 1.768781 66.979694 nan 3.871777 0.000007 719.176498 0.003792
55.501354 2015 522.177359 11.502755 1430.541223 152.494876 0.132415 0.009398 -45.604737 0.989044 0.511537 2.078752 50.391731 3.168460 75.325843 nan 3.871780 0.000008 719.174630 0.004470
62.501354 2015 1117.027269 24.236568 3933.094477 488.676737 0.126465 0.002142 nan nan nan nan nan nan nan nan nan nan nan nan
69.501355 2015 555.524744 9.509269 1499.048676 87.033004 0.129707 0.002029 -44.907136 1.069647 0.310229 1.035170 46.669099 1.000693 77.195679 nan 3.871785 0.000007 719.171788 0.004170
76.501355 2015 2137.963972 57.155829 12809.504310 882.032511 0.115251 0.009139 -45.963133 1.455304 -0.988770 2.146620 51.696111 2.837935 68.582658 nan 3.871791 0.000008 719.168629 0.004310
83.501355 2015 2440.505471 49.603682 9086.538354 682.381393 0.135829 0.002448 -56.814028 1.424463 1.400550 1.155234 56.095967 0.886006 74.094026 nan 3.871791 0.000008 719.168490 0.004352
90.501355 2015 799.775948 14.153750 2681.538373 107.458337 0.119880 0.001609 -37.642687 1.072199 2.494134 0.727890 39.297603 0.383581 64.130497 nan 3.871795 0.000009 719.166522 0.004811
97.501355 2015 593.647578 12.596257 2009.811129 228.492211 0.117583 0.008288 -38.589894 1.453207 2.275672 2.086094 42.580353 2.718981 62.067625 nan 3.871798 0.000008 719.165034 0.004679
104.501355 2015 1554.605546 36.705516 5757.595942 677.943986 0.120651 0.002732 -37.774677 1.440815 5.148739 1.118906 45.581145 0.796998 60.542282 nan 3.871801 0.000008 719.163393 0.004416
111.501355 2015 1458.189019 26.964143 4864.553342 319.871147 0.137064 0.002431 -38.949417 1.530684 7.138641 1.148856 46.313323 0.767028 65.867275 nan 3.871803 0.000008 719.162208 0.004535
118.501355 2015 523.439284 9.501012 1727.737349 80.265837 0.116536 0.003091 -34.211966 1.535651 10.006374 1.144430 45.734517 0.753209 56.559423 nan 3.871805 0.000009 719.160714 0.004865
125.501355 2015 459.206181 9.231241 1386.483030 131.471621 0.123636 0.002610 -32.321168 1.447589 11.911957 1.121840 47.913283 0.796090 59.277035 nan 3.871809 0.000009 719.158513 0.004802
139.501354 2015 652.637127 12.210527 1899.853717 146.541996 0.130479 0.002862 -34.419392 1.796100 15.701973 1.407937 55.440649 1.019774 63.842100 nan 3.871813 0.000009 719.156332 0.004750
146.501354 2015 147.712732 2.371970 375.773084 19.392859 0.098579 0.004261 -27.324318 2.022409 19.055968 1.644281 56.312487 1.266152 52.084586 nan 3.871658 0.000009 719.242811 0.004905
153.501354 2015 84.154667 1.349494 220.017580 7.808227 0.075520 0.008860 -25.995372 3.012670 19.037107 2.673078 59.541578 2.333486 41.495836 nan 3.871577 0.000009 719.287839 0.004869
160.501354 2015 862.882096 16.960196 2887.004647 139.987820 0.093331 0.027683 -40.725889 4.113683 18.984515 3.976342 64.005251 3.839000 58.437732 nan 3.871664 0.000009 719.239451 0.004968
167.501354 2015 795.431303 14.968762 2139.096438 146.660908 0.132228 0.013084 -31.820658 2.223534 20.006467 1.591785 66.543047 0.960036 73.825185 nan 3.871667 0.000009 719.237940 0.004936
174.499966 2015 1488.788389 42.284721 8100.957600 1086.065236 0.138586 0.013351 -36.947808 3.378087 19.864848 2.342696 66.653182 1.307305 72.131046 nan 3.871829 0.000009 719.147480 0.005008
188.501644 2015 771.466917 16.399654 2173.512774 271.733547 0.143973 0.012418 -33.339535 2.829720 17.565469 2.136044 66.802764 1.442367 76.426129 nan 3.871678 0.000009 719.231966 0.004815
195.501644 2015 1116.891019 21.974445 2909.657641 286.726790 0.165009 0.016878 -40.572498 4.463901 17.271757 2.895601 69.017661 1.327302 79.908821 nan 3.871681 0.000009 719.229998 0.004777
202.501644 2015 800.691848 19.752111 2124.624146 283.202062 0.123315 0.003379 -37.077105 1.097182 12.337246 1.458201 69.252373 1.819219 81.907444 nan 3.871687 0.000008 719.226841 0.004673
209.501644 2015 496.620534 7.582669 1320.951261 56.069650 0.148460 0.014361 -41.382413 4.242794 11.332493 3.054977 69.951333 1.867160 78.967231 nan 3.871689 0.000008 719.225671 0.004619
216.501644 2015 567.454063 18.774775 1845.226838 479.529458 0.185487 0.021435 -46.842846 6.976828 14.794145 4.153947 66.137291 1.331066 68.857533 nan 3.871693 0.000008 719.223601 0.004567
223.501644 2015 593.812858 11.711706 1876.096943 136.214986 0.150493 0.016956 -53.778086 6.607602 11.427875 4.104718 66.379461 1.601834 70.144515 nan 3.871696 0.000008 719.221570 0.004474
230.501644 2015 2754.194788 54.100541 9923.459308 426.037569 0.176550 0.021005 -51.084477 6.938151 11.349654 4.029891 58.606444 1.121631 63.415114 nan 3.871700 0.000008 719.219584 0.004402
237.501644 2015 1927.121889 46.728853 8381.194801 928.550184 0.135027 0.013903 -52.890492 4.462736 3.341301 3.277692 62.121718 2.092648 68.232328 nan 3.871704 0.000008 719.217450 0.004385
244.501644 2015 1396.939050 28.338106 4943.969896 478.507574 0.168693 0.018527 -54.720719 6.513616 7.191551 3.940620 55.493496 1.367624 65.859310 nan 3.871707 0.000008 719.215284 0.004259
251.501644 2015 2564.820077 59.992170 11183.519980 1081.629258 0.137916 0.019631 -58.207409 5.046280 2.009387 4.129071 48.103406 3.211862 60.564439 nan 3.871710 0.000007 719.213812 0.004105
258.501644 2015 1754.036636 31.013119 5586.436354 308.019800 0.153530 0.012821 -55.673614 4.373927 3.503904 2.662441 48.759106 0.950955 72.028888 nan 3.871716 0.000007 719.210478 0.004050
265.501644 2015 1257.172500 26.228841 4463.190145 540.826711 0.158596 0.016440 -49.083441 4.928937 5.524476 2.878853 45.874777 0.828769 63.964966 nan 3.871717 0.000007 719.210049 0.004024
272.501644 2015 438.528512 7.085010 1307.931741 56.077657 0.141472 0.013045 nan 4.415153 nan nan nan nan nan nan nan nan nan nan
279.501644 2015 2544.234948 58.603978 9035.159678 963.122178 0.122567 0.025365 -43.116849 5.481288 11.934981 3.153728 41.017062 0.826167 48.411197 nan 3.871722 0.000007 719.207002 0.003904
286.501644 2015 3158.711015 60.729441 11341.068606 488.303942 0.114259 0.019544 -42.264618 3.410042 3.462569 3.891172 41.622620 4.372301 52.962106 nan 3.871726 0.000007 719.205033 0.003864
293.501644 2015 1269.066760 29.353876 4759.427777 655.067954 0.148409 0.014002 -35.835491 2.938391 9.199727 1.709208 42.266778 0.480025 59.807310 nan 3.871735 0.000007 719.200135 0.003978
300.501644 2015 355.740349 6.516175 1160.080880 77.197088 0.113110 0.003844 -31.136200 1.637013 9.294887 1.313439 45.006488 0.989864 55.560707 nan 3.871738 0.000007 719.198459 0.004081
307.501644 2015 1623.566144 39.906814 7745.939018 754.528430 0.130101 0.005179 -40.206952 1.878007 10.986137 1.421219 49.382217 0.964432 61.838330 nan 3.871741 0.000008 719.196487 0.004202
314.501644 2015 3107.747080 58.182182 10516.701487 390.391461 0.166398 0.017319 -37.201157 3.008322 14.256338 2.016781 53.231472 1.025240 62.609368 nan 3.871743 0.000008 719.195202 0.004367
328.501644 2015 560.296704 11.567940 2435.227535 63.773118 0.103226 0.003317 -21.342817 1.708427 18.734230 1.441242 56.958977 1.174057 54.680685 nan 3.871751 0.000009 719.191249 0.004802
335.501644 2015 505.371951 8.841103 1511.872076 67.032812 0.113266 0.009212 -31.673363 2.559713 18.935673 2.098650 64.419160 1.637588 63.649186 nan 3.871755 0.000009 719.188838 0.005013
342.501644 2015 840.949966 12.996105 2267.708874 62.987220 0.133411 0.014217 -31.493955 2.488441 19.286351 1.948711 68.937454 1.408981 72.894055 nan 3.871757 0.000009 719.187516 0.005175
349.501644 2015 662.621767 12.636656 1709.967668 144.149079 0.131971 0.003695 -32.560295 1.299828 17.972492 1.511442 69.679629 1.723056 77.346459 nan 3.871761 0.000010 719.185647 0.005438
356.501644 2015 1771.803382 39.587070 7834.787967 644.188176 0.104714 0.011958 -31.641344 2.882320 20.934179 2.302334 69.946118 1.722348 71.568499 nan 3.871764 0.000010 719.184054 0.005577
5.501644 2016 1464.686941 27.980542 4902.930576 394.527686 0.138505 0.002268 -37.755710 0.761921 14.499742 1.185599 67.893329 1.609277 90.432174 nan 3.871774 0.000011 719.178265 0.006117
12.501644 2016 615.489998 9.401893 1646.686854 74.273313 0.136704 0.002126 -39.518739 0.725786 12.478470 1.251438 68.737989 1.777090 91.045301 nan 3.871777 0.000011 719.176445 0.006332
19.501644 2016 843.190267 21.691764 3467.593518 511.889212 0.114499 0.004200 -39.851442 1.367270 9.566052 1.709531 64.513865 2.051791 77.438211 nan 3.871782 0.000012 719.174120 0.006514
26.501644 2016 664.860523 11.283926 1668.192741 102.308516 0.128284 0.004496 -47.941134 1.410215 6.534128 1.751847 63.914484 2.093479 86.451767 nan 3.871786 0.000012 719.171521 0.006675
33.501644 2016 249.616718 4.459204 833.879863 38.934421 0.076801 0.022243 -46.162901 1.375931 2.247713 2.559079 54.591074 3.742228 71.344504 nan 3.871789 0.000012 719.170094 0.006809
40.501644 2016 487.535185 9.839581 1479.566957 98.346622 0.114786 0.006202 -46.683381 2.924120 3.527334 2.906888 57.139047 2.889656 76.316162 nan 3.871792 0.000012 719.168495 0.006929
47.501644 2016 1614.840533 36.715194 6796.845066 381.493783 0.113672 0.014329 -56.023978 3.737173 3.047691 2.610295 64.831155 1.483416 80.649524 nan 3.871795 0.000013 719.166817 0.006992
54.501644 2016 1449.390868 27.756460 4554.758649 234.193168 0.126774 0.001332 -46.996982 0.948755 -0.273605 0.884998 48.900038 0.821242 80.528434 nan 3.871796 0.000013 719.166201 0.006995
61.501644 2016 599.956814 12.269274 2138.740259 116.875920 0.107120 0.002875 -45.246999 1.285342 -0.700632 1.112449 39.743315 0.939556 66.571679 nan 3.871800 0.000013 719.164048 0.007069
68.501644 2016 1114.501953 21.604436 3709.845654 206.675041 0.120754 0.003229 -44.726416 1.444834 -0.302619 1.241521 44.063488 1.038208 72.183600 nan 3.871801 0.000013 719.163097 0.007068
75.501644 2016 1205.962659 22.221686 3799.848860 170.306368 0.130993 0.002241 -47.608816 1.324569 0.229151 1.065285 46.551758 0.806000 74.819856 nan 3.871804 0.000013 719.161370 0.007046
82.501644 2016 918.906103 17.907776 2957.274909 206.509449 0.128626 0.001504 -43.451698 1.322486 1.386882 0.880673 42.090242 0.438860 71.166196 nan 3.871805 0.000013 719.160920 0.007020
89.501644 2016 364.200800 6.102642 895.704666 84.808498 0.136087 0.002629 nan nan nan nan nan nan nan nan nan nan nan nan
96.501644 2016 871.750143 16.627566 2411.329253 179.208331 0.127482 0.002647 -39.661310 1.580082 5.149344 1.099643 42.681855 0.619204 66.119489 nan 3.871810 0.000012 719.158081 0.006801
103.501644 2016 1114.505431 25.921696 4429.909061 390.458480 0.119931 0.009798 -38.989931 2.471229 7.243190 1.692135 47.065786 0.913040 63.297045 nan 3.871809 0.000012 719.158648 0.006789
110.501644 2016 972.309918 18.790743 3083.009036 223.161507 0.126574 0.002847 -43.138993 1.826011 8.793529 1.247956 47.404809 0.669900 63.562644 nan 3.871818 0.000012 719.153984 0.006680
117.501644 2016 354.442938 4.787055 781.417625 25.203212 0.149363 0.009498 -37.179044 2.372695 10.857979 1.555315 50.078341 0.737935 67.514132 nan 3.871819 0.000012 719.153223 0.006618
124.501644 2016 1288.698000 24.958061 4214.483948 172.217914 0.132398 0.002920 -36.446800 1.814811 12.714081 1.335646 52.752088 0.856481 66.465570 nan 3.871823 0.000012 719.151191 0.006493
131.501644 2016 3137.377835 63.280318 12009.694654 876.501656 0.134268 0.003417 -38.365060 1.858822 13.628325 1.456120 56.888588 1.053417 68.955968 nan 3.871827 0.000011 719.148826 0.006363
138.501644 2016 1440.150732 26.855062 5111.796750 226.300175 0.130118 0.003162 -34.235689 1.578731 16.076970 1.265303 58.589910 0.951874 68.136261 nan 3.871831 0.000011 719.146601 0.006238
145.501644 2016 641.639288 11.319750 2141.680059 84.745515 0.134322 0.009874 -31.312827 2.052944 18.082171 1.578523 61.172571 1.104102 67.346375 nan 3.871834 0.000011 719.145027 0.006139
152.501644 2016 459.355937 6.723178 1028.526358 39.502662 0.136344 0.002384 -33.234627 1.309442 17.451073 1.161199 64.131628 1.012956 76.678162 nan 3.871838 0.000011 719.142844 0.006021
159.501644 2016 918.526664 23.388993 2820.661870 443.385010 0.138382 0.009875 -36.034105 2.183249 19.000896 1.551649 65.926829 0.920049 75.033614 nan 3.871842 0.000011 719.140197 0.005880
166.501644 2016 553.308813 9.296354 1367.730446 81.196998 0.142817 0.009288 -42.813800 2.157162 17.807395 1.536824 64.199051 0.916487 80.147669 nan 3.871847 0.000010 719.137700 0.005760
173.501644 2016 319.386318 4.990220 775.503923 50.094076 0.143862 0.009435 -34.146515 2.081749 17.517500 1.565950 67.684318 1.050151 83.541165 nan 3.871850 0.000010 719.135915 0.005681
180.501644 2016 285.279386 4.708780 892.624048 44.963003 0.155828 0.014091 -39.107575 3.606460 16.928973 2.471398 70.013811 1.336336 82.929789 nan 3.871854 0.000010 719.133729 0.005593
187.501644 2016 337.340124 8.772065 1080.967057 133.181034 0.132897 0.011701 -40.380532 4.004304 15.781967 2.905225 71.725612 1.806147 79.409015 nan 3.871859 0.000010 719.130887 0.005477
194.501644 2016 823.254136 12.757658 2327.912031 82.485625 0.189829 0.023030 -42.108572 7.029515 17.746181 4.214420 71.732678 1.399326 70.451715 nan 3.871863 0.000010 719.128542 0.005391
201.501644 2016 417.213864 6.667161 1184.190506 46.812715 0.147020 0.013973 -44.417558 4.370011 12.364980 3.180729 71.150688 1.991447 80.440695 nan 3.871866 0.000010 719.126981 0.005352
208.501644 2016 787.782481 14.894007 2372.135166 144.522378 0.168935 0.019248 -46.469847 6.379563 12.754523 4.045082 68.730167 1.710601 72.762028 nan 3.871869 0.000010 719.125074 0.005308
215.501644 2016 1037.710029 21.504042 3234.109970 287.377140 0.156744 0.022148 -52.319011 6.335706 8.796195 5.102020 63.632486 3.868335 69.803121 nan 3.871665 0.000010 719.239036 0.005423
222.501644 2016 1345.922825 20.803463 3542.520929 82.497891 0.174370 0.023882 -62.249529 7.099567 5.396065 6.219042 60.235528 5.338518 66.866166 nan 3.871665 0.000010 719.239090 0.005416
229.501644 2016 616.562975 10.057176 1653.183710 85.418170 0.147474 0.013250 -53.481511 4.903319 3.643348 3.028051 51.838709 1.152783 77.294244 nan 3.871667 0.000010 719.237861 0.005441
236.501644 2016 708.245459 14.648521 1881.300500 200.084592 0.131223 0.016692 -56.456016 4.602805 0.648242 4.018357 53.971572 3.433909 68.907718 nan 3.871668 0.000010 719.237219 0.005452
243.501644 2016 1304.153363 34.257455 5425.417306 767.794913 0.140947 0.018508 -55.568163 4.533523 -3.391000 4.928696 48.154998 5.323869 64.429085 nan 3.871673 0.000010 719.234320 0.005506
257.501644 2016 1235.871774 25.058901 4550.666638 223.709520 0.130742 0.009374 -49.098431 3.028955 0.787328 1.822322 41.138486 0.615689 68.178256 nan 3.871678 0.000010 719.231909 0.005732
264.501644 2016 486.417640 8.411410 1196.170727 84.616619 0.169225 0.020722 -48.845165 5.862409 7.399234 3.440107 44.283780 1.017805 59.353416 nan 3.871675 0.000010 719.233706 0.005645
271.501644 2016 2645.978727 61.973483 11389.660277 1112.506202 0.149509 0.020091 -48.047026 4.294384 3.685986 3.594795 44.183846 2.895206 60.442224 nan 3.871684 0.000011 719.228434 0.006043
278.501644 2016 2743.236484 51.868881 9127.400331 340.763994 0.152461 0.019550 -45.914753 4.644633 8.660494 2.575620 43.141119 0.506607 61.011551 nan 3.871686 0.000011 719.227237 0.006243
285.501644 2016 1587.532491 35.328246 6444.674208 697.240176 0.129246 0.002778 -37.233433 1.453131 5.400310 1.172823 45.477125 0.892514 65.727072 nan 3.871688 0.000012 719.226049 0.006476
292.501644 2016 1918.956300 30.397283 5251.894195 151.924120 0.211153 0.023901 -41.517717 5.391893 14.181756 3.027436 48.896523 0.662979 60.128659 nan 3.871692 0.000012 719.224135 0.006706
299.501644 2016 2703.380131 58.500606 9817.953197 858.780242 0.078761 0.018815 -41.746614 3.060000 9.463753 3.229217 51.072827 3.398433 56.681943 nan 3.871696 0.000012 719.221969 0.006932
306.501644 2016 2453.869048 46.835480 8600.900738 427.159772 0.144740 0.009566 -34.237667 2.106151 11.946869 1.550122 54.335493 0.994093 67.553994 nan 3.871699 0.000013 719.220170 0.007215
313.501644 2016 937.662348 18.030780 3358.023750 179.206269 0.122246 0.003658 -28.782888 1.317440 14.207486 1.362985 59.655742 1.408531 63.131286 nan 3.871702 0.000013 719.218445 0.007477
320.501644 2016 574.848522 8.829353 1632.516175 49.970896 0.122582 0.013472 -35.207577 2.592285 16.000505 1.785369 61.847704 0.978453 71.083101 nan 3.871707 0.000014 719.215997 0.007731
327.501644 2016 614.910781 13.321855 1830.179196 166.075928 0.116194 0.010683 -36.095212 2.279298 17.273647 1.851205 66.353365 1.423112 68.252527 nan 3.871712 0.000014 719.213122 0.008006
334.501644 2016 670.514177 10.303567 1948.001346 48.333241 0.136961 0.002451 -29.811767 1.223618 17.054355 1.251821 68.187060 1.280023 78.484564 nan 3.871715 0.000015 719.211046 0.008288
341.501644 2016 575.098900 10.293396 1788.967379 88.732841 0.125642 0.003624 -32.219070 1.526304 18.014747 1.577912 71.447105 1.629521 76.497153 nan 3.871722 0.000016 719.207361 0.008729
348.501644 2016 641.843545 9.513466 1782.659217 51.444634 0.139277 0.003041 -37.430826 0.993848 16.705427 1.271230 72.512970 1.548612 86.377658 nan 3.871728 0.000016 719.204108 0.008982
355.501644 2016 875.666765 19.149059 2844.557142 271.182737 0.127803 0.003578 -38.159140 1.418245 16.465942 1.565537 69.058264 1.712828 83.183011 nan 3.871729 0.000016 719.203466 0.009002
362.501644 2016 1198.437695 19.544217 3328.835496 103.544618 0.137476 0.003023 -40.183988 0.836865 13.677119 1.299294 69.724642 1.761723 91.434404 nan 3.871733 0.000017 719.201573 0.009217
