324.501667 2007 661.526405 14.033026 2582.867191 152.864823 0.100344 0.021350 -41.343676 2.558148 -5.741696 2.397323 34.492552 2.236498 51.271992 nan 3.871890 0.000020 719.113779 0.010948
331.501667 2007 524.484342 7.809862 1341.216937 54.758460 0.138351 0.002186 -39.196849 0.731713 -6.776688 0.814417 27.294806 0.897121 52.980059 nan 3.871889 0.000020 719.114773 0.010904
338.501667 2007 285.812993 4.444091 770.485687 9.792642 0.110824 0.002133 -34.271823 0.762508 -6.031434 0.805044 21.780215 0.847580 42.214042 nan 3.871885 0.000019 719.116988 0.010697
345.501667 2007 275.920659 4.886420 858.192292 51.801219 0.113267 0.011641 -31.862625 1.232870 -3.972872 1.502670 27.708078 1.772470 42.223125 nan 3.871883 0.000019 719.117852 0.010561
352.501667 2007 631.137698 10.548525 1981.862333 71.647033 0.158809 0.023563 -32.020353 2.773141 -3.377589 3.140287 30.315448 3.507434 37.571704 nan 3.871879 0.000019 719.120401 0.010577
359.501667 2007 369.488011 5.188307 1012.575883 26.718146 0.148748 0.009445 -27.609485 2.081662 1.954692 1.409555 30.864770 0.737449 46.383878 nan 3.871876 0.000019 719.121547 0.010468
8.501667 2008 415.930779 6.781828 1352.442705 45.914531 0.166526 0.013451 -30.535977 2.859029 6.802338 1.868469 38.150358 0.877908 49.184588 nan 3.871871 0.000018 719.124744 0.010003
15.501667 2008 558.525353 8.305401 1596.937391 48.356624 0.151477 0.017725 -36.763178 3.270393 9.208527 2.167640 42.109895 1.064887 48.061118 nan 3.871868 0.000018 719.126416 0.009971
22.501667 2008 401.541027 5.990026 1086.936316 51.762796 0.138916 0.001690 -32.438387 1.256991 7.502666 1.033904 43.069813 0.810816 56.972774 nan 3.871865 0.000018 719.127872 0.009786
29.501667 2008 370.578460 8.802541 1002.615040 128.718786 0.128925 0.002551 -32.858897 1.242557 8.532132 1.025494 42.789336 0.808430 56.319599 nan 3.871864 0.000017 719.128539 0.009441
36.501667 2008 567.532428 9.363231 1697.754654 71.967775 0.158886 0.014714 -37.409324 3.298400 10.996551 2.048632 46.035213 0.798865 57.976270 nan 3.871861 0.000017 719.129822 0.009229
43.501667 2008 697.423261 10.540083 1936.056309 56.099483 0.163477 0.013626 -44.405132 3.467532 10.434066 2.161113 48.593070 0.854693 63.925886 nan 3.871860 0.000016 719.130854 0.009174
50.501667 2008 562.652805 8.041080 1416.973042 52.985678 0.151953 0.009296 -43.080181 2.618827 7.771808 1.721884 50.516105 0.824941 68.657561 nan 3.871859 0.000016 719.131193 0.008948
57.515556 2008 505.552926 13.444399 1444.325852 235.623725 0.131427 0.003337 -45.417255 1.790249 5.881574 1.324215 48.300225 0.858180 67.866654 nan 3.872072 0.000016 719.012606 0.008959
64.501667 2008 879.720707 14.290973 2718.840586 91.165082 0.139791 0.002936 -47.634781 1.448424 2.883226 1.268775 47.223395 1.089126 72.666258 nan 3.871855 0.000015 719.133258 0.008407
71.501667 2008 1135.665998 17.877489 3253.471294 98.389196 0.142003 0.004253 -47.798630 1.920555 2.291836 1.458711 46.802043 0.996866 74.580658 nan 3.871854 0.000015 719.133797 0.008377
78.501667 2008 828.245991 13.493160 2260.880925 119.294899 0.140151 0.001997 -45.274014 0.995769 -0.472785 1.038399 45.667615 1.081030 74.372915 nan 3.871852 0.000015 719.135127 0.008156
92.501667 2008 1641.544012 27.354235 5386.462633 164.057706 0.145007 0.002735 -49.619603 0.867007 -4.071080 1.062943 45.255812 1.258879 74.500710 nan 3.871849 0.000014 719.136353 0.007700
99.501667 2008 1423.305854 36.396880 3515.487393 470.938748 0.125806 0.023154 -49.973132 4.318721 -11.104696 4.940526 59.073384 5.562330 46.119408 nan 3.871848 0.000014 719.136914 0.007693
106.501667 2008 1374.126377 40.855987 4775.140383 685.883453 0.204992 0.026887 -57.476496 5.248412 -4.448907 4.972063 57.869476 4.695713 59.978039 nan 3.871847 0.000013 719.137640 0.007482
113.501667 2008 955.873327 32.630946 4191.650944 695.624390 0.132144 0.003951 -45.641812 1.018724 -7.238817 1.391973 40.546908 1.765222 62.777112 nan 3.871847 0.000013 719.137870 0.007214
120.501667 2008 860.228739 13.874421 2722.724786 78.332360 0.149972 0.009261 -45.539599 0.754538 -8.961787 1.563201 41.727008 2.371863 61.012453 nan 3.871843 0.000013 719.139918 0.007135
127.501667 2008 523.250180 6.892171 1240.370380 32.832295 0.152594 0.008979 -43.585151 0.753328 -9.091913 1.445608 33.616651 2.137888 58.604478 nan 3.871842 0.000013 719.140408 0.007169
134.501667 2008 253.640600 3.801201 603.538856 11.979135 0.112728 0.002244 -38.390617 0.756066 -8.360301 0.952742 27.144357 1.149419 47.354416 nan 3.871837 0.000013 719.143164 0.006998
141.501667 2008 283.308212 4.639022 759.195698 51.518854 0.147309 0.017957 -38.253036 0.943275 -10.242274 1.893068 24.854479 2.842861 40.000477 nan 3.871837 0.000012 719.143240 0.006826
148.501667 2008 213.721844 3.220873 673.522059 19.039519 0.168753 0.015693 -36.686881 0.804679 -7.567702 1.960372 28.871943 3.116066 44.870449 nan 3.871833 0.000012 719.145506 0.006845
155.501667 2008 163.170750 2.634617 491.267373 28.116921 0.094574 0.038532 -34.047596 1.908042 -4.497376 2.425176 28.118626 2.942309 39.814120 nan 3.871831 0.000012 719.146452 0.006952
162.501667 2008 145.382413 2.369482 456.495687 25.937083 0.151593 0.015136 -29.497416 0.727054 -3.647902 2.021294 26.609851 3.315534 41.833485 nan 3.871828 0.000012 719.148284 0.006864
169.501667 2008 620.882503 9.653334 1724.668421 65.519763 0.195277 0.021520 -28.506183 4.137854 5.540718 3.308443 31.304137 2.479033 36.772613 nan 3.871827 0.000012 719.148590 0.006822
176.501667 2008 313.213464 6.449687 902.031672 106.905520 0.141588 0.009841 -27.657740 1.786048 4.037822 1.287948 34.025903 0.789847 45.629667 nan 3.871823 0.000013 719.151133 0.006967
183.501667 2008 811.941457 216.276449 22068.027533 17032.822500 0.136027 0.024784 -26.391822 2.058782 5.341842 1.416323 37.058902 0.773864 51.178348 nan 3.871820 0.000013 719.152751 0.007169
190.501667 2008 166.257295 6.377891 932.807925 203.413210 -0.226032 0.040872 -22.311804 1.392320 2.725336 1.740176 39.962208 2.088031 27.404390 nan 3.871817 0.000013 719.154418 0.007173
197.501667 2008 430.761667 7.056756 1242.191873 51.060064 0.151205 0.024425 -28.884525 3.536645 11.685550 3.003123 48.585502 2.469600 46.651240 nan 3.871815 0.000013 719.155352 0.007260
204.501667 2008 372.573026 6.692211 1117.402430 83.089987 0.114977 0.024461 -28.518656 3.434337 15.625746 2.202939 49.649808 0.971541 50.124323 nan 3.871811 0.000014 719.157693 0.007535
211.501667 2008 216.911486 5.411107 580.482375 66.784590 0.102171 0.015397 -28.687615 2.686484 12.859798 1.878688 52.422621 1.070892 53.956970 nan 3.871810 0.000014 719.158377 0.007812
218.501667 2008 119.645864 5.048291 381.939333 73.157945 -0.081744 0.044626 -21.460681 1.904754 13.749232 2.074243 48.578553 2.243732 34.896330 nan 3.871808 0.000014 719.159435 0.007889
225.501667 2008 511.121415 13.609852 1436.086232 221.131992 0.153289 0.009249 -34.217889 2.170323 9.784870 1.586924 55.344438 1.003526 68.305261 nan 3.871807 0.000015 719.159842 0.008086
232.501667 2008 339.467593 7.738696 1120.331305 130.008367 0.145381 0.009836 -38.001466 2.301180 8.949059 1.704823 54.042082 1.108467 67.627957 nan 3.871804 0.000015 719.161763 0.008460
239.501667 2008 134.821257 2.138088 428.638146 11.068247 0.115301 0.002240 -34.569377 1.471357 7.018146 1.274281 48.673366 1.077205 61.441585 nan 3.871805 0.000016 719.161115 0.008785
246.501667 2008 409.834903 10.585425 2390.242027 150.197026 0.098184 0.011680 -48.995005 2.606703 5.635283 2.165948 50.666457 1.725193 57.137726 nan 3.871803 0.000016 719.162141 0.008928
253.501667 2008 323.811393 4.480944 808.717713 27.780076 0.150404 0.009788 -43.198887 2.645581 3.547271 1.952797 50.986458 1.260013 74.127411 nan 3.871802 0.000017 719.163123 0.009205
260.501667 2008 301.526238 6.021492 974.310716 77.572596 0.141641 0.010526 -45.911502 2.963445 1.770375 2.320806 48.227677 1.678167 69.645658 nan 3.871799 0.000017 719.164378 0.009656
274.501667 2008 1074.772743 49.958914 5988.312130 1323.645219 1.261084 0.397863 -57.577842 6.589901 10.849533 5.995406 57.882245 5.400910 33.556516 nan 3.871799 0.000018 719.164742 0.010228
281.501667 2008 1059.465708 32.113886 3166.075980 572.312401 0.248892 0.033715 -49.374503 4.307674 -15.829802 6.442584 55.485775 8.577495 37.098829 nan 3.871797 0.000019 719.165622 0.010579
295.501667 2008 408.662054 12.411220 1272.307645 181.303130 0.173903 0.026271 -48.650859 5.859959 -7.446305 5.919511 50.826047 5.979062 36.650834 nan 3.871793 0.000021 719.167966 0.011424
302.501667 2008 580.229501 27.613178 2571.777601 604.858106 0.071053 0.050689 -48.504927 5.332554 -4.318045 5.156404 45.659553 4.980254 36.178447 nan 3.871793 0.000021 719.168100 0.011650
309.501667 2008 757.769211 33.266530 4334.988404 814.863450 0.130890 0.032633 -43.245436 4.315048 -8.809774 4.347615 42.803649 4.380183 38.772458 nan 3.871790 0.000022 719.169956 0.011999
337.501667 2008 671.851844 42.585071 3345.884490 441.383277 -0.146634 0.025038 -34.257609 2.464964 -8.622485 2.084764 34.365961 1.704563 21.775476 nan 3.871776 0.000024 719.177810 0.013268
20.501667 2009 1278.852098 96.877037 17687.334576 3216.465951 -0.153791 0.021911 -42.456311 2.509927 15.074243 2.464237 47.554534 2.418547 24.506646 nan 3.871892 0.000027 719.113123 0.014775
34.501667 2009 144.713309 5.069767 647.073054 66.641526 -0.072257 0.189156 -54.777635 3.302327 16.826551 3.184811 52.752499 3.067296 22.689631 nan 3.871885 0.000027 719.117252 0.015127
48.501667 2009 250.611702 8.437067 741.975569 62.086591 0.056771 0.007221 -40.691081 4.277394 9.633897 4.128618 58.784624 3.979843 27.879665 nan 3.871885 0.000027 719.117204 0.015182
55.501667 2009 123.806677 8.732269 1011.525829 381.153545 -0.195943 0.052971 -44.094487 4.126819 7.500951 3.858374 47.920622 3.589929 28.216107 nan 3.871881 0.000027 719.119850 0.015273
62.501667 2009 69.918248 1.693587 336.779421 15.526039 -0.027233 0.021864 -44.328844 4.798446 2.515013 4.710553 47.377902 4.622660 14.345690 nan 3.872141 0.000027 718.974821 0.015147
69.501667 2009 128.912211 3.189269 523.716956 41.410961 -0.110323 0.047144 -45.199808 5.054402 0.633407 4.930365 49.135140 4.806328 18.353363 nan 3.871881 0.000028 719.119626 0.015361
76.501667 2009 721.279798 50.739663 6391.378096 1789.734009 0.032389 0.008102 -63.072603 4.257334 1.163137 4.236633 62.817706 4.215931 19.808259 nan 3.871881 0.000028 719.119861 0.015340
83.501667 2009 2697.180193 141.843632 29698.225719 4345.512464 0.009881 0.014546 -62.150994 4.028460 2.201284 4.220075 61.169235 4.411691 17.429887 nan 3.871880 0.000028 719.120325 0.015383
90.501667 2009 2340.964543 126.373793 23060.385751 3653.156605 0.267788 0.253045 -60.619840 4.854178 15.048773 4.987605 58.866168 5.121032 12.942277 nan 3.871881 0.000028 719.119697 0.015431
97.501667 2009 1440.953266 86.858188 14076.693285 3068.674822 -0.043141 0.023136 -51.733271 4.179662 3.286844 4.353666 59.088460 4.527670 17.791273 nan 3.871880 0.000028 719.119984 0.015394
104.501667 2009 842.133061 45.936470 8926.891254 1604.319525 0.001509 0.016300 -56.709503 4.137183 -0.157604 4.263705 56.709503 4.390228 12.443207 nan 3.871880 0.000028 719.119998 0.015371
111.501667 2009 1401.220613 62.428537 8244.055350 1581.316736 -0.160261 0.033665 -47.980792 3.702616 -14.391707 3.588728 50.626437 3.474839 11.247236 nan 3.871880 0.000028 719.120152 0.015406
118.501667 2009 570.843451 47.400237 8156.285288 2260.419899 -0.223052 0.027230 -47.559459 4.386759 2.523340 4.332271 48.276183 4.277784 10.893328 nan 3.871877 0.000028 719.121601 0.015426
125.501667 2009 797.893220 48.850877 5747.317058 1088.775658 -0.161812 0.050256 -45.202355 4.150749 -4.068799 4.100369 45.628849 4.049989 12.468167 nan 3.871876 0.000028 719.122571 0.015377
132.501667 2009 551.268212 31.371743 5424.645473 1158.089928 -0.092667 0.021204 -44.090256 2.656035 -8.091258 2.513759 41.375563 2.371483 18.656462 nan 3.871874 0.000028 719.123430 0.015354
139.501667 2009 537.674829 31.385322 6021.655490 924.670870 0.108225 0.185110 -39.192618 2.520573 -14.460848 2.425605 39.658177 2.330638 21.544601 nan 3.871871 0.000028 719.125332 0.015387
146.501667 2009 329.578851 28.771132 4514.203029 1131.140191 -0.198616 0.022446 -35.856560 2.224120 -4.764288 2.047389 36.236322 1.870659 24.431660 nan 3.871868 0.000028 719.126753 0.015408
153.501667 2009 253.811082 24.043257 4060.633814 1117.893676 -0.236557 0.024429 -33.581895 1.977284 -1.818489 1.973880 33.584852 1.970477 18.063009 nan 3.871865 0.000028 719.128300 0.015377
160.501667 2009 904.772576 53.065272 6013.922682 1267.047887 0.148822 0.168603 -31.913229 1.928194 0.409888 2.206007 36.253369 2.483820 27.831446 nan 3.871862 0.000028 719.130063 0.015408
174.501667 2009 138.845539 12.593963 1918.797369 384.334421 -0.115253 0.037720 -20.462006 3.214639 9.066926 2.994202 41.811908 2.773765 17.997123 nan 3.872552 0.000028 718.746069 0.015650
181.501667 2009 272.951807 7.891585 1022.531296 88.067970 -0.002755 0.017016 -34.933238 2.938410 9.157281 2.809465 46.195118 2.680520 22.936708 nan 3.871847 0.000028 719.138532 0.015646
195.501667 2009 105.542090 4.535403 379.820772 22.166925 -0.021845 0.111399 -35.651523 2.349992 10.567338 2.341163 51.695862 2.332334 16.756460 nan 3.871841 0.000029 719.141853 0.015960
202.501667 2009 427.998221 11.995623 1702.513446 246.440915 -0.028430 0.016744 -53.252574 3.230106 11.534772 3.153161 53.923983 3.076216 25.741243 nan 3.871837 0.000029 719.144198 0.016140
209.501667 2009 144.401819 2.334240 352.307391 21.047921 -0.001434 0.051630 -33.281356 3.008255 12.796009 2.298987 50.630930 1.589720 56.975553 nan 3.871838 0.000029 719.143619 0.016270
216.501667 2009 117.834995 2.449534 403.916147 31.359042 0.016250 0.166827 -40.322365 4.392313 9.788593 3.972558 53.780512 3.552803 36.190590 nan 3.871835 0.000030 719.145508 0.016481
251.501667 2009 892.961324 14.497919 1885.229978 379.781929 -0.063381 0.179381 -61.360261 5.550295 20.888646 6.031394 60.733712 6.512493 16.300843 nan 3.871799 0.000025 719.165024 0.013888
265.501667 2009 117.869832 10.547670 644.783069 130.426874 -0.138599 0.019919 -58.135442 4.386654 2.576543 4.563965 58.634741 4.741276 11.272687 nan 3.871833 0.000033 719.146694 0.018454
272.501667 2009 173.894220 11.749691 981.530642 246.569422 -0.086213 0.020303 -55.881805 4.097898 3.980680 4.183223 56.319604 4.268548 14.952387 nan 3.871835 0.000034 719.146058 0.018855
293.501667 2009 268.863672 12.808464 1628.620128 325.745269 -0.078169 0.031783 -46.457664 5.098642 0.218595 5.093331 46.591382 5.088020 14.815168 nan 3.871831 0.000036 719.148174 0.020046
300.501667 2009 263.374107 11.776756 999.613972 133.919805 -0.017858 0.017994 -43.167253 3.829722 -4.170040 3.706560 45.157331 3.583397 13.549167 nan 3.871827 0.000037 719.150305 0.020470
307.501667 2009 295.180027 16.501031 1195.303245 234.700071 0.001148 0.009600 -41.042829 3.253901 -5.105205 3.138537 41.272201 3.023173 14.445420 nan 3.871826 0.000037 719.151208 0.020893
314.501667 2009 192.213788 14.407703 834.138843 231.464199 -0.106928 0.015220 -40.164533 2.337909 -8.098105 2.350011 39.909190 2.362113 18.216520 nan 3.871819 0.000038 719.154926 0.021264
321.501667 2009 207.370405 18.700083 1031.604360 357.315013 -0.114716 0.016032 -37.150374 1.901803 -10.175060 2.077276 36.526573 2.252749 17.847284 nan 3.871819 0.000039 719.155008 0.021653
328.501667 2009 464.799013 37.482265 6071.423859 1791.657542 -0.084507 0.016555 -34.948643 1.970406 -7.841426 1.944200 33.639172 1.917994 17.200377 nan 3.871815 0.000040 719.157579 0.022062
335.501667 2009 500.589972 39.552976 9468.613722 2008.873007 -0.177276 0.023152 -32.200019 1.804501 -5.878039 1.707009 27.149164 1.609517 24.616698 nan 3.871811 0.000040 719.160068 0.022454
342.501667 2009 294.030835 30.726877 2578.382774 1367.417543 -0.174176 0.025980 -29.402371 1.687025 1.826205 1.610815 29.721790 1.534604 16.267523 nan 3.871802 0.000041 719.165030 0.022823
349.501667 2009 862.378271 58.328665 12514.990309 2870.660068 -0.144948 0.037782 -30.825784 2.263402 3.000458 2.259104 35.144005 2.254806 34.539964 nan 3.871799 0.000042 719.166417 0.023212
5.501667 2010 2385.444711 150.368481 26341.378662 6539.610602 -0.044916 0.030233 -37.359076 4.372888 21.394411 4.024064 46.046210 3.675240 21.967877 nan 3.871782 0.000044 719.176236 0.024277
19.501667 2010 381.549441 29.596508 3337.253107 1142.287796 -0.330477 0.054425 -50.887417 3.148869 29.077295 2.839238 54.788678 2.529606 23.314093 nan 3.871777 0.000045 719.179520 0.024901
26.501667 2010 135.086371 12.352505 621.577055 239.600593 -0.176619 0.027458 -57.314353 3.346790 22.022796 3.500569 57.859004 3.654348 15.608358 nan 3.871773 0.000045 719.181590 0.025146
33.501667 2010 125.613412 2.798840 483.347161 38.334830 -0.061168 0.020356 -52.618978 4.077075 18.216405 4.018358 59.645136 3.959641 17.506508 nan 3.871478 0.000046 719.346406 0.025824
54.501667 2010 602.687140 34.266846 5315.927613 946.991897 -0.171595 0.027770 -62.716578 3.231384 25.814920 3.403693 65.092327 3.576001 31.585587 nan 3.871771 0.000046 719.182648 0.025891
61.501667 2010 884.999821 53.672249 7348.003126 1507.183973 -0.096274 0.025157 -64.541082 3.539657 14.329821 3.876365 54.407291 4.213073 23.585850 nan 3.871774 0.000047 719.181377 0.026022
68.501667 2010 924.383930 42.080316 5352.368577 787.525073 0.001216 0.015874 -63.219728 4.380966 3.727240 4.514747 63.766819 4.648528 18.824121 nan 3.871772 0.000047 719.182552 0.026137
75.501667 2010 953.228444 56.204698 10205.864547 2001.028903 -0.034876 0.018161 -63.332787 4.664961 1.774141 4.756237 59.035254 4.847513 14.726203 nan 3.871776 0.000047 719.180075 0.026228
82.501667 2010 1716.180299 72.915891 10121.678647 1124.659875 -0.081146 0.025457 -62.203902 3.975373 10.021671 4.089840 59.859104 4.204308 15.535355 nan 3.871776 0.000047 719.180105 0.026311
89.501667 2010 1341.279813 72.915230 7773.532207 1652.596338 -0.008493 0.032008 -59.362547 4.912080 8.411778 4.644571 54.846910 4.377063 21.380421 nan 3.871779 0.000047 719.178378 0.026398
96.501667 2010 4894.224610 99.419153 16834.413613 909.627100 0.091969 0.018634 -54.846029 5.803684 7.252212 5.232740 56.210563 4.661797 38.016921 nan 3.871780 0.000048 719.178233 0.026479
103.501667 2010 2296.504950 51.727737 6964.506701 767.372076 0.138135 0.021710 -44.912270 4.348949 -6.292491 4.690408 52.626643 5.031867 45.058740 nan 3.871780 0.000048 719.177907 0.026521
110.501667 2010 2772.174071 157.948932 30450.715610 9124.611919 0.084399 0.014888 -45.952003 3.973708 -6.558019 3.966304 48.426394 3.958900 39.167559 nan 3.871777 0.000048 719.179642 0.026559
117.501667 2010 1313.019470 53.384715 8749.518338 1399.232024 0.077863 0.016548 -43.294152 3.163889 -8.959910 3.095112 41.575792 3.026334 39.445458 nan 3.871778 0.000048 719.179277 0.026600
124.501667 2010 3342.824006 99.319345 12223.216534 1720.786870 0.075429 0.020211 -43.361484 4.212402 -6.799111 4.347047 43.139473 4.481691 25.393466 nan 3.871771 0.000048 719.182895 0.026621
131.501667 2010 1871.657117 68.963592 5665.832117 1032.304079 0.081218 0.017607 -37.734207 3.346804 -6.476663 3.681445 36.447480 4.016086 34.568939 nan 3.871774 0.000048 719.181470 0.026601
145.511389 2010 1565.199055 63.171238 10076.577682 1480.380892 0.058246 0.018654 -37.728339 2.916296 -2.766042 3.264531 36.627488 3.612767 29.416697 nan 3.871754 0.000048 719.192654 0.026600
152.501667 2010 2662.386237 74.708890 7823.833013 1049.079207 0.069822 0.020271 -31.259826 3.387797 7.333468 3.064410 37.977527 2.741024 36.351481 nan 3.871756 0.000048 719.191205 0.026662
159.501667 2010 874.106074 20.311703 2243.511617 134.645028 0.095894 0.016321 -27.614542 3.256235 9.631392 2.517914 42.606640 1.779593 41.014920 nan 3.871752 0.000048 719.193712 0.026673
166.501667 2010 639.347316 19.897283 1666.404100 373.185843 0.127851 0.017182 -45.153292 4.143354 9.835902 3.966930 44.606457 3.790506 39.355717 nan 3.871743 0.000048 719.198476 0.026742
180.501667 2010 1015.196808 39.205891 3649.886725 800.061956 0.092306 0.021445 -50.866438 3.805499 10.073408 4.426073 49.966303 5.046647 41.683117 nan 3.871731 0.000048 719.205233 0.026942
187.501667 2010 529.627143 27.580248 1676.625394 324.220949 0.102798 0.017367 -27.088078 3.535846 19.154638 2.405609 54.794460 1.275371 49.522005 nan 3.871727 0.000049 719.207844 0.027029
194.501667 2010 181.982348 3.829686 508.466798 38.936793 0.103804 0.013743 -27.005865 2.210734 15.438897 1.626951 52.434350 1.043169 53.620647 nan 3.871724 0.000049 719.209705 0.027197
208.501667 2010 333.225678 6.641749 1209.058838 74.971057 0.044117 0.032917 -41.723321 4.386287 13.747518 3.954245 57.568742 3.522202 53.943317 nan 3.871718 0.000049 719.213004 0.027523
215.501667 2010 1274.083845 31.833655 6434.206125 808.854544 0.105880 0.015487 -33.832816 3.235910 15.964134 2.109340 60.847915 0.982769 65.142984 nan 3.871720 0.000050 719.211748 0.027648
222.501667 2010 794.746829 14.935882 2281.127033 188.425297 0.127516 0.006768 -62.611992 2.054053 6.972565 3.604184 59.356145 5.154315 67.978654 nan 3.871715 0.000050 719.214489 0.027856
229.501667 2010 943.428423 40.955744 5422.934718 1357.793489 0.110379 0.012277 -62.680445 3.871036 2.143621 5.228615 61.751923 6.586194 57.654270 nan 3.871713 0.000050 719.215948 0.028078
236.501667 2010 1268.599101 33.138851 4970.303059 509.917025 0.136188 0.028730 -62.493457 6.280053 5.963225 6.560265 58.091102 6.840478 46.269396 nan 3.871714 0.000051 719.215071 0.028291
243.501667 2010 1082.040951 33.034606 3827.180167 602.613734 0.121850 0.024348 -61.963356 7.345228 4.361990 7.141475 62.177230 6.937722 45.769216 nan 3.871715 0.000051 719.214839 0.028488
250.501667 2010 1959.291895 79.182165 15489.563124 2465.642015 0.173868 0.025104 -54.987062 7.056731 11.102816 6.309214 59.320230 5.561696 53.813077 nan 3.871714 0.000052 719.215325 0.028778
257.501667 2010 2168.720321 90.768776 15450.342993 2263.828764 0.152701 0.029094 -59.175019 7.732044 -3.838428 8.240568 58.932265 8.749091 37.372628 nan 3.871717 0.000052 719.213934 0.029121
264.501667 2010 2071.124855 74.673570 14406.527207 1148.085710 -0.098044 0.038423 -55.100427 5.347228 2.821282 5.627967 55.697801 5.908707 25.290501 nan 3.871719 0.000053 719.212989 0.029424
285.501667 2010 569.263974 20.099159 2616.242827 832.715996 -0.048315 0.027493 -47.422180 3.699193 -12.855033 4.104894 48.703840 4.510595 27.683232 nan 3.871720 0.000055 719.212749 0.030552
292.501667 2010 2637.298088 95.240140 16896.399867 1541.511357 0.029645 0.025770 -45.320872 4.279245 -7.289185 4.084242 44.625286 3.889239 31.651681 nan 3.871715 0.000055 719.215591 0.030908
299.501667 2010 2940.855701 96.626181 19488.856964 1491.651746 0.174787 0.021518 -43.455121 3.940977 -6.696761 4.205681 41.451169 4.470385 53.082402 nan 3.871713 0.000056 719.216866 0.031258
306.501667 2010 1721.289629 76.272488 14528.062935 2139.404667 0.070753 0.010973 -41.480190 3.524275 -7.174423 3.809534 39.759750 4.094793 33.299779 nan 3.871708 0.000057 719.219620 0.031667
313.501667 2010 1386.583634 71.189136 7513.423586 1606.528342 0.044106 0.017401 -37.959633 2.554194 -10.137814 3.107741 37.597649 3.661287 33.467615 nan 3.871701 0.000058 719.223526 0.032085
320.501667 2010 759.489156 44.067140 6517.916188 1729.899790 0.152163 0.015923 -34.549166 1.989499 -4.296706 2.967067 32.941928 3.944636 46.704733 nan 3.871700 0.000058 719.224359 0.032434
327.501667 2010 1242.799115 71.792130 12936.798311 2021.733895 0.081548 0.019825 -34.111130 2.678642 -4.292033 3.210081 34.608732 3.741519 32.437326 nan 3.871692 0.000059 719.228671 0.032785
341.501667 2010 2274.699945 112.161714 22029.767713 3068.925020 -0.097705 0.026227 -36.334142 2.690953 5.040423 2.720587 40.292472 2.750221 27.893771 nan 3.871678 0.000060 719.236922 0.033614
348.501667 2010 1562.880961 88.627595 16321.715909 2390.707667 0.022082 0.018573 -31.421690 3.262923 10.508175 3.108715 43.779536 2.954507 24.570704 nan 3.871671 0.000061 719.240715 0.033950
4.501667 2011 120.701140 8.877592 813.341855 200.731768 -0.305575 0.030676 -49.699843 3.749639 22.010977 3.677378 51.396354 3.605117 14.304700 nan 3.871645 0.000063 719.255866 0.035091
11.501667 2011 179.635833 3.423075 649.665965 21.657642 0.042846 0.005182 -32.929084 3.749624 15.578340 3.533884 55.196711 3.318144 20.400436 nan 3.871808 0.000063 719.164940 0.035053
18.501667 2011 154.659062 4.247713 520.259710 60.125379 0.040758 0.012263 -47.781734 4.095726 17.438894 3.972338 59.727916 3.848950 33.756221 nan 3.871887 0.000063 719.120962 0.035119
25.501667 2011 258.812844 15.286844 3464.399250 831.098245 -0.212731 0.024395 -61.922450 3.555314 21.750728 3.722114 62.235650 3.888915 19.345226 nan 3.871887 0.000064 719.120727 0.035412
32.501667 2011 725.443749 28.947268 3635.122570 806.583913 -0.068152 0.022596 -64.062640 4.081263 10.701351 4.155163 64.773157 4.229064 24.756689 nan 3.871883 0.000064 719.123309 0.035644
39.501667 2011 3511.781462 146.642993 26446.252396 3474.456129 0.096173 0.022018 -58.979993 4.832718 23.142370 4.372586 66.192288 3.912454 49.476157 nan 3.871885 0.000064 719.122423 0.035764
46.501667 2011 3608.436314 152.592288 28072.257990 3472.859335 0.117055 0.020280 -65.944169 5.286426 9.311933 5.472076 63.454289 5.657727 44.925847 nan 3.871883 0.000064 719.123653 0.035919
53.501667 2011 1425.856185 79.984985 9751.425932 1666.071726 0.043132 0.007032 -62.018444 4.498575 3.387235 4.473783 65.391150 4.448990 18.840803 nan 3.871884 0.000065 719.122781 0.036086
60.501667 2011 1388.935232 63.526404 6056.951055 1018.934370 -0.034531 0.024068 -65.989473 5.259887 11.283546 5.107153 66.093716 4.954418 29.632407 nan 3.871888 0.000065 719.120563 0.036194
67.501667 2011 1488.229610 38.635572 5869.093340 792.172089 0.083981 0.017814 -65.003550 6.400418 2.617739 6.379068 62.482656 6.357719 39.063327 nan 3.871891 0.000065 719.119111 0.036215
74.501667 2011 1027.509587 20.691726 2922.166089 354.528101 0.104465 0.013667 -63.296107 4.230959 -7.311649 5.343901 60.500443 6.456843 61.623231 nan 3.871893 0.000065 719.118192 0.036323
81.501667 2011 401.801738 9.656470 1038.883636 130.739442 0.089058 0.017359 -58.674862 5.231212 -3.938333 5.453501 60.086333 5.675790 44.040446 nan 3.871895 0.000065 719.117045 0.036461
88.501667 2011 541.045440 34.474689 6292.748217 1896.544745 0.048877 0.010537 -57.183367 6.516076 4.219263 6.381785 58.158782 6.247493 27.677633 nan 3.873997 0.000066 717.947117 0.036692
95.558889 2011 657.444803 16.734132 2414.930178 177.285818 0.117897 0.024588 -48.993307 8.012066 3.522400 6.961579 53.000830 5.911092 43.800933 nan 3.871937 0.000053 719.091602 0.029442
102.503334 2011 1047.252571 24.209714 2661.862461 242.529152 0.093636 0.012515 -49.416307 5.694285 9.380474 4.592584 50.129173 3.490882 37.973563 nan 3.871896 0.000066 719.116548 0.036584
109.503334 2011 456.865301 13.708200 1518.181906 290.469744 0.040807 0.013150 -47.106178 3.645170 -10.363641 3.830406 47.541315 4.015641 36.783820 nan 3.871894 0.000066 719.117653 0.036675
116.503334 2011 474.485526 22.575626 2619.034377 499.718192 0.033469 0.021910 -43.863033 3.966729 -3.456709 3.791846 41.163551 3.616963 42.371799 nan 3.871890 0.000066 719.119563 0.036651
123.503334 2011 1535.270469 25.451362 3987.355064 214.244114 0.099441 0.023862 -39.758910 2.979944 -10.865561 3.919378 36.135056 4.858813 31.911617 nan 3.871886 0.000066 719.122139 0.036568
130.503334 2011 842.761663 19.536611 2368.854551 269.372205 0.081213 0.015661 -35.102669 3.937726 5.603541 3.247559 39.669511 2.557392 41.170163 nan 3.871884 0.000066 719.122878 0.036593
137.503334 2011 576.735060 17.106522 1203.175288 103.155338 0.097617 0.019441 -34.052524 4.230062 5.295355 3.866315 41.002979 3.502568 36.054837 nan 3.871874 0.000066 719.128432 0.036631
144.503334 2011 565.569126 35.953440 3293.209235 1350.572445 0.035025 0.015667 -42.927107 2.787145 5.104773 3.093062 42.340151 3.398979 31.018905 nan 3.871871 0.000066 719.130124 0.036604
158.503334 2011 1243.258553 44.029127 5167.356663 1000.987236 0.136231 0.019481 -48.583708 4.447353 3.508867 5.269690 47.531162 6.092028 36.332701 nan 3.871851 0.000066 719.141398 0.036634
165.503334 2011 1090.236260 58.228286 9087.743404 2410.284466 0.090053 0.017949 -51.356475 3.248726 3.324083 4.441374 49.595195 5.634023 40.620937 nan 3.871843 0.000066 719.145765 0.036771
172.503334 2011 514.814778 18.356109 3343.647859 735.833286 0.117272 0.017250 -51.799714 4.244368 8.611648 4.846872 53.243825 5.449375 44.183884 nan 3.871837 0.000066 719.149546 0.036825
179.503334 2011 345.358876 5.818491 1081.422241 46.578157 0.080571 0.023037 -56.104823 3.102834 16.945892 3.090017 52.567745 3.077201 48.696592 nan 3.871828 0.000066 719.154546 0.036869
186.503334 2011 439.640421 9.139272 1298.984642 105.802650 0.123933 0.006049 -25.938724 2.317691 15.123428 1.955058 55.315605 1.592426 57.125129 nan 3.871825 0.000066 719.155971 0.037054
193.503334 2011 342.416967 5.174444 937.477547 29.173713 0.143828 0.015972 -54.817485 3.879590 12.156869 4.559724 60.868574 5.239858 60.367254 nan 3.871820 0.000067 719.159057 0.037247
200.503334 2011 441.239429 9.305107 1632.568961 299.813502 0.097467 0.016046 -55.147879 4.372311 13.402767 4.759985 62.434717 5.147658 52.597609 nan 3.871823 0.000067 719.157197 0.037335
207.503334 2011 605.915102 20.582422 1838.554101 288.805788 0.112072 0.017929 -62.725181 4.723638 3.683662 5.889619 63.326211 7.055600 47.539461 nan 3.871819 0.000067 719.159768 0.037417
214.503334 2011 613.296416 22.611174 3130.340435 634.057182 0.036527 0.017496 -63.738382 4.824244 14.081719 4.969406 63.592582 5.114568 39.233947 nan 3.871814 0.000068 719.162616 0.037620
221.503334 2011 604.194190 9.648449 1329.096281 102.579222 0.028394 0.013155 -64.099541 4.899109 11.162047 4.954473 63.203105 5.009837 40.162328 nan 3.871810 0.000068 719.164665 0.037836
228.503334 2011 342.158340 5.173549 798.493679 37.432735 0.052335 0.015128 -59.706680 4.958802 6.193826 5.212428 57.871100 5.466055 50.132923 nan 3.871818 0.000068 719.160589 0.037968
235.503334 2011 354.693513 23.174300 2205.380676 955.035763 0.072667 0.012537 -61.854199 5.532420 4.510823 5.927819 62.431989 6.323217 49.468588 nan 3.871816 0.000068 719.161757 0.038134
242.503334 2011 311.582443 23.193511 3059.445234 736.539634 -0.110427 0.026600 -58.143804 4.714036 0.816207 5.016203 61.978901 5.318369 26.285770 nan 3.871823 0.000069 719.157742 0.038445
249.503334 2011 706.748459 31.511471 3065.451987 613.800925 0.053261 0.010098 -54.332710 4.575319 -3.065303 4.932793 58.497672 5.290267 37.121647 nan 3.871824 0.000070 719.157044 0.038764
256.503334 2011 2135.381216 44.194600 6915.025474 661.639594 0.102242 0.014021 -52.741222 5.425805 9.238537 4.180214 53.705638 2.934623 64.291393 nan 3.871831 0.000070 719.153200 0.039015
263.503334 2011 743.956312 27.038709 3275.043048 644.436215 0.105577 0.013140 -55.013202 5.857237 2.474612 5.299531 54.668388 4.741826 53.349649 nan 3.871828 0.000071 719.155269 0.039319
270.503334 2011 1598.263924 41.161941 6386.885093 865.385242 0.104608 0.017567 -46.836906 4.349449 -0.435531 4.327391 52.888070 4.305334 54.229684 nan 3.871830 0.000071 719.154109 0.039751
277.503334 2011 825.938996 14.154027 1996.285318 174.915183 0.130681 0.008799 -42.449668 0.494431 -3.453030 1.583599 45.557770 2.672767 69.424393 nan 3.871824 0.000072 719.157720 0.040145
284.503334 2011 279.268183 4.964230 736.809807 48.601670 0.091326 0.011848 -45.392372 3.387943 0.234988 2.752361 46.031183 2.116778 53.410477 nan 3.871822 0.000073 719.158924 0.040427
291.503334 2011 80.769154 1.179929 192.773186 7.470227 -0.293290 0.054671 -45.443942 2.717181 -5.916244 2.633689 46.086762 2.550196 28.685124 nan 3.871817 0.000073 719.161965 0.040787
298.503334 2011 400.144254 10.286330 1912.306146 303.682743 -0.103989 0.039694 -33.280632 2.766316 2.733105 2.616823 39.200839 2.467331 35.268563 nan 3.871815 0.000074 719.163404 0.041231
312.503334 2011 763.799082 45.542264 5187.625634 1581.549740 0.096286 0.014177 -35.498126 2.690206 1.678731 2.623042 34.514704 2.555879 46.062132 nan 3.871805 0.000075 719.169305 0.041903
319.503334 2011 936.884249 76.690723 19128.051927 6387.945482 -0.040931 0.044022 -34.350298 4.157812 7.223725 3.635391 36.657122 3.112969 34.270543 nan 3.871795 0.000076 719.174573 0.042299
326.503334 2011 1889.057206 122.746663 27798.371147 4607.459257 -0.149668 0.033501 -38.097185 3.462529 6.607793 3.455051 38.698139 3.447573 25.670139 nan 3.871788 0.000077 719.178803 0.042770
333.503334 2011 908.884133 61.300517 5554.264310 1697.596861 0.032095 0.013923 -39.167055 2.914133 10.419598 2.933943 41.739988 2.953753 27.260541 nan 3.871774 0.000078 719.187024 0.043192
354.503334 2011 204.632421 16.572623 2076.367474 658.175658 -0.117412 0.021658 -49.982828 3.790330 6.234257 3.770600 50.327576 3.750870 15.623667 nan 3.871751 0.000080 719.199974 0.044445
10.503334 2012 352.128837 29.338388 3148.807159 1367.153452 0.021607 0.005052 -61.430997 4.368508 15.590139 4.159248 57.943187 3.949987 12.782741 nan 3.871738 0.000082 719.207817 0.045432
17.503334 2012 1529.861686 85.009487 10732.917167 1810.985467 -0.005304 0.013548 -64.855797 4.031882 13.091406 3.978282 64.400179 3.924683 24.590454 nan 3.871735 0.000082 719.209573 0.045807
24.503334 2012 2431.705197 112.691918 17298.054154 3195.194124 0.088337 0.013091 -67.472378 3.715169 4.244924 5.032270 66.237371 6.349371 51.426315 nan 3.871735 0.000083 719.209614 0.046027
31.503334 2012 544.638803 18.493208 1472.169691 149.996539 0.053309 0.016442 -67.564779 4.647870 18.022212 4.782734 68.723467 4.917597 51.734735 nan 3.871733 0.000083 719.210923 0.046131
38.503334 2012 405.947582 8.931435 1200.605320 134.989167 0.097135 0.015259 -65.316420 5.174491 15.905916 5.125931 69.146562 5.077372 64.210802 nan 3.871735 0.000083 719.209625 0.046366
45.503334 2012 833.075198 18.283771 3221.087902 281.426871 0.068496 0.020717 -51.429134 5.031019 18.465261 4.021927 67.874708 3.012835 55.745856 nan 3.871735 0.000084 719.209989 0.046612
52.503334 2012 801.561317 18.208817 2058.491566 140.474967 0.070460 0.015322 -68.191430 5.495911 4.843969 5.870431 67.508702 6.244950 49.577979 nan 3.871739 0.000084 719.207838 0.046706
66.503334 2012 2887.521449 118.940147 22086.206086 3783.525488 0.139426 0.054438 -54.890644 5.051179 3.857170 5.001939 57.765250 4.952698 57.678079 nan 3.871750 0.000084 719.202012 0.046904
73.503334 2012 1986.081404 42.651577 5602.069080 466.683069 0.114944 0.017121 -60.677221 5.626222 -0.648257 5.777973 61.163880 5.929725 51.752254 nan 3.871755 0.000085 719.199030 0.047095
80.503334 2012 1986.168142 34.400800 5567.500518 262.489874 0.114752 0.015416 -52.729045 6.060228 2.849285 5.413424 57.412258 4.766621 54.732512 nan 3.871757 0.000085 719.197853 0.047124
87.503334 2012 2482.499073 74.492168 11478.158105 1544.685663 0.151419 0.020070 -48.940535 4.232247 -3.270328 4.172724 52.308498 4.113201 61.795423 nan 3.871752 0.000085 719.200508 0.047111
94.503334 2012 2262.858300 87.110615 14616.348273 2080.477424 0.080843 0.018526 -51.133983 3.632671 -10.735026 4.220097 51.803339 4.807524 47.407341 nan 3.871757 0.000085 719.198179 0.047244
101.503334 2012 1354.406066 50.901560 6801.087931 1301.827804 0.117992 0.018957 -45.988733 4.749170 -3.390271 4.908860 46.855184 5.068549 43.703275 nan 3.871810 0.000085 719.168455 0.047295
109.503334 2012 458.407090 21.910802 1821.028002 376.091327 0.066249 0.019540 -43.528989 5.568308 -4.801761 5.895739 43.309419 6.223170 33.229565 nan 3.870751 0.000068 719.755431 0.037924
116.503334 2012 2787.699714 58.829229 11114.133595 668.815380 0.145061 0.019691 -40.099583 3.273553 -1.226815 3.334041 34.856361 3.394529 51.916770 nan 3.871542 0.000085 719.317881 0.047416
136.503334 2012 712.376087 11.395059 1901.428210 83.570713 0.049410 0.021449 -45.858642 3.622672 6.542157 3.976194 45.749115 4.329717 34.143053 nan 3.871911 0.000084 719.112073 0.046991
150.503334 2012 289.030001 4.202905 658.787913 37.288154 0.018059 0.018706 -47.610757 2.530296 17.608085 2.263480 49.087086 1.996663 43.407430 nan 3.871894 0.000085 719.121650 0.047086
157.503334 2012 987.549699 16.276589 3054.073263 92.471849 0.084191 0.021525 -50.787339 3.194042 3.559778 4.428926 51.093023 5.663810 40.884181 nan 3.871878 0.000085 719.130613 0.047222
164.503334 2012 946.971992 17.796183 2438.009290 171.383900 0.075122 0.015709 -54.228345 3.089912 10.019038 3.901964 54.008636 4.714017 47.407244 nan 3.871871 0.000085 719.134420 0.047207
171.503334 2012 1308.598716 26.697488 4481.750164 380.192450 0.145221 0.009613 -27.706446 1.802465 14.964889 1.526423 54.474116 1.250382 60.340399 nan 3.871863 0.000085 719.139037 0.047311
178.503334 2012 512.878518 7.787963 1480.054132 90.139597 0.129076 0.002858 -24.691472 1.655457 16.194825 1.354504 56.416169 1.053551 60.468584 nan 3.872684 0.000088 718.682541 0.048931
185.503334 2012 1148.304961 18.766180 3188.276055 129.908306 0.148961 0.010060 -30.862240 2.205943 16.681699 1.734806 63.024193 1.263670 66.764428 nan 3.871857 0.000086 719.142665 0.047680
192.503334 2012 1703.413843 32.560848 5075.635826 269.949165 0.085141 0.013455 -58.889495 4.145217 9.926489 5.056449 64.011491 5.967681 51.575060 nan 3.871857 0.000086 719.142280 0.047671
199.503334 2012 3449.221998 75.042599 14849.784231 789.758334 0.106445 0.010811 -62.810955 3.056234 7.954179 4.711306 64.197150 6.366377 60.092683 nan 3.871852 0.000086 719.145457 0.047808
206.503334 2012 1822.555026 35.829951 7248.187491 314.142531 0.140504 0.006339 -64.088251 2.289797 10.428413 3.321136 65.796343 4.352476 78.193897 nan 3.871851 0.000086 719.146136 0.048007
213.503334 2012 920.387538 19.755881 3923.625063 576.036655 0.076989 0.014594 -64.920981 4.779935 13.257870 4.962581 62.339551 5.145226 56.346150 nan 3.871851 0.000086 719.145818 0.048182
220.503334 2012 523.170609 12.519460 1517.612730 183.385581 0.091526 0.013954 -65.018829 3.676592 2.265520 5.042368 59.363768 6.408145 62.257036 nan 3.871861 0.000087 719.140281 0.048210
227.503334 2012 530.595839 17.577946 1884.407102 331.754487 0.111307 0.011569 -64.557905 3.658162 3.019559 5.077616 60.464395 6.497071 70.149972 nan 3.871864 0.000087 719.138665 0.048453
234.503334 2012 740.679098 30.036334 2851.410074 606.789886 0.119647 0.016277 -53.379924 5.287231 7.118255 5.200097 60.863787 5.112962 67.078206 nan 3.871869 0.000088 719.136064 0.048756
241.503334 2012 297.437997 6.643977 874.206802 63.948711 0.143640 0.006291 -42.325493 3.977639 7.446404 2.680911 60.650741 1.384182 83.887431 nan 3.872117 0.000086 718.997747 0.047756
255.503334 2012 1011.370575 38.642462 3142.571938 800.271532 0.121850 0.012424 -58.476456 5.727569 0.221915 4.961868 50.793634 4.196166 67.535110 nan 3.871875 0.000089 719.133030 0.049565
262.503334 2012 628.532566 18.074442 1676.137467 181.737139 0.082865 0.015903 -54.786180 5.421725 -4.059891 5.523631 52.406967 5.625536 50.175736 nan 3.871876 0.000090 719.133034 0.050035
269.503334 2012 513.925140 28.706912 4552.523853 1056.697574 0.048941 0.021128 -52.254179 5.699218 -0.033573 4.767453 52.197425 3.835689 48.503740 nan 3.871873 0.000090 719.134715 0.050350
276.503334 2012 790.595822 31.125760 4612.732573 782.201695 0.877841 0.315494 -50.083037 4.445342 -7.599864 4.374633 50.661976 4.303925 42.503630 nan 3.871870 0.000091 719.136354 0.050577
283.503334 2012 2213.070107 61.525803 13048.260882 1324.310317 0.083055 0.015114 -46.611291 4.413676 -2.494104 4.446213 47.313838 4.478749 47.663464 nan 3.871251 0.000089 719.481231 0.049501
290.503334 2012 2745.782078 53.716146 8786.042453 597.211376 0.357293 0.224074 -43.305402 3.102456 -0.560500 2.709834 39.618717 2.317213 63.132854 nan 3.871858 0.000092 719.143559 0.051433
304.503334 2012 1120.209276 30.698694 4289.755500 787.773349 0.115435 0.015789 -37.245116 3.279400 -0.565401 3.604435 41.350327 3.929471 47.706627 nan 3.871844 0.000093 719.151995 0.052000
311.503334 2012 653.149524 38.850565 2843.845959 746.668769 0.109614 0.014757 -37.357998 2.390417 4.454546 2.471270 41.041762 2.552123 51.017538 nan 3.871833 0.000094 719.157976 0.052445
8.503334 2013 130.308445 13.272117 2017.666098 662.787329 0.080545 0.181564 -61.393121 4.657754 0.833382 5.010891 67.906204 5.364028 15.455326 nan 3.872239 0.000102 718.933995 0.056881
15.503334 2013 378.097478 12.812553 1377.817089 270.507851 0.036179 0.020011 -69.826090 4.701236 0.630336 5.648471 66.960243 6.595706 40.811905 nan 3.872235 0.000102 718.936035 0.056580
22.503334 2013 337.269446 14.917641 1063.636402 203.296760 0.061987 0.014664 -69.842716 5.218493 13.443322 5.558301 69.836823 5.898108 44.201952 nan 3.871175 0.000102 719.527362 0.056963
29.503334 2013 787.243740 41.687516 3159.734002 828.305408 0.059911 0.017112 -69.733588 6.457752 13.652071 6.590140 70.829700 6.722528 45.248633 nan 3.872382 0.000097 718.853183 0.053883
36.503334 2013 512.776019 41.231668 3013.968987 792.769002 0.009195 0.012316 -71.192096 4.985626 0.524139 5.281816 66.571797 5.578007 24.626338 nan 3.871781 0.000102 719.189608 0.056910
50.503334 2013 1525.133135 101.402244 13509.351415 3062.391814 0.029636 0.011915 -68.084514 4.998455 7.323712 5.109790 68.858326 5.221125 31.999564 nan 3.871723 0.000101 719.221542 0.056412
57.503334 2013 3141.226564 161.687530 24568.972911 4260.529856 0.042703 0.013101 -64.265124 5.085499 -3.686731 5.103270 62.936962 5.121042 27.694796 nan 3.871732 0.000103 719.216684 0.057160
64.503334 2013 3614.398786 182.543175 34600.226078 6818.588131 0.159898 0.018448 -63.943632 6.308662 -0.013500 6.178910 61.930906 6.049158 66.370759 nan 3.871736 0.000104 719.214991 0.057865
71.503334 2013 1124.678363 70.491075 11115.297903 2733.796408 0.057383 0.020345 -59.031134 5.335913 2.450534 4.033679 54.225243 2.731446 50.191723 nan 3.871737 0.000104 719.214529 0.057827
78.503334 2013 3073.759898 90.456929 15818.422853 2956.897259 0.143376 0.022729 -55.811291 5.466373 -9.964396 6.904250 52.175204 8.342126 59.802829 nan 3.874014 0.000094 717.943884 0.052237
85.503334 2013 2703.446264 105.745395 12160.148930 2277.090901 0.128789 0.016560 -53.269162 4.210744 -6.422830 4.624083 50.959553 5.037422 61.763922 nan 3.871738 0.000104 719.214007 0.057848
92.503334 2013 1542.474163 42.495316 5033.520661 651.612389 0.141093 0.020644 -49.089149 4.791243 -5.415215 4.981948 48.606762 5.172654 56.729748 nan 3.871733 0.000104 719.216315 0.057768
99.503334 2013 730.161990 28.464700 3161.620449 619.779033 0.044759 0.014590 -47.828898 3.882401 -5.286769 4.163723 47.241999 4.445044 38.004651 nan 3.871727 0.000104 719.220017 0.057897
106.503334 2013 1244.955427 77.301836 14604.068248 3346.472356 0.082438 0.010680 -42.773223 2.111970 -6.055824 3.117816 42.932159 4.123661 40.628523 nan 3.871720 0.000104 719.223762 0.057888
113.503334 2013 1137.970969 56.004873 6050.141686 1329.152982 0.006321 0.025703 -36.491378 3.441471 7.800890 2.927394 46.004614 2.413318 32.979120 nan 3.871714 0.000104 719.226973 0.057759
120.503334 2013 1218.812773 28.408295 3930.063891 419.729081 0.128474 0.023786 -37.104342 5.091172 11.331590 4.284523 47.826378 3.477874 41.144150 nan 3.871704 0.000104 719.232970 0.057763
127.503334 2013 739.600779 20.479807 3186.331209 858.245072 0.090489 0.018632 -49.371610 4.482540 7.430388 4.625979 49.548450 4.769419 40.020474 nan 3.871691 0.000104 719.239809 0.057803
134.503334 2013 410.844202 10.421273 1106.058574 155.628788 0.074467 0.015587 -51.065029 3.969003 9.223719 4.040798 50.522827 4.112592 34.938547 nan 3.871682 0.000104 719.244938 0.057761
141.503334 2013 862.236507 20.353839 2422.230903 259.553517 0.096766 0.015455 -51.569316 4.513080 9.732769 4.701689 52.291709 4.890298 37.927429 nan 3.871674 0.000104 719.249600 0.057838
148.503334 2013 1515.226372 40.145357 5393.451607 1284.802663 0.147091 0.016902 -30.377602 2.450741 14.386045 1.909048 54.046769 1.367354 56.906589 nan 3.871663 0.000104 719.255878 0.058016
155.503334 2013 1496.411308 31.398425 4525.814332 491.301419 0.153531 0.013172 -29.460050 1.853683 14.765147 1.479614 53.536021 1.105545 59.802587 nan 3.871653 0.000104 719.261255 0.058167
162.503334 2013 1257.566102 24.929163 4345.158090 321.381379 0.138168 0.009016 -24.073863 1.577192 16.454871 1.335512 56.531606 1.093832 60.666919 nan 3.871645 0.000104 719.265904 0.058177
169.503334 2013 552.119353 10.173005 1780.807997 76.299571 0.106073 0.004929 -27.242952 3.068667 19.494254 2.229821 60.739466 1.390975 53.284888 nan 3.871643 0.000105 719.267170 0.058367
176.503334 2013 1619.525396 51.873262 4987.947222 812.633737 0.090296 0.012916 -63.372927 3.617483 12.568835 4.296137 63.596497 4.974792 52.800844 nan 3.871637 0.000105 719.270433 0.058560
183.503334 2013 1913.110728 46.894148 8391.407384 1035.757787 0.070364 0.014691 -61.931044 4.444037 7.780134 5.363905 64.971558 6.283773 44.673804 nan 3.871635 0.000105 719.271926 0.058670
197.503334 2013 1807.407727 34.844329 5092.781390 332.670218 0.043932 0.012875 -64.542092 4.460029 4.321734 5.252715 63.969078 6.045400 47.436886 nan 3.871638 0.000106 719.270236 0.058919
204.503334 2013 1174.752648 37.917921 4564.262035 898.054803 0.098770 0.010924 -66.201422 3.459199 -5.438953 5.583575 63.193493 7.707951 61.174379 nan 3.871638 0.000106 719.270051 0.059187
211.503334 2013 665.377432 36.152114 4833.930400 1382.511965 0.072679 0.013948 -65.515149 5.161899 1.624784 6.014616 64.370492 6.867333 58.977956 nan 3.871641 0.000107 719.268630 0.059359
218.503334 2013 1228.376985 50.719726 6779.170040 1324.760210 0.086640 0.020460 -64.120745 6.224922 11.341503 6.111570 64.801610 5.998218 55.065115 nan 3.871647 0.000107 719.265698 0.059569
225.503334 2013 1921.606495 76.074854 9876.983762 1570.584071 0.177091 0.021397 -64.022085 6.335278 3.705230 6.375655 62.016847 6.416032 61.125345 nan 3.871829 0.000106 719.163761 0.058812
232.503334 2013 1104.729330 48.300981 3585.718655 961.910831 0.135899 0.020524 -64.184607 3.251755 -4.294204 5.010290 59.773049 6.768826 74.574413 nan 3.871860 0.000106 719.146697 0.059054
239.501945 2013 656.575556 12.182730 2015.992109 103.809637 0.118845 0.009776 -44.151907 3.320493 3.723158 3.261079 58.593016 3.201665 75.367551 nan 3.871860 0.000107 719.146799 0.059428
246.501945 2013 403.703324 6.767535 1116.751879 57.925105 0.129738 0.005035 -52.595847 0.640117 0.176541 2.118459 55.186181 3.596800 78.430137 nan 3.871862 0.000107 719.145512 0.059698
253.503334 2013 214.931936 4.651822 547.316334 62.353030 0.103699 0.013542 -57.251996 6.595451 4.973267 5.682723 57.894203 4.769995 55.193526 nan 3.871868 0.000108 719.142544 0.059956
260.503334 2013 265.856573 6.691368 846.849793 96.076354 0.111558 0.020822 -54.846151 6.136590 -3.072889 6.379265 57.083568 6.621939 49.155464 nan 3.871865 0.000108 719.144410 0.060399
274.501945 2013 994.124565 35.928983 5714.299901 959.416455 -0.105113 0.041609 -46.121703 2.481696 -3.235127 3.061542 47.910039 3.641389 43.898121 nan 3.871852 0.000110 719.151879 0.061060
281.501945 2013 762.881820 27.134940 2231.976151 472.287892 0.064545 0.018807 -47.409964 2.502435 -8.751200 3.754351 46.179933 5.006267 48.951201 nan 3.871847 0.000110 719.155167 0.061346
295.501945 2013 378.877989 14.404231 1401.767646 360.301220 0.062904 0.015586 -36.585844 4.782522 14.138899 2.842623 45.595902 0.902723 41.416292 nan 3.871826 0.000112 719.167079 0.062144
302.501945 2013 653.085968 44.273834 6238.489896 2333.032424 0.058345 0.016748 -31.325219 3.972316 11.982622 2.655916 44.335993 1.339517 38.195708 nan 3.871817 0.000112 719.172433 0.062463
309.501945 2013 269.823058 10.352093 1112.605627 292.707047 0.037356 0.010006 -42.707265 3.697425 6.372901 3.596280 43.363768 3.495135 22.265024 nan 3.871808 0.000113 719.177808 0.062988
316.503334 2013 722.050891 15.535808 2222.463559 208.286772 0.025223 0.016170 -44.120239 3.437599 13.175559 3.314249 44.784832 3.190899 34.998058 nan 3.871792 0.000114 719.187082 0.063359
330.501945 2013 135.048240 3.129830 446.271810 40.740928 0.057685 0.018333 -45.548691 4.160484 13.508539 3.967308 50.572596 3.774132 44.859752 nan 3.871775 0.000115 719.196933 0.064079
337.501945 2013 175.999052 7.623771 836.043177 203.981179 -0.008376 0.014243 -54.800537 4.009986 3.796744 4.062408 54.295199 4.114830 23.312493 nan 3.871770 0.000116 719.199988 0.064536
344.501945 2013 506.215551 20.676004 1950.979948 322.854234 0.070274 0.013399 -60.264249 4.557494 8.530116 4.980340 59.825478 5.403186 34.103172 nan 3.871762 0.000117 719.204670 0.064977
351.501945 2013 310.674858 11.584816 1378.637604 259.206781 -0.001642 0.014608 -65.010239 4.205613 2.510359 4.510286 62.403699 4.814959 28.465865 nan 3.871758 0.000117 719.207117 0.065299
358.501945 2013 124.923937 5.405699 465.911582 68.254662 -0.062667 0.014979 -67.836816 3.719766 16.315860 3.720535 65.940866 3.721304 21.062292 nan 3.871752 0.000117 719.210639 0.065460
7.503334 2014 497.760278 31.053618 3785.043763 952.081682 0.033503 0.007298 -71.880456 5.135540 5.262036 5.465044 71.880456 5.794547 27.120218 nan 3.871754 0.000119 719.209555 0.066048
28.501945 2014 892.110690 54.213099 8298.221596 2429.825313 -0.060239 0.023132 -68.705202 5.701443 3.563297 5.737320 73.171805 5.773196 17.599264 nan 3.871771 0.000119 719.200547 0.066479
35.501945 2014 470.450445 39.930730 7829.181809 2793.660964 -0.165216 0.037090 -65.364104 6.637600 -2.505416 6.629916 66.953937 6.622231 16.108452 nan 3.875091 0.000125 717.355671 0.069845
42.501945 2014 521.471525 10.510916 1568.443949 166.661580 0.127572 0.025653 -67.216151 8.447766 15.436817 7.006784 67.216151 5.565801 51.289036 nan 3.871779 0.000120 719.195945 0.066771
49.501945 2014 863.851985 21.880608 4173.273548 397.657587 0.098030 0.012665 -66.582629 6.311122 3.375063 5.901400 65.077901 5.491679 58.975626 nan 3.871785 0.000120 719.192726 0.066849
56.501945 2014 839.054246 20.861109 2684.881480 201.922456 0.070263 0.015491 -65.247930 6.374872 10.350212 4.938388 63.122374 3.501903 53.575384 nan 3.871789 0.000120 719.190667 0.066863
63.503334 2014 298.585074 7.699764 821.388540 113.855209 0.060984 0.020958 -57.383083 5.678489 -2.953503 5.848380 57.613780 6.018272 46.718889 nan 3.871794 0.000120 719.188037 0.067078
77.501945 2014 291.447494 17.250690 2282.408067 456.284206 -0.180340 0.025957 -53.276870 3.597315 3.194752 3.328106 55.503745 3.058898 28.510650 nan 3.871788 0.000120 719.191224 0.066994
84.501945 2014 575.859501 31.425947 4852.097133 935.834532 0.003218 0.015201 -53.423883 4.088208 1.150635 4.040358 50.211839 3.992508 25.892351 nan 3.871784 0.000120 719.193691 0.067061
91.501945 2014 256.311879 18.520315 956.598865 175.940398 -0.065244 0.015468 -50.550721 3.106121 -4.758145 3.268852 50.550721 3.431583 28.943947 nan 3.871776 0.000120 719.197825 0.066991
98.501945 2014 1140.740052 83.541669 10802.360247 4633.517334 0.012895 0.021268 -41.407895 4.126579 5.709471 3.944430 47.596568 3.762280 36.363958 nan 3.871768 0.000120 719.202176 0.067005
105.501945 2014 998.006129 31.240028 4738.923816 701.897549 0.069354 0.016148 -50.939133 4.388027 7.140664 4.140887 50.224679 3.893747 45.025318 nan 3.871761 0.000120 719.206463 0.066881
112.501945 2014 643.078710 20.795429 2767.281203 579.005071 0.128570 0.016555 -51.369484 4.099477 3.466699 4.437098 51.030554 4.774719 51.193383 nan 3.871750 0.000120 719.212394 0.066884
119.503334 2014 532.182549 13.248469 1606.598702 152.327759 0.097621 0.020361 -51.614652 4.439808 8.442996 4.302376 50.508851 4.164943 42.648869 nan 3.871737 0.000120 719.219457 0.066907
133.501945 2014 796.851280 45.752072 3625.642280 804.234752 0.058250 0.017602 -51.328349 3.776717 10.843932 4.196341 55.573862 4.615965 40.821902 nan 3.871721 0.000120 719.228895 0.067137
140.501945 2014 254.101776 10.632713 1830.521232 283.738685 -0.219381 0.063392 -56.261454 4.673358 18.184000 4.633287 56.633956 4.593217 34.235049 nan 3.871710 0.000121 719.234974 0.067367
154.501945 2014 75.754226 3.436229 342.329833 58.729629 -0.686930 0.102023 -55.568527 4.351648 10.315930 3.929743 60.925218 3.507837 25.438279 nan 3.871695 0.000121 719.243223 0.067524
168.503334 2014 350.347436 21.247081 3084.263294 750.284256 -0.074903 0.024882 -60.849460 3.881348 4.632689 4.223462 66.709092 4.565577 23.892136 nan 3.871684 0.000122 719.249755 0.067866
189.501945 2014 365.570834 28.989525 3237.052936 1253.069490 -0.079111 0.018813 -65.926454 4.282362 13.349591 4.420237 67.609272 4.558113 21.349637 nan 3.871692 0.000122 719.245743 0.068223
196.501945 2014 283.537841 18.456752 1692.423005 572.149430 -0.116814 0.026175 -68.550079 4.944620 14.509593 5.102926 68.130302 5.261233 18.648680 nan 3.871694 0.000123 719.244435 0.068433
203.501945 2014 626.072202 45.012293 7852.001574 2287.189922 0.066794 0.161113 -68.467425 5.879190 -7.759796 5.760641 68.268400 5.642091 17.573248 nan 3.871698 0.000123 719.242273 0.068632
210.501945 2014 110.685878 7.666182 355.105658 43.037556 -0.175883 0.033292 -55.978269 3.913648 0.640666 4.176861 68.071662 4.440074 17.360334 nan 3.871703 0.000123 719.239507 0.068797
217.501945 2014 220.323943 5.057128 826.475654 36.259651 0.028489 0.007369 -65.589032 5.068751 5.907128 5.178870 67.513446 5.288989 27.711099 nan 3.871708 0.000124 719.237046 0.069089
224.501945 2014 162.332655 6.387782 575.891874 64.730281 0.021799 0.006662 -65.826725 4.861481 8.118570 4.816274 66.897552 4.771067 22.207316 nan 3.871712 0.000125 719.235371 0.069481
231.503334 2014 177.132336 5.142085 895.877025 118.571231 -0.103041 0.029374 -64.778933 5.673483 -10.588521 5.809742 64.517392 5.946002 20.738755 nan 3.871717 0.000125 719.232413 0.069751
245.501945 2014 688.399781 11.766954 1973.692177 100.135127 0.094831 0.014695 -61.989889 3.916449 -5.986262 4.774065 54.742478 5.631681 65.594440 nan 3.871715 0.000126 719.233942 0.070413
252.501945 2014 433.528354 8.480984 1100.923816 106.124808 0.065364 0.018240 -59.343122 3.828412 -7.739168 4.620127 58.148611 5.411842 56.749827 nan 3.871712 0.000127 719.235807 0.070790
259.501945 2014 455.603666 11.917902 1965.340225 263.634093 -0.016940 0.034037 -53.629906 3.817688 -9.962201 4.643009 53.299664 5.468330 44.731208 nan 3.871707 0.000128 719.239224 0.071078
266.501945 2014 666.915810 13.399186 2142.035239 148.573119 0.131816 0.001812 -45.755787 1.023835 -1.300460 0.911718 43.535487 0.799601 72.348310 nan 3.871701 0.000128 719.242268 0.071294
273.501945 2014 914.499784 28.945756 3098.418735 492.231911 0.089992 0.016027 -43.643649 0.899710 -5.848253 2.780550 44.048979 4.661389 57.199412 nan 3.871695 0.000129 719.246318 0.071702
280.501945 2014 551.233044 19.655518 2219.607286 588.152180 0.097427 0.015311 -40.273891 4.081468 6.060962 2.461818 48.418062 0.842168 57.526841 nan 3.871686 0.000129 719.251637 0.072013
287.503334 2014 849.768873 23.673516 3347.926322 467.757752 0.128299 0.010603 -40.943644 3.558405 5.446200 2.213737 47.415368 0.869068 63.496380 nan 3.871673 0.000130 719.258812 0.072452
301.501945 2014 1525.920842 74.991178 7421.112764 1836.305195 0.075465 0.015861 -44.340480 3.849817 8.406357 3.790003 45.542880 3.730188 46.761414 nan 3.871652 0.000131 719.271242 0.073229
308.501945 2014 710.739516 15.679598 1905.189345 195.662013 0.053830 0.016513 -35.802719 3.977210 17.121091 2.917548 48.005942 1.857887 41.823707 nan 3.871640 0.000132 719.277992 0.073639
315.501945 2014 633.912478 15.867265 2135.044592 349.115490 0.098765 0.013947 -32.704025 3.076897 13.927940 2.015260 48.555415 0.953622 53.162766 nan 3.871629 0.000133 719.284228 0.073906
322.511667 2014 1303.241896 12.759693 2618.978785 83.911537 0.048679 0.023379 -33.948446 5.234745 20.659437 3.104740 49.784941 0.974735 42.670614 nan 3.865950 0.000136 722.460094 0.075934
329.501945 2014 317.075033 5.439109 927.598175 48.815985 0.124047 0.002300 -29.574199 1.464246 15.087846 1.168397 53.745449 0.872547 59.630806 nan 3.871614 0.000134 719.293392 0.074674
336.501945 2014 285.800855 12.797593 1109.385485 153.246299 0.102672 0.013174 -43.482393 2.796556 14.945301 3.513653 55.493834 4.230749 56.398619 nan 3.872715 0.000121 718.674956 0.067339
343.503334 2014 1272.459930 24.862460 3768.865349 444.788214 0.099742 0.014054 -64.472850 3.468580 8.016001 4.902554 60.292342 6.336528 57.788699 nan 3.871790 0.000134 719.194841 0.074453
350.503334 2014 645.194366 12.964186 1857.385369 191.207443 0.043140 0.011912 -68.663502 3.914746 -2.663568 5.437364 68.249875 6.959982 42.619699 nan 3.871788 0.000134 719.196496 0.074800
357.503334 2014 699.167636 14.537202 2157.731713 194.310719 0.041939 0.017097 -70.679579 3.035470 19.562652 3.578918 68.180510 4.122366 60.297798 nan 3.871789 0.000135 719.196297 0.075267
6.503334 2015 1238.842215 32.490856 4484.094942 407.075566 0.083429 0.018308 -75.047797 3.856300 14.687498 4.516453 74.284523 5.176607 63.987546 nan 3.871796 0.000136 719.192705 0.075550
13.501945 2015 726.593499 24.433653 3947.732171 501.445209 0.082223 0.018884 -59.388300 4.390460 19.376501 4.433647 73.002288 4.476833 72.333772 nan 3.872648 0.000138 718.719032 0.077103
146.502084 2015 176.034931 4.595112 664.271673 143.303673 0.100317 0.004583 -22.626789 2.884289 18.092118 2.052380 61.258176 1.220471 53.130488 nan 3.871724 0.000138 719.233368 0.076854
153.502084 2015 113.496524 2.910093 271.014583 34.090118 0.016466 0.018903 -24.594557 2.277754 19.129933 1.825878 58.503469 1.374003 40.062121 nan 3.871716 0.000138 719.237914 0.076940
160.502084 2015 916.659261 18.181293 2951.015345 153.052583 0.085573 0.020493 -30.808022 2.829398 16.303505 3.087107 67.295216 3.344817 61.846179 nan 3.871718 0.000138 719.237108 0.076987
167.502084 2015 885.726437 18.859214 2299.155788 245.831106 0.039591 0.016139 -67.520695 4.353604 15.210069 4.957453 68.010631 5.561303 51.110928 nan 3.871720 0.000138 719.235954 0.077094
174.502084 2015 1980.895651 45.232138 9140.571149 782.068479 0.076083 0.016424 -67.788231 4.925359 16.463492 5.149374 67.946261 5.373388 62.567317 nan 3.871724 0.000138 719.233699 0.077147
181.502084 2015 1222.076326 21.512628 4202.846460 185.020234 0.059515 0.020018 -36.549571 4.422274 23.908416 2.835437 67.117928 1.248599 68.451360 nan 3.871728 0.000139 719.231649 0.077244
188.502084 2015 753.394674 15.547425 1995.623536 243.275662 0.059509 0.022200 -68.808674 5.088561 19.679393 4.447466 68.751247 3.806371 61.151427 nan 3.871736 0.000139 719.227185 0.077322
195.502084 2015 1156.712539 23.452987 2993.394038 376.074386 0.139740 0.002912 -42.206658 1.048471 11.702691 1.321272 67.599323 1.594074 90.703169 nan 3.871745 0.000139 719.222408 0.077543
202.502084 2015 835.959172 20.002366 2418.609934 329.336039 0.126568 0.003185 -41.543017 1.180076 9.850750 1.311279 65.733802 1.442483 84.078575 nan 3.871751 0.000140 719.218937 0.077754
209.502084 2015 505.219486 7.508224 1311.352031 52.305690 0.123785 0.011023 -46.801359 2.645385 7.627542 2.168751 64.455911 1.692116 86.037994 nan 3.871761 0.000140 719.213844 0.077923
216.502084 2015 497.232400 10.501739 1355.053818 144.274882 0.157809 0.012771 -47.624105 0.685107 1.300908 2.939252 61.343297 5.193396 85.045532 nan 3.871768 0.000140 719.210148 0.078167
223.502084 2015 612.477041 11.850589 1926.990405 133.505764 0.130530 0.003257 -48.437639 1.275300 2.323961 1.391628 58.076213 1.507956 85.627626 nan 3.871774 0.000141 719.207177 0.078515
230.502084 2015 2919.731727 56.739148 10574.219190 432.168929 0.091895 0.017163 -66.363438 1.180038 -7.363687 3.579728 59.114081 5.979419 71.822709 nan 3.871775 0.000141 719.206669 0.078845
237.502084 2015 1947.231845 48.316836 8952.494106 1229.793388 0.123378 0.011133 -51.357038 4.055855 -0.273423 3.714372 64.562225 3.372889 69.528729 nan 3.871775 0.000142 719.206965 0.079092
244.502084 2015 1407.596984 27.636771 5081.335335 457.278343 0.134535 0.002208 -52.048031 1.231193 -1.939809 1.165928 50.522327 1.100664 82.177590 nan 3.871771 0.000142 719.209180 0.079393
251.502084 2015 2605.445681 61.114666 12687.660715 974.691388 0.078692 0.015629 -57.449660 2.632985 -9.238842 4.029225 57.449660 5.425465 60.123894 nan 3.871765 0.000143 719.212567 0.079726
258.502084 2015 1864.380070 33.945756 6266.844497 604.924133 0.157323 0.013095 -54.040707 1.302182 -4.600182 2.793273 45.180748 4.284363 71.654733 nan 3.871753 0.000144 719.219843 0.080173
265.502084 2015 1321.257221 26.791542 4360.026954 442.472378 0.146307 0.009911 -51.381305 1.329011 -2.353458 2.235199 42.377995 3.141387 71.300988 nan 3.871744 0.000144 719.225095 0.080241
272.502084 2015 482.501774 9.099458 1490.250687 139.216450 0.108652 0.012888 -45.216544 1.198076 -2.122523 2.088549 38.511008 2.979021 63.386753 nan 3.871730 0.000145 719.232669 0.080527
279.502084 2015 2639.717780 61.984787 8651.401582 1034.268576 0.121475 0.011240 -49.614026 1.433368 0.229381 1.776935 40.288696 2.120502 64.330891 nan 3.871716 0.000145 719.241255 0.081025
286.502084 2015 3334.037614 62.864882 11525.313157 369.251841 0.133841 0.002549 -47.584763 1.693960 3.561473 1.133480 41.472204 0.573000 65.565596 nan 3.871700 0.000146 719.250309 0.081393
293.502084 2015 1237.312166 24.839689 4269.451696 382.521766 0.133253 0.002467 -43.031049 1.474322 5.801578 1.067243 43.311962 0.660164 63.880406 nan 3.871684 0.000147 719.259748 0.081823
300.502084 2015 379.733164 6.962492 1257.320276 82.081667 0.114786 0.003469 -35.252585 1.569643 8.340369 1.277666 45.699069 0.985690 56.106690 nan 3.871670 0.000148 719.267505 0.082249
307.502084 2015 1568.461944 36.420727 6470.185274 610.904891 0.122098 0.009327 -40.075002 2.125514 10.457268 1.606434 53.418351 1.087355 61.371952 nan 3.871658 0.000148 719.274501 0.082733
314.502084 2015 3247.210506 59.938332 10656.934805 389.737911 0.095416 0.014716 -57.113339 4.249377 10.583886 4.431685 57.451635 4.613992 54.939413 nan 3.871647 0.000149 719.281290 0.083252
321.502084 2015 1655.741583 32.636631 5952.464473 337.785227 0.055633 0.016350 -47.625527 3.950540 17.291913 3.783132 60.116816 3.615725 46.321632 nan 3.871638 0.000150 719.286654 0.083655
328.502084 2015 595.856828 12.375160 2454.346556 101.794749 0.046200 0.018455 -25.215712 1.876723 19.664040 1.417302 52.301583 0.957880 52.355466 nan 3.871633 0.000151 719.289883 0.084143
335.502084 2015 515.050683 9.073077 1594.959270 106.729871 0.116491 0.006991 -47.866749 3.426004 15.802444 3.576460 64.884010 3.726916 62.086327 nan 3.871631 0.000152 719.291338 0.084532
342.502084 2015 849.840061 13.295987 2290.933021 82.070371 0.085393 0.021851 -38.621382 3.501470 21.642968 2.114042 67.083953 0.726613 68.019470 nan 3.871632 0.000152 719.291019 0.084762
349.502084 2015 706.952934 14.563984 2028.138789 225.195270 0.110207 0.017216 -71.654221 4.608464 18.879029 4.359975 72.404592 4.111487 70.860268 nan 3.871634 0.000153 719.289760 0.085003
356.502084 2015 2160.261693 48.971231 8584.765593 600.003880 0.093768 0.012816 -74.078269 5.003569 13.682753 5.575834 74.563192 6.148098 65.707445 nan 3.871641 0.000153 719.285876 0.085155
5.502084 2016 1552.775500 29.212908 5085.430232 377.459737 0.146529 0.017113 -43.412695 4.283289 14.399379 2.873304 71.562448 1.463319 82.932380 nan 3.871657 0.000154 719.277405 0.085685
12.502084 2016 661.823687 10.075574 1730.683592 80.002499 0.149709 0.016891 -73.417648 6.164484 9.290504 6.402327 76.465950 6.640170 71.628264 nan 3.871666 0.000154 719.272721 0.085859
19.502084 2016 836.939767 20.157863 3308.091625 430.970775 0.118968 0.004340 -47.973048 1.488048 6.749377 1.876107 69.826145 2.264167 80.089355 nan 3.871676 0.000154 719.267114 0.086087
26.502084 2016 705.360638 11.600719 1802.988375 97.100882 0.144531 0.014601 -52.697131 4.763222 6.855883 3.399593 67.986399 2.035964 76.490362 nan 3.871686 0.000155 719.261892 0.086277
33.502084 2016 258.918635 4.411620 795.086194 37.287211 0.115249 0.004409 -54.892026 1.448751 0.846389 1.684882 58.176241 1.921013 76.827374 nan 3.871692 0.000155 719.258564 0.086444
40.502084 2016 466.027621 9.057479 1431.238105 95.249745 0.126980 0.012392 -59.077868 4.089503 0.073345 3.827394 55.157889 3.565284 70.202807 nan 3.871697 0.000155 719.256253 0.086569
47.502084 2016 1645.469223 38.320704 7255.648687 505.368534 0.140092 0.007935 -56.759904 3.268385 -0.686383 2.213200 52.511277 1.158016 81.089721 nan 3.871700 0.000156 719.254453 0.086693
54.502084 2016 1530.639685 28.463695 4704.511646 234.855788 0.106410 0.011379 -54.893308 3.906930 -2.562695 3.930801 53.097351 3.954672 71.526963 nan 3.871702 0.000156 719.253459 0.086722
61.502084 2016 636.246057 12.754278 2213.523786 110.623355 0.087332 0.013489 -48.902375 1.126929 -6.148250 2.249680 40.151745 3.372432 62.223344 nan 3.871892 0.000156 719.147874 0.086962
68.502084 2016 1179.879407 23.997957 4053.409781 343.504026 0.123584 0.003083 -51.747922 1.380794 -2.150359 1.186789 42.777946 0.992783 71.861859 nan 3.871884 0.000156 719.151977 0.086902
75.502084 2016 2087.235785 98.108948 9449.111086 2054.216513 0.131971 0.012311 -50.786532 3.081934 -1.561575 2.888236 42.910373 2.694538 67.568353 nan 3.871874 0.000156 719.157719 0.086830
82.502084 2016 1039.114589 30.367452 2999.287863 169.792339 0.132986 0.010552 -42.827988 4.182066 3.088236 2.481061 51.807823 0.780056 64.792949 nan 3.871863 0.000156 719.163902 0.086835
89.502084 2016 372.859137 5.410615 874.847898 48.220136 0.142870 0.010891 nan nan nan nan nan nan nan nan nan nan nan nan
96.502084 2016 952.974054 21.468718 2696.532526 284.146357 0.126563 0.005432 -38.486080 3.250309 5.509098 2.043411 53.157494 0.836514 63.449466 nan 3.871827 0.000155 719.183808 0.086645
103.502084 2016 1231.037076 29.232463 4800.270670 379.916295 0.127605 0.005554 -38.733693 3.039597 6.659698 1.989970 50.587266 0.940343 62.906414 nan 3.871813 0.000156 719.191463 0.086764
117.502084 2016 367.251367 4.892589 789.781637 24.879077 0.137064 0.013974 -32.775013 2.768852 10.723759 1.812180 52.053456 0.855509 64.595532 nan 3.871783 0.000156 719.208508 0.087010
124.502084 2016 1306.198089 24.892024 4244.091101 202.950642 0.142069 0.009630 -32.121387 2.129382 11.347470 1.662762 55.178219 1.196142 65.958714 nan 3.871769 0.000156 719.216185 0.087078
131.502084 2016 3274.436677 64.012469 12200.214321 626.018089 0.101704 0.012872 -56.220651 3.708690 9.717272 4.424029 59.195887 5.139367 58.520791 nan 3.871760 0.000157 719.221255 0.087229
138.502084 2016 1519.951734 28.342336 5389.451249 246.289459 0.130736 0.003561 -31.579713 1.670836 14.409596 1.487276 60.205957 1.303716 69.098355 nan 3.871754 0.000157 719.224701 0.087358
145.502084 2016 677.039030 11.593062 2153.298723 85.965709 0.129655 0.003725 -35.315076 1.680357 15.395421 1.470149 64.068400 1.259941 71.504725 nan 3.871750 0.000157 719.227076 0.087437
152.502084 2016 467.267728 6.590252 1013.704573 38.095966 0.139585 0.002583 -32.699802 1.363896 15.569320 1.299752 67.149955 1.235607 79.601766 nan 3.871750 0.000157 719.227359 0.087445
159.502084 2016 875.081486 17.563030 2437.148138 182.069173 0.128051 0.006039 -53.553898 1.970839 13.834010 3.036815 64.285642 4.102792 76.652430 nan 3.871754 0.000157 719.224955 0.087511
173.502084 2016 323.304105 4.909663 789.744857 49.883976 0.046293 0.025848 -62.537406 1.970486 6.348203 3.555621 68.631430 5.140757 88.143167 nan 3.871768 0.000157 719.217276 0.087674
180.502084 2016 291.836314 4.758511 905.471895 42.019242 0.117894 0.012420 -71.665681 4.601519 13.890517 4.612164 71.456535 4.622808 83.477589 nan 3.871777 0.000157 719.212363 0.087735
187.502084 2016 339.549073 8.094407 1078.806835 116.282865 0.122995 0.023458 -42.672552 2.626889 12.049674 2.315736 69.141529 2.004582 87.175238 nan 3.871788 0.000158 719.206245 0.087920
194.502084 2016 861.889114 13.241603 2426.999750 83.038114 0.153396 0.009027 -48.132856 3.339137 9.902713 2.508317 66.499920 1.677496 93.671239 nan 3.871799 0.000158 719.200571 0.088127
201.502084 2016 436.977259 7.203571 1209.101893 59.122640 0.130170 0.003758 -48.808704 1.779671 6.047211 1.804223 65.187824 1.828776 88.186475 nan 3.871807 0.000159 719.196337 0.088369
208.502084 2016 784.318654 14.468767 2397.220046 138.003605 0.127853 0.008120 -54.177028 3.607033 5.060858 2.628037 61.067944 1.649041 88.463527 nan 3.871814 0.000159 719.192756 0.088676
215.502084 2016 1095.240548 22.181168 3533.653705 274.204719 0.146877 0.015326 -51.511915 4.853168 2.644791 4.321874 59.262234 3.790579 81.876193 nan 3.871817 0.000160 719.191209 0.089163
222.502084 2016 1349.153818 20.845940 3554.192289 99.668544 0.149863 0.008786 -58.949134 1.212163 -2.440442 2.398660 58.987605 3.585156 88.676080 nan 3.871821 0.000160 719.188898 0.089281
229.502084 2016 644.213819 10.578564 1711.694528 92.363852 0.133874 0.002090 -56.646704 1.241004 -2.392423 1.139770 52.989919 1.038536 86.454754 nan 3.871819 0.000161 719.190653 0.089572
236.502084 2016 709.543344 14.411243 1972.069198 185.562953 0.135711 0.010126 -53.568559 1.377793 -4.680574 2.287086 48.819887 3.196379 76.423266 nan 3.871815 0.000161 719.193090 0.089734
243.502084 2016 1296.604197 33.137871 5135.264927 675.875531 0.077793 0.023324 -56.232653 1.437557 -11.258537 3.528670 50.745061 5.619783 60.357949 nan 3.871806 0.000162 719.198165 0.090136
257.502084 2016 1335.627532 26.919667 4900.847292 251.788804 0.060811 0.014894 -51.200172 5.856619 6.460187 4.750828 56.680415 3.645037 48.898185 nan 3.871778 0.000163 719.214391 0.090764
264.502084 2016 528.427298 9.726943 1281.709998 104.663761 0.132719 0.015365 -50.388945 3.073475 -0.981664 3.113083 42.963382 3.152692 66.316636 nan 3.871765 0.000163 719.221482 0.090920
271.502084 2016 2580.314108 58.293357 10584.080177 721.888658 0.146672 0.010703 -51.742061 3.352807 2.569814 2.183705 45.334508 1.014604 67.882752 nan 3.871747 0.000164 719.232337 0.091386
278.502084 2016 2929.289696 54.894319 9591.983295 424.548852 0.148053 0.009344 -48.329497 2.839516 3.640380 1.734401 44.205185 0.629286 68.339397 nan 3.871728 0.000165 719.243001 0.091950
285.502084 2016 1696.754631 38.635381 6495.195316 793.941105 0.068568 0.015245 -48.126146 4.491962 5.889093 4.235904 48.126146 3.979846 48.263340 nan 3.871711 0.000166 719.253020 0.092375
292.502084 2016 2101.265559 33.667904 5527.722501 156.108457 0.127579 0.011598 -48.389809 3.277271 4.591042 3.682484 49.019752 4.087698 64.507397 nan 3.871696 0.000167 719.261686 0.092915
299.502084 2016 3017.825421 67.208550 11021.741104 1042.548420 0.114560 0.011292 -50.823970 2.864969 7.674371 2.998742 47.763196 3.132515 60.143075 nan 3.871685 0.000167 719.268516 0.093336
306.502084 2016 2526.303652 47.984280 8605.771430 426.326547 0.122773 0.009763 -42.298797 2.582111 9.684964 2.749166 51.745307 2.916221 63.123266 nan 3.871674 0.000168 719.275093 0.093891
313.502084 2016 1240.850628 29.893456 4592.829867 591.688231 0.084322 0.012670 -62.243482 4.066135 3.108574 5.398491 62.146956 6.730846 48.875801 nan 3.871666 0.000169 719.279830 0.094318
320.502084 2016 591.895724 8.906727 1691.054787 62.336775 0.069227 0.016627 -66.021206 4.424062 13.360727 4.670588 63.802060 4.917113 53.378639 nan 3.871664 0.000170 719.281604 0.094714
327.502084 2016 701.939349 15.675640 2128.365109 174.417469 0.045466 0.014423 -68.415879 4.828948 12.785571 5.193606 67.213519 5.558263 44.691845 nan 3.871664 0.000171 719.281765 0.095097
334.502084 2016 975.770983 32.726108 3031.202652 607.619785 0.062481 0.015701 -72.084236 4.511570 8.070239 5.480609 62.147368 6.449647 54.728042 nan 3.871667 0.000171 719.280572 0.095433
341.502084 2016 1531.382446 60.946332 6302.073341 1171.536865 0.122291 0.010480 -71.855981 3.678443 14.046764 4.572224 73.453077 5.466006 71.220483 nan 3.871671 0.000172 719.278653 0.095805
348.502084 2016 1874.616730 58.693173 7478.091290 1120.824501 0.182044 0.025978 -37.704785 5.932853 24.444784 3.841058 75.555352 1.749262 77.191818 nan 3.871679 0.000172 719.273935 0.096101
355.502084 2016 967.206196 22.205345 3263.111881 373.374425 0.125264 0.020064 -64.152173 5.446109 15.034911 5.214422 70.078648 4.982735 66.009011 nan 3.871693 0.000172 719.266390 0.096107
