321.502604 2015 1456.214718 29.765324 5531.175363 327.836849 0.123208 0.002153 -43.188242 1.029048 6.384788 1.493672 65.283756 1.958295 79.787508 nan 3.851114 0.000016 730.814973 0.008838
328.502604 2015 509.003086 10.860942 2266.168178 78.831872 0.098682 0.003199 -67.695778 1.389175 -25.178580 2.525657 44.436839 3.662138 64.668550 nan 3.851109 0.000016 730.818241 0.008882
335.502604 2015 470.509771 8.648460 1415.446481 70.073951 0.116484 0.004876 -73.722643 7.780554 -23.479054 7.361234 68.454097 6.941914 31.408454 nan 3.851124 0.000015 730.809379 0.008774
342.502604 2015 805.513649 12.836001 2300.093911 65.712031 0.143351 0.008815 -59.335647 4.874336 21.823436 3.825635 78.271923 2.776934 77.813345 nan 3.851143 0.000015 730.798707 0.008702
356.502604 2015 1799.413552 42.544952 8289.143934 794.747771 0.121321 0.004040 -58.310595 1.691011 1.467250 1.892121 71.570814 2.093232 85.528079 nan 3.871723 0.000017 719.207124 0.009750
5.502605 2016 1426.149746 27.356061 4758.835099 373.100409 0.135871 0.001285 -66.613891 1.573957 -4.938516 1.375879 57.772142 1.177802 94.615485 nan 3.871755 0.000018 719.188964 0.010278
12.502604 2016 602.060984 9.245669 1579.224746 68.996925 0.137688 0.010292 -69.038107 4.967029 -5.321374 4.133712 71.229486 3.300395 85.449845 nan 3.871754 0.000019 719.189860 0.010325
19.502604 2016 830.310560 21.029206 3375.169822 444.706495 0.115247 0.003595 -69.014675 2.103834 -8.993973 1.742863 40.167564 1.381892 78.127061 nan 3.871752 0.000019 719.191007 0.010537
26.502604 2016 650.277331 11.057010 1664.021089 97.255166 0.125933 0.004336 -69.295055 2.064184 -9.883644 1.829050 43.226059 1.593915 82.771391 nan 3.871750 0.000020 719.192205 0.010894
33.502605 2016 244.285760 4.375353 808.647359 39.740131 0.110361 0.005336 -63.360417 1.763063 -10.748683 2.139749 35.717119 2.516435 70.597744 nan 3.871749 0.000021 719.192706 0.011483
40.502605 2016 472.871368 9.728711 1516.758746 116.198406 0.114656 0.005676 -63.257201 2.999116 -8.256705 2.613429 35.192748 2.227743 70.847992 nan 3.871748 0.000021 719.193187 0.011639
47.502605 2016 1543.416206 34.861733 7003.684397 271.837050 0.130684 0.003157 -59.325520 1.341255 -8.958484 1.226019 38.434111 1.110782 76.771028 nan 3.871746 0.000022 719.194151 0.012058
54.502605 2016 1374.124839 26.441349 4429.407663 238.024464 0.124922 0.001861 -56.542928 1.298255 -6.700886 1.126407 37.247313 0.954558 72.218404 nan 3.871745 0.000022 719.194691 0.012141
61.502605 2016 564.364110 11.633001 2114.886240 101.619931 0.105525 0.002966 -48.625245 1.405085 -4.563360 1.403996 39.087015 1.402907 60.357916 nan 3.871746 0.000023 719.194692 0.012559
68.502605 2016 1067.954463 21.335754 3689.259149 226.935611 0.117616 0.003621 -46.866322 1.413718 -2.611486 1.412941 43.204559 1.412164 65.340714 nan 3.871746 0.000023 719.194382 0.012727
75.502605 2016 1093.986245 20.574478 3534.620028 158.101446 0.130427 0.003994 -46.845050 1.282291 -0.568342 1.351814 47.736975 1.421337 70.194281 nan 3.871746 0.000024 719.194603 0.013178
82.502605 2016 832.642749 16.257356 2688.608744 158.743670 0.123533 0.002159 -41.756771 1.136404 1.802163 1.170209 47.541860 1.204014 68.008890 nan 3.871747 0.000024 719.194194 0.013340
89.502605 2016 321.539774 4.618319 801.674791 27.428478 0.131810 0.003280 nan nan nan nan nan nan nan nan nan nan nan nan
96.502605 2016 813.360585 15.814023 2314.955389 178.149483 0.124384 0.003136 -38.437581 1.440864 6.700308 1.381469 54.040835 1.322073 70.135916 nan 3.871750 0.000025 719.192506 0.014177
103.502605 2016 1065.418852 24.589005 4406.111557 349.715941 0.098631 0.016059 -36.949226 3.598559 10.389451 2.573780 58.893639 1.549001 66.028114 nan 3.871752 0.000025 719.191547 0.014173
110.502605 2016 912.117175 17.763446 2922.571643 182.049985 0.121989 0.002798 -37.881518 1.052877 9.228089 1.247871 59.917110 1.442866 73.070268 nan 3.871753 0.000026 719.190860 0.014573
117.502605 2016 345.559239 4.775893 766.401011 24.200990 0.151364 0.013610 -43.110550 3.410610 11.505283 2.461597 63.816618 1.512584 76.681556 nan 3.871756 0.000027 719.189409 0.014969
124.502605 2016 1240.854448 25.003040 3954.209336 257.793527 0.126671 0.003284 -37.537076 1.009149 11.156270 1.393040 66.270414 1.776932 80.675397 nan 3.871758 0.000027 719.188284 0.015135
131.502604 2016 2955.999395 59.696767 10857.041375 660.518011 0.129295 0.003566 -38.561799 1.091269 10.584957 1.583642 69.168287 2.076014 84.858266 nan 3.871759 0.000027 719.187434 0.015314
138.502604 2016 1392.496955 26.266649 4930.047777 214.312287 0.134963 0.009401 -37.922850 2.672610 11.258178 2.132136 63.891303 1.591661 82.322837 nan 3.871761 0.000028 719.186729 0.015542
145.502604 2016 621.052339 11.007853 2080.152756 69.648958 0.123790 0.003264 -43.051986 1.094018 8.563653 1.446507 65.605704 1.798996 85.210599 nan 3.871762 0.000028 719.185863 0.015785
152.502604 2016 441.012903 6.519449 991.105860 39.642537 0.134492 0.001569 -49.420468 0.660326 6.515132 1.152723 73.300327 1.645120 93.679267 nan 3.871763 0.000029 719.185369 0.016017
159.502604 2016 799.494852 16.767156 2374.215111 201.904985 0.127083 0.002873 -49.605094 1.284160 4.684344 1.430400 63.440886 1.576639 89.229560 nan 3.871763 0.000029 719.185524 0.016138
166.502604 2016 528.536054 9.282212 1364.104505 86.991168 0.131353 0.002275 -72.540978 1.467712 0.825556 1.308144 56.723747 1.148575 92.507698 nan 3.871763 0.000029 719.185742 0.016432
173.502604 2016 296.772076 4.875289 760.199727 53.608081 0.131543 0.003011 -62.330701 1.976600 -0.591833 1.618265 59.571802 1.259930 92.887034 nan 3.871762 0.000030 719.186107 0.016751
180.502604 2016 257.669951 4.424578 845.804455 41.416921 0.134268 0.001802 -63.618700 1.447109 -4.274990 1.234209 52.869707 1.021308 94.184209 nan 3.871761 0.000030 719.186860 0.016951
187.502604 2016 350.845664 9.923188 1109.787887 162.656634 0.126361 0.004788 -67.388448 3.112088 -5.869940 2.158372 52.116418 1.204656 87.620329 nan 3.871758 0.000031 719.188123 0.017060
194.502604 2016 769.528343 12.209514 2221.962421 76.861589 0.144195 0.009634 -66.070030 1.439158 -10.099462 2.244809 43.066875 3.050460 88.636144 nan 3.871757 0.000031 719.188858 0.017334
201.502604 2016 385.361160 6.310853 1110.711820 43.016484 0.124116 0.004101 -64.118713 2.045288 -10.010726 1.784555 38.958241 1.523823 82.747893 nan 3.871754 0.000031 719.190701 0.017454
208.502604 2016 722.232902 14.044845 2265.688198 143.061416 0.138115 0.009789 -63.821356 1.715062 -12.079783 2.253337 38.212649 2.791613 80.651588 nan 3.871752 0.000032 719.192036 0.017587
215.502604 2016 970.000077 20.338983 3116.066869 258.018982 0.117217 0.012038 -62.870952 1.623877 -13.157560 2.207207 38.150138 2.790537 79.568630 nan 3.871750 0.000032 719.192792 0.017813
222.502604 2016 1238.516971 19.496060 3333.095560 80.295313 0.137527 0.002416 -60.934515 1.439743 -10.454564 1.223143 40.594764 1.006542 82.384442 nan 3.871748 0.000032 719.193828 0.017845
229.502604 2016 581.966501 9.734439 1576.503742 80.648461 0.128472 0.002356 -58.404513 1.403354 -9.557698 1.256069 37.116790 1.108784 75.343402 nan 3.871746 0.000032 719.195050 0.018005
236.502604 2016 665.837846 13.939918 1853.890343 185.407872 0.122812 0.004282 -51.657562 1.409050 -8.098997 1.627069 39.363913 1.845088 70.094368 nan 3.871745 0.000032 719.195570 0.018097
243.502604 2016 1216.893505 31.722078 4335.032233 598.969721 0.120361 0.008385 -51.533417 1.578241 -7.286539 2.031822 41.045201 2.485403 69.403268 nan 3.871746 0.000033 719.195011 0.018249
257.502604 2016 1205.173189 24.745295 4430.564592 234.452843 0.120086 0.002643 -44.401547 1.353194 -1.987550 1.323751 40.704355 1.294308 65.659005 nan 3.871748 0.000033 719.194402 0.018591
264.502604 2016 468.063103 8.154717 1183.458199 79.390479 0.129620 0.004461 -49.481100 1.744881 0.502725 1.703449 45.253759 1.662017 70.156527 nan 3.871749 0.000034 719.193462 0.018673
271.502604 2016 2402.984702 55.211743 10497.564616 780.812949 0.134054 0.004834 -47.434263 1.630716 2.531860 1.603841 48.948626 1.576967 72.505275 nan 3.871753 0.000034 719.191729 0.018908
278.502604 2016 2649.067267 51.430782 9191.930127 393.914864 0.121938 0.009721 -44.714627 2.775845 5.714677 2.046276 49.978168 1.316706 70.517644 nan 3.871755 0.000034 719.190156 0.019116
285.502604 2016 1550.409223 37.632555 6268.604121 851.738092 0.105130 0.013499 -39.409680 2.899802 7.975385 2.210990 52.536994 1.522179 67.600214 nan 3.871758 0.000035 719.189015 0.019316
292.502604 2016 1850.486320 30.440994 5267.695242 211.888783 0.127803 0.010945 -40.013516 3.625528 9.725456 2.532379 58.125779 1.439230 78.312044 nan 3.871761 0.000035 719.187323 0.019500
299.502604 2016 2536.675983 57.254136 9475.908916 911.285582 0.119314 0.008603 -44.684119 2.678355 9.566809 2.173627 58.485166 1.668899 75.102437 nan 3.871764 0.000035 719.185345 0.019735
306.502604 2016 2280.063340 45.249073 8326.004461 415.578375 0.122296 0.008472 -39.437916 2.361196 10.581410 1.924069 60.424103 1.486943 80.126824 nan 3.871766 0.000036 719.184491 0.020024
313.502604 2016 869.889415 16.986798 3097.427612 162.151973 0.118954 0.003299 -38.722190 0.957136 9.410603 1.430844 63.726776 1.904551 77.814058 nan 3.871767 0.000036 719.183905 0.020259
320.502604 2016 532.614828 8.413897 1563.261609 46.885812 0.137270 0.001976 -46.157037 0.704255 8.120455 1.135583 67.050126 1.566910 91.421051 nan 3.871769 0.000037 719.183096 0.020513
327.502604 2016 629.535450 14.152932 1971.634740 191.785386 0.131169 0.009030 -46.427861 2.934597 7.614717 2.311808 67.099924 1.689018 80.981380 nan 3.871769 0.000037 719.182661 0.020756
334.502604 2016 644.890446 10.099451 1899.194311 48.388544 0.124578 0.009850 -49.056459 2.993346 5.897299 2.246843 66.454058 1.500340 90.158864 nan 3.871769 0.000038 719.183083 0.021035
341.502604 2016 567.724078 10.243036 1726.589671 94.208815 0.130528 0.008646 -58.468262 1.344649 1.161292 2.378506 66.366545 3.412363 82.619451 nan 3.871768 0.000039 719.183848 0.021497
348.502604 2016 616.015048 9.355279 1763.171216 50.584300 0.143778 0.009387 -58.510513 1.227369 -2.920557 2.475870 59.928974 3.724371 91.166774 nan 3.871767 0.000039 719.184393 0.021797
355.502604 2016 931.952800 26.024529 3582.270895 723.202834 0.144820 0.013637 -63.508148 1.354233 -7.195802 3.033840 56.588935 4.713448 80.906560 nan 3.871764 0.000039 719.185852 0.021787
362.502604 2016 1172.735510 19.293643 3373.128689 94.105329 0.133841 0.001823 -68.642336 1.925150 -7.229793 1.480830 49.123267 1.036511 93.210964 nan 3.871761 0.000040 719.187583 0.022069
