92.501111 2008 1488.681314 23.765955 4184.089390 104.974390 0.161490 0.010826 -65.603056 1.600943 -2.858316 2.751231 64.442165 3.901519 88.014439 nan 3.871641 0.000028 719.253403 0.015713
99.501111 2008 1514.953650 21.114360 3565.183170 105.966659 0.193456 0.018918 -66.659606 4.189120 -7.363029 5.397348 53.419994 6.605576 78.789098 nan 3.871780 0.000029 719.175789 0.015883
106.501111 2008 1086.149180 16.362992 3497.226939 152.758777 0.154625 0.016108 -67.553508 3.901567 -3.959843 4.287994 47.927996 4.674422 79.687438 nan 3.871784 0.000029 719.173865 0.016114
113.501111 2008 1259.989495 23.250110 3986.651471 157.183044 0.148641 0.008011 -59.710026 2.600885 0.316311 1.630348 47.728973 0.659811 81.904367 nan 3.871779 0.000030 719.176401 0.016440
120.501111 2008 1319.037664 19.477601 3495.223785 70.078468 0.140851 0.005835 -59.700231 1.062979 -2.779290 2.250155 52.782795 3.437331 84.373554 nan 3.871784 0.000030 719.173684 0.016746
127.501111 2008 1052.504081 14.979138 2744.628031 132.230846 0.162799 0.016978 -57.586649 4.721693 0.812564 4.033372 48.474261 3.345051 80.163363 nan 3.871725 0.000030 719.206461 0.016609
134.501111 2008 658.574615 13.961243 3531.549788 116.526025 0.117564 0.002368 -42.308218 0.686329 -0.350945 0.677583 42.097429 0.668836 70.906549 nan 3.871788 0.000031 719.171967 0.017276
141.501111 2008 776.074844 14.065435 2587.841729 157.977590 0.120808 0.017377 -62.078619 3.716730 0.247420 3.462982 53.271846 3.209235 70.481939 nan 3.871787 0.000032 719.172561 0.017676
148.501111 2008 956.024117 18.568897 3276.474573 287.228413 0.153984 0.009418 -55.167736 0.899641 -2.712316 2.047628 48.356428 3.195615 82.777221 nan 3.871794 0.000032 719.168707 0.018027
155.501111 2008 1071.939713 22.014871 5665.966156 94.670625 0.142209 0.002719 -50.149804 0.762710 -0.382832 0.729767 50.405467 0.696824 84.348477 nan 3.871792 0.000033 719.169540 0.018308
162.501111 2008 1066.785995 22.092371 5043.570295 277.344200 0.157865 0.010097 -52.274148 0.580091 -1.955910 2.057852 52.385191 3.535612 83.917934 nan 3.871798 0.000034 719.166455 0.018717
169.501111 2008 1556.290738 24.525576 5262.309087 186.530362 0.207515 0.027137 -58.927141 0.939430 -6.079902 3.930478 55.730849 6.921526 78.310685 nan 3.871798 0.000034 719.166538 0.019185
176.501111 2008 1061.515656 19.647993 4495.758903 200.777059 0.150752 0.009943 -49.237363 3.441301 1.550055 2.226423 49.354742 1.011545 79.180514 nan 3.871804 0.000035 719.163002 0.019580
183.515000 2008 931.904409 19.242116 4805.510327 99.869746 0.170519 0.016748 -46.908898 0.578317 -6.209144 3.374485 52.216964 6.170654 73.415189 nan 3.871731 0.000036 719.203936 0.019834
190.501111 2008 882.722253 21.549834 5083.408712 222.647595 0.105874 0.005708 -46.947917 3.207991 1.705822 2.554969 69.509480 1.901948 62.746119 nan 3.871780 0.000036 719.176528 0.020157
197.501111 2008 1268.455981 19.977746 4583.318699 119.370176 0.202692 0.026655 -51.476665 7.555823 3.435632 7.390341 68.813102 7.224859 64.676112 nan 3.871808 0.000037 719.160991 0.020815
204.501111 2008 1118.102754 18.685294 3881.157285 201.563464 0.169367 0.012682 -49.640593 4.820543 4.176613 3.080075 70.391292 1.339608 81.558780 nan 3.871812 0.000038 719.158988 0.021172
211.501111 2008 890.707565 17.953597 4379.670830 92.152849 0.145328 0.009341 -46.396867 3.254313 1.785643 2.004606 50.218587 0.754899 77.300720 nan 3.871808 0.000039 719.161121 0.021459
218.501111 2008 803.308853 18.700853 4322.707435 156.055919 0.101924 0.001655 -38.045807 0.521042 0.076071 0.550740 39.168286 0.580437 61.005154 nan 3.871810 0.000039 719.160128 0.021869
225.501111 2008 1340.835729 21.963655 4733.061685 150.330440 0.209830 0.033145 -50.700647 5.753169 -4.189075 6.748367 60.090054 7.743566 64.910331 nan 3.871807 0.000040 719.161961 0.022288
232.501111 2008 1151.861913 20.206219 4519.350574 140.789695 0.176482 0.018921 -69.334390 3.910480 -7.057370 5.548339 53.297044 7.186198 69.969308 nan 3.871807 0.000041 719.162333 0.022573
239.501111 2008 886.949111 19.180484 4651.754954 65.606799 0.122813 0.002107 -44.667654 0.648365 -0.165951 0.602972 42.094218 0.557579 73.303170 nan 3.871803 0.000041 719.164537 0.022795
246.501111 2008 1280.597230 26.432576 5189.686482 223.943994 0.106554 0.020605 -61.911668 4.414527 -0.492064 4.318593 47.911872 4.222659 57.727558 nan 3.871803 0.000042 719.164255 0.023171
253.501111 2008 1036.277068 17.189987 4044.379219 143.083136 0.176243 0.016763 -69.421428 1.401427 -7.507329 3.790483 50.724981 6.179540 78.625957 nan 3.871800 0.000042 719.166002 0.023526
260.501111 2008 1040.054938 18.124375 3420.097291 173.827705 0.155031 0.009626 -70.042773 1.680195 -2.584540 2.596522 54.616906 3.512849 85.018311 nan 3.871798 0.000043 719.167110 0.023738
267.501111 2008 718.242093 16.700499 4119.568703 72.930469 0.107393 0.004326 -49.984621 1.402477 -0.721051 1.317316 46.016542 1.232154 65.179454 nan 3.871798 0.000043 719.167635 0.023896
274.501111 2008 1010.330523 20.725131 4239.032940 107.968260 0.093769 0.023948 -70.779836 3.811592 -3.545373 4.085718 46.773455 4.359844 54.874185 nan 3.871794 0.000043 719.169798 0.024207
281.501111 2008 1246.052424 23.330921 4676.714250 286.965837 0.143084 0.002679 -63.973645 1.776567 -1.480211 1.169977 47.419123 0.563387 88.506165 nan 3.871795 0.000044 719.169054 0.024451
288.501111 2008 1301.045297 23.197100 4403.093505 305.776527 0.154090 0.009306 -58.828124 1.118290 -2.961390 2.204749 49.876943 3.291207 85.849983 nan 3.871794 0.000044 719.169667 0.024545
295.501111 2008 730.625716 14.190016 3572.075882 72.562878 0.139071 0.002019 -51.130298 0.770129 -0.470708 0.646193 48.221266 0.522257 84.253593 nan 3.871797 0.000044 719.168239 0.024591
302.501111 2008 843.259721 15.398318 2815.542334 151.915514 0.117285 0.015926 -57.497403 1.863205 -5.175946 3.316966 53.292274 4.770728 67.772613 nan 3.871798 0.000044 719.167838 0.024766
309.501111 2008 791.026470 15.776203 3373.608190 175.974268 0.131353 0.003106 -54.744256 1.107143 0.052571 1.034732 51.568489 0.962321 79.327544 nan 3.871801 0.000045 719.165704 0.024871
316.501111 2008 878.701978 15.223870 2615.893471 169.571681 0.161088 0.018892 -50.065438 0.653189 -0.287638 0.642692 50.915621 0.632195 85.681865 nan 3.871803 0.000045 719.164847 0.024828
323.501111 2008 697.734466 14.802687 3562.125032 64.652434 0.120537 0.005750 -47.732564 1.656437 -0.614663 1.693382 45.966923 1.730327 72.673638 nan 3.871809 0.000045 719.161426 0.024803
330.501111 2008 661.841028 14.522452 2804.452892 200.460281 0.123956 0.006976 -50.936967 1.916414 0.229532 2.020177 57.719489 2.123939 74.378362 nan 3.871809 0.000045 719.161668 0.024908
337.501111 2008 687.773944 14.615205 3082.598886 119.299178 0.101062 0.021266 -43.528342 1.752367 -4.710824 3.100451 44.114119 4.448535 48.339045 nan 3.871815 0.000045 719.158077 0.024949
344.501111 2008 766.773586 16.313674 2213.017253 142.198793 0.141107 0.014829 -46.312599 3.232366 1.304428 3.353806 68.146684 3.475247 79.613496 nan 3.871815 0.000045 719.158224 0.024874
351.501111 2008 586.746614 13.752696 3227.114513 67.193926 0.114078 0.010449 -42.249895 2.570163 0.679174 1.929671 44.478820 1.289180 60.917046 nan 3.871823 0.000045 719.153768 0.024843
358.501111 2008 605.981030 13.088816 2432.605003 171.994669 0.139639 0.015512 -45.623503 3.560792 0.079756 3.646692 52.964972 3.732591 65.663303 nan 3.871822 0.000045 719.154074 0.024911
6.501111 2009 601.195824 12.596487 2348.388260 161.784173 0.151697 0.012781 -48.626948 2.750071 -0.423423 3.083976 51.325410 3.417881 73.929487 nan 3.871826 0.000044 719.151771 0.024793
13.501111 2009 539.511708 12.821141 2956.158887 46.450062 0.089601 0.009113 -37.647691 1.962807 0.988096 1.385614 36.632579 0.808421 47.058439 nan 3.871832 0.000044 719.148464 0.024772
20.501111 2009 558.261283 12.845482 2918.754040 83.501519 0.113912 0.016093 -48.880294 1.892729 -4.009023 2.920578 44.316697 3.948426 51.238712 nan 3.871829 0.000045 719.150402 0.024833
27.487223 2009 609.916282 12.492865 2382.925973 139.346091 0.148708 0.016878 -56.425463 3.624923 -1.913862 4.200073 54.168431 4.775224 63.658774 nan 3.871814 0.000045 719.158887 0.024801
34.501111 2009 663.044736 12.813437 2649.300552 125.031230 0.172981 0.019487 -45.687161 6.105616 3.681685 4.695051 46.864690 3.284487 65.801093 nan 3.871826 0.000044 719.152183 0.024707
41.501111 2009 583.353775 13.019979 2960.022730 50.233401 0.112629 0.010758 -43.588998 2.615452 0.949138 2.194206 43.761577 1.772959 60.560112 nan 3.871827 0.000044 719.151336 0.024746
48.501111 2009 741.522174 12.431857 2195.952956 112.895457 0.168753 0.016925 -50.900176 3.647115 -2.062555 4.357704 46.947540 5.068293 72.345798 nan 3.871822 0.000045 719.154337 0.024852
55.501111 2009 553.230299 10.563184 2079.565397 125.307329 0.142250 0.016172 -47.342933 3.448134 -2.163718 4.045229 49.305271 4.642324 68.384386 nan 3.871821 0.000045 719.154534 0.024881
62.501111 2009 531.116559 10.211051 1685.592322 130.984305 0.149196 0.009725 -48.142389 0.647809 -2.311082 2.080175 45.774836 3.512542 80.288243 nan 3.871815 0.000045 719.158385 0.024875
69.501111 2009 619.157265 10.963520 1899.894357 112.487181 0.162069 0.014371 -66.531701 2.219227 -5.173855 3.688824 49.993869 5.158421 79.554224 nan 3.871815 0.000045 719.158283 0.025045
83.501111 2009 567.787934 9.999242 1485.492775 102.683315 0.173472 0.016558 -63.208513 4.091469 -3.098266 4.581838 48.358436 5.072206 78.749835 nan 3.871809 0.000046 719.161430 0.025415
90.501111 2009 477.830244 10.997683 2381.073326 115.230059 0.095029 0.006190 -46.172354 1.824208 -0.255488 1.795866 43.389044 1.767523 57.867425 nan 3.871806 0.000046 719.163432 0.025524
97.501111 2009 554.951515 11.503840 1995.804784 107.208402 0.091189 0.017673 -65.175915 3.152957 -2.914518 3.649800 50.560989 4.146643 54.232208 nan 3.871806 0.000046 719.163576 0.025806
104.501111 2009 566.305014 10.606955 1800.818745 106.620592 0.140306 0.010225 -54.233508 1.272226 -2.748553 2.263032 45.690935 3.253838 76.618046 nan 3.871805 0.000047 719.164279 0.026102
111.501111 2009 517.775426 11.267914 2307.395572 129.808780 0.117812 0.012248 -49.396927 2.122725 -2.622457 2.809063 50.215069 3.495401 63.518706 nan 3.871807 0.000047 719.162817 0.026298
118.501111 2009 418.460249 11.203975 2672.431303 32.682431 0.004631 0.019585 -23.580287 2.244556 -2.183799 2.586850 23.142211 2.929143 32.774675 nan 3.871895 0.000046 719.113907 0.025450
125.501111 2009 610.854570 12.965573 2403.458675 136.082499 0.013961 0.021119 -53.421152 3.649870 2.031275 3.358500 50.912397 3.067129 41.711170 nan 3.871814 0.000048 719.159200 0.026808
132.501111 2009 541.736838 10.909715 2582.700915 28.411290 0.123738 0.005359 -48.400140 1.543995 -0.210688 1.584229 50.683036 1.624463 74.727204 nan 3.871816 0.000049 719.158357 0.027150
139.501111 2009 469.856186 11.379988 2619.970697 34.830375 0.077279 0.000746 -25.939072 0.209474 -0.437747 0.200148 24.851422 0.190821 47.137880 nan 3.871821 0.000049 719.155510 0.027416
146.501111 2009 465.134576 11.132753 2580.298477 28.149861 0.055567 0.014775 -44.354628 3.627999 -0.221335 3.310799 48.963100 2.993598 45.626896 nan 3.871824 0.000050 719.153880 0.027666
153.501111 2009 460.914786 11.103332 2568.306915 34.068367 0.004773 0.019403 -48.907265 3.495367 2.136743 2.988863 41.604520 2.482360 35.868120 nan 3.871828 0.000050 719.151718 0.028125
160.501111 2009 457.582776 11.347156 2600.576391 26.498797 0.065445 0.008619 -23.922869 1.672548 0.572756 0.902971 23.432164 0.133393 43.398216 nan 3.871833 0.000051 719.148966 0.028561
167.501111 2009 455.418235 11.651512 2646.433332 27.761647 0.073412 0.000509 -23.494939 0.113964 -0.177432 0.107962 23.030182 0.101961 44.618877 nan 3.871837 0.000052 719.146921 0.028910
174.501111 2009 480.889897 11.395469 2410.869180 120.233943 -0.000758 0.019798 -47.429882 3.253701 -0.652015 3.322895 60.193795 3.392088 37.332922 nan 3.871841 0.000052 719.144963 0.029234
181.515000 2009 739.953575 12.976586 2446.803754 122.097738 0.147963 0.010557 -47.369277 0.683759 -2.677887 2.524807 50.369237 4.365855 78.553778 nan 3.871859 0.000053 719.134957 0.029680
188.501111 2009 466.913156 10.491240 2466.100600 33.833275 0.106966 0.012574 -40.530174 2.628153 0.417158 2.497574 43.627555 2.366996 59.601372 nan 3.871848 0.000054 719.140963 0.030182
195.501111 2009 533.712497 10.076662 1419.100055 105.835609 0.166639 0.019612 -48.697449 2.000117 -6.596709 4.192723 52.689228 6.385329 63.135064 nan 3.871846 0.000055 719.142561 0.030519
202.501111 2009 940.300817 19.578160 3346.665221 335.944356 0.150244 0.009393 -49.280370 3.388000 0.913602 2.240574 46.565559 1.093149 79.437707 nan 3.871845 0.000055 719.142814 0.030835
209.501111 2009 560.248923 8.206157 1650.726423 45.601190 0.139482 0.012307 -49.059278 3.108413 -0.185951 3.139353 48.621775 3.170294 76.478351 nan 3.871843 0.000056 719.144203 0.031302
216.501111 2009 558.186665 8.823738 1890.035351 72.485459 0.166468 0.015930 -53.034303 3.546572 -2.578668 4.179583 52.949724 4.812595 72.380233 nan 3.871845 0.000057 719.143324 0.031693
223.501111 2009 537.845536 9.950170 1684.786973 124.763711 0.178477 0.019280 -57.731823 1.360529 -8.350609 4.041144 51.916256 6.721758 69.743401 nan 3.871837 0.000057 719.147914 0.031983
230.501111 2009 634.773029 11.768203 2083.046024 114.546706 0.101806 0.020116 -68.899206 2.543310 -8.439398 4.129887 53.223031 5.716465 53.293442 nan 3.871837 0.000058 719.147857 0.032283
237.501111 2009 523.986678 11.053387 2254.185260 151.375693 0.133415 0.011990 -57.862299 2.212252 -2.098103 2.941111 47.222180 3.669971 71.895774 nan 3.871831 0.000059 719.151260 0.032716
244.501111 2009 733.502455 13.468253 2579.838394 134.855627 0.136886 0.013470 -62.443737 4.609829 2.681338 2.803109 48.777166 0.996390 77.188690 nan 3.871832 0.000059 719.151162 0.033063
251.501111 2009 375.811967 10.897300 2909.711168 38.915827 0.076890 0.011099 -44.284338 2.713636 1.832143 2.082257 41.366812 1.450879 51.677439 nan 3.871800 0.000053 719.167571 0.029378
258.501111 2009 501.475563 11.170946 2542.868239 125.308834 0.129526 0.015279 -45.919625 3.425434 1.050705 3.183714 50.832173 2.941993 61.175940 nan 3.872082 0.000060 719.011812 0.033288
265.501111 2009 497.142638 11.571963 2501.714414 139.816231 0.110011 0.012089 -61.282412 2.148366 -2.293743 2.718263 46.314086 3.288160 59.540482 nan 3.871819 0.000061 719.158549 0.033970
272.501111 2009 558.896619 11.482370 1944.886098 146.982277 0.130421 0.011186 -63.942077 2.030235 -2.713958 2.703452 47.403504 3.376669 71.138231 nan 3.871821 0.000061 719.157570 0.034210
279.501111 2009 462.997808 11.914161 2755.416282 44.644205 0.072185 0.000466 -23.674477 0.135093 -0.177147 0.146161 23.495450 0.157228 44.577587 nan 3.871818 0.000062 719.159221 0.034335
286.501111 2009 451.642428 11.636607 2649.606395 58.983929 0.009454 0.018055 -23.228274 2.338138 -0.753700 2.441351 23.587977 2.544564 33.097575 nan 3.871822 0.000062 719.156927 0.034515
293.501111 2009 559.902976 12.033252 2423.998045 101.199150 0.036527 0.020197 -46.667402 3.851839 4.658968 2.697841 44.327640 1.543844 45.352376 nan 3.871824 0.000062 719.155664 0.034724
300.501111 2009 589.309689 10.275759 1819.717530 93.754478 0.139174 0.003141 -52.051503 1.071232 0.179395 0.969086 50.526731 0.866939 84.299551 nan 3.871832 0.000062 719.151621 0.034802
307.501111 2009 576.525120 10.461303 1869.683035 104.922922 0.134955 0.001735 -45.606395 0.477609 -0.273804 0.519223 45.489872 0.560838 81.646969 nan 3.871833 0.000062 719.151055 0.034800
314.501111 2009 453.712290 10.155107 2219.254220 119.974195 0.084643 0.016590 -43.179067 1.575232 -3.128638 2.572275 43.268914 3.569317 61.370350 nan 3.871836 0.000063 719.149106 0.034880
321.501111 2009 424.370721 10.504455 2515.960757 28.151033 0.053650 0.014999 -40.906643 0.910979 -1.902456 1.915153 42.333152 2.919328 43.880749 nan 3.871840 0.000063 719.147038 0.034999
328.501111 2009 492.599048 10.199730 1690.158326 133.411532 0.148807 0.010204 -47.953215 3.505412 0.970068 2.447869 52.335065 1.390325 80.451376 nan 3.871846 0.000063 719.143627 0.035008
335.501111 2009 459.470505 11.241956 2676.275332 32.462649 0.082174 0.004280 -39.888654 1.284409 -0.238116 1.291309 40.451255 1.298208 50.213960 nan 3.871849 0.000063 719.142032 0.034959
342.501111 2009 433.920181 11.391569 2657.934350 28.260783 0.002933 0.018397 -22.714732 2.024357 -2.444862 2.420200 22.402968 2.816042 31.332882 nan 3.871823 0.000063 719.156274 0.034926
349.501111 2009 427.346195 11.001672 2572.236123 37.472051 -0.026236 0.018317 -22.233140 2.040005 -3.489209 2.441775 21.821490 2.843544 25.940020 nan 3.871790 0.000063 719.175016 0.034876
356.501111 2009 412.180265 10.859674 2458.866129 64.253258 -0.007849 0.017633 -22.175011 1.056670 -5.765492 2.029538 21.761735 3.002407 28.517539 nan 3.871797 0.000063 719.170867 0.034837
5.501111 2010 386.666172 10.255170 2317.211257 57.862451 0.067246 0.000153 -21.390783 0.077450 -0.119205 0.080128 21.220803 0.082805 41.072039 nan 3.871800 0.000062 719.169499 0.034805
12.501111 2010 407.919681 9.533628 2254.841511 36.915413 0.092022 0.020481 -47.036101 4.396309 -3.541595 4.921747 46.849835 5.447185 41.376630 nan 3.871798 0.000062 719.170233 0.034821
19.501111 2010 496.146474 9.783018 1731.239405 117.307749 0.076151 0.014345 -47.164170 3.953077 0.717581 3.697290 45.560900 3.441503 51.955760 nan 3.871798 0.000062 719.170312 0.034751
26.501111 2010 371.337892 8.156802 1552.116797 113.488356 0.117491 0.011968 -49.850971 3.396279 1.027949 2.659466 47.088378 1.922653 61.911645 nan 3.871792 0.000062 719.173678 0.034666
33.501111 2010 448.496601 7.734069 1289.408489 62.169241 0.146085 0.015420 -53.604995 1.827390 -5.472522 3.555555 46.087237 5.283721 72.752795 nan 3.871789 0.000062 719.175128 0.034743
40.501111 2010 369.176092 7.480540 1305.775880 97.024785 0.153895 0.018514 -52.147489 3.775096 -2.946100 4.346032 47.179055 4.916969 64.204297 nan 3.871787 0.000062 719.176654 0.034792
47.501111 2010 576.095092 10.579427 1642.244497 89.202219 0.140639 0.010035 -56.975423 1.731342 -1.408283 2.455103 47.272221 3.178864 75.345189 nan 3.871783 0.000062 719.178861 0.034793
54.501111 2010 440.126051 7.920107 1636.008008 83.706803 0.139158 0.033756 -49.394348 2.460678 -2.194474 3.127672 43.399795 3.794666 61.501175 nan 3.871780 0.000061 719.180145 0.034229
61.491389 2010 316.524769 7.181974 1356.800620 102.520137 0.077659 0.017895 -58.793789 3.712501 -0.642148 3.687114 46.108913 3.661727 46.999036 nan 3.871769 0.000063 719.186753 0.034919
68.501111 2010 454.651721 7.937047 1448.069040 77.336115 0.132074 0.015376 -62.667748 1.784816 -3.622818 2.854779 46.634096 3.924742 76.058410 nan 3.871771 0.000063 719.185388 0.035175
75.501111 2010 411.609980 7.360671 1230.954449 73.895738 0.153919 0.014387 -63.109261 3.913937 -1.217212 3.759759 47.148756 3.605581 75.455671 nan 3.871766 0.000063 719.188271 0.035300
82.501111 2010 348.523071 7.768749 1401.855120 117.161385 0.122609 0.012274 -51.639401 3.430947 0.255974 2.807041 44.934980 2.183136 67.002502 nan 3.871440 0.000061 719.369522 0.033939
89.501111 2010 524.388477 9.639192 1805.194132 63.758333 0.132279 0.004541 -52.045443 1.486699 -0.115826 1.508540 48.739951 1.530381 79.654801 nan 3.871761 0.000064 719.191211 0.035710
96.501111 2010 3792.626462 72.761698 13217.702296 682.814679 0.126127 0.012846 -66.769225 1.362434 -3.618100 2.573974 51.900740 3.785514 81.304560 nan 3.871765 0.000064 719.189077 0.035923
103.501111 2010 2145.029298 43.172843 8384.471304 496.121608 0.136498 0.003410 -57.065920 0.877583 -0.401797 0.901051 50.596806 0.924519 82.515772 nan 3.871765 0.000065 719.189401 0.036089
110.501111 2010 931.700531 20.297932 4937.203365 194.214621 0.129501 0.002454 -53.069905 0.779826 -0.252502 0.727596 48.242574 0.675367 78.785690 nan 3.871769 0.000065 719.186892 0.036251
117.501111 2010 822.384106 19.536223 5020.668685 105.907289 0.123687 0.005617 -48.808402 1.663397 -0.298192 1.725892 52.775663 1.788387 74.996502 nan 3.871773 0.000066 719.184994 0.036575
124.501111 2010 2124.848874 38.742393 7072.917528 447.660749 0.124498 0.012646 -55.756661 4.160918 2.077017 2.720365 53.994433 1.279812 78.898485 nan 3.871779 0.000066 719.181514 0.036841
131.501111 2010 1373.316441 24.235155 5714.125144 82.270547 0.138250 0.002682 -47.376517 0.636374 0.073613 0.767576 53.089340 0.898778 83.218504 nan 3.871783 0.000067 719.179571 0.037078
138.501111 2010 1014.658801 21.043879 5365.246991 132.990507 0.149219 0.014440 -49.755276 3.573917 0.399582 3.410255 52.786062 3.246593 72.142929 nan 3.871676 0.000066 719.239246 0.036601
145.501111 2010 1066.678225 26.864757 6051.653631 490.882964 0.129887 0.022732 -46.968232 1.768958 0.574731 1.820632 56.597457 1.872306 65.787905 nan 3.871983 0.000067 719.068289 0.037083
152.501111 2010 2306.167598 37.875058 7455.928870 311.518863 0.213306 0.029311 -47.192651 4.297680 -2.875215 5.560290 53.941139 6.822901 70.311501 nan 3.871802 0.000068 719.169406 0.038168
159.501111 2010 1261.382438 22.360789 5352.484191 101.219352 0.134698 0.002468 -43.995711 0.537298 -0.039010 0.591036 45.986351 0.644775 79.295990 nan 3.871805 0.000069 719.167963 0.038507
166.501111 2010 1106.701368 19.959487 4744.030166 182.705560 0.121432 0.017251 -49.702889 5.110591 4.932960 3.066019 51.369084 1.021447 70.273201 nan 3.871813 0.000070 719.163588 0.038902
173.501111 2010 961.008909 19.493712 4653.328945 229.239515 0.148373 0.008921 -46.717028 0.532168 -1.854914 1.845801 46.525852 3.159434 78.908882 nan 3.871813 0.000071 719.163544 0.039375
180.501111 2010 1298.136848 19.492209 3917.523445 206.680814 0.185396 0.023740 -69.572971 5.507329 -6.369956 6.935208 72.331382 8.363086 66.841112 nan 3.871818 0.000071 719.161004 0.039745
187.501111 2010 941.831113 17.675919 4457.353881 76.321040 0.143187 0.001948 -51.534418 0.614368 -0.239602 0.637368 54.013936 0.660368 84.213625 nan 3.871814 0.000072 719.163143 0.040077
194.501111 2010 836.297336 17.638130 4341.805840 133.734571 0.138756 0.010369 -48.660384 1.134032 -2.294997 2.246548 48.874201 3.359064 73.686051 nan 3.871816 0.000073 719.162218 0.040481
201.501111 2010 732.633266 17.357956 4363.775157 78.110017 0.114272 0.005585 -48.399145 1.636434 -0.815441 1.606938 46.666594 1.577442 68.074156 nan 3.871811 0.000073 719.165124 0.040909
208.501111 2010 1125.931632 19.124274 4040.599249 142.312374 0.154763 0.022438 -70.513624 7.105015 0.895467 6.731244 67.193938 6.357472 64.579859 nan 3.871810 0.000074 719.166066 0.041253
215.501111 2010 1893.577186 39.981469 7157.658138 606.709736 0.149709 0.021205 -59.340651 4.372618 -2.122867 4.743702 49.224075 5.114786 70.901062 nan 3.871803 0.000075 719.170183 0.041539
222.501111 2010 1099.274148 20.729374 4510.585292 188.189822 0.149307 0.016313 -53.944448 0.946880 -5.207548 3.213730 61.212227 5.480581 75.722934 nan 3.871802 0.000075 719.170690 0.041934
229.501111 2010 710.834613 14.595515 3799.672262 77.777954 0.136749 0.002026 -50.230056 0.729642 -0.278692 0.653576 48.246407 0.577510 82.236117 nan 3.871794 0.000076 719.175080 0.042351
236.501111 2010 1170.660655 20.216017 3658.433966 168.388943 0.138810 0.012927 -69.412333 3.949935 -2.209628 3.600536 46.810470 3.251137 77.935606 nan 3.871791 0.000077 719.177100 0.042679
243.501111 2010 944.580334 15.038215 3205.291346 158.108621 0.163088 0.016868 -70.855615 1.716611 -1.639380 1.195243 49.207283 0.673875 90.756929 nan 3.872213 0.000077 718.942096 0.043169
250.501111 2010 753.480127 14.436121 3222.932546 194.245772 0.140975 0.002619 -59.862169 1.084571 -0.717412 0.840671 50.467688 0.596771 85.887652 nan 3.871785 0.000078 719.180906 0.043353
257.501111 2010 774.911041 15.046006 2734.070765 190.120359 0.136910 0.002028 -58.132939 1.004129 -0.259885 0.763521 46.490691 0.522912 83.636172 nan 3.871780 0.000078 719.183536 0.043705
264.501111 2010 776.571641 16.077413 3425.739633 179.099819 0.128060 0.003384 -57.521988 1.174429 -0.534684 1.048063 47.793562 0.921698 78.186945 nan 3.871781 0.000079 719.183060 0.043953
271.501111 2010 743.578165 14.801746 2630.137440 194.870524 0.150885 0.009799 -65.498308 1.228639 -2.449664 2.392757 53.551848 3.556875 84.258623 nan 3.871779 0.000079 719.184329 0.044115
278.501111 2010 611.579841 14.678257 3324.907440 172.763272 0.110722 0.005523 -45.919615 1.632920 -0.093849 1.618547 45.406663 1.604175 67.190806 nan 3.871784 0.000080 719.181845 0.044363
285.501111 2010 1091.111247 20.348501 3812.866690 189.221111 0.114854 0.011807 -46.388204 1.254462 -0.965300 1.825018 47.151583 2.395573 74.285593 nan 3.871785 0.000080 719.181509 0.044529
292.501111 2010 652.026647 14.049449 2097.747148 145.570046 0.131199 0.003134 -52.329799 0.738984 -0.301353 0.790819 46.315615 0.842653 79.027643 nan 3.871795 0.000080 719.175894 0.044606
299.501111 2010 1157.171168 18.459078 3326.948346 113.612825 0.160032 0.009522 -49.419651 3.514605 3.145134 2.412596 59.363817 1.310587 89.057635 nan 3.871800 0.000080 719.172785 0.044642
306.501111 2010 648.865765 13.149737 3154.594838 59.023423 0.115407 0.002807 -41.755843 0.735994 -0.426744 0.755341 41.102034 0.774688 69.973979 nan 3.871802 0.000080 719.172073 0.044775
313.501111 2010 828.790250 17.702431 3235.934437 178.426279 0.109584 0.005318 -47.637903 1.399670 0.112904 1.635409 63.677584 1.871148 66.595902 nan 3.871807 0.000080 719.168855 0.044835
320.501111 2010 822.014232 13.375798 2898.203057 149.882300 0.164905 0.013729 -50.512940 5.009696 3.503683 3.070413 59.977541 1.131131 80.793863 nan 3.871813 0.000080 719.165917 0.044839
327.501111 2010 666.365382 13.450017 2909.675300 176.431047 0.140893 0.009482 -45.925967 3.114151 1.775120 2.002697 45.729389 0.891244 76.079540 nan 3.871820 0.000080 719.162096 0.044822
334.501111 2010 703.476187 15.844518 3815.656841 113.453353 0.112316 0.005108 -43.105668 1.422615 0.147237 1.488212 51.240280 1.553809 67.536644 nan 3.871825 0.000081 719.159080 0.044922
341.501111 2010 667.479166 15.719421 3768.463419 118.380202 0.110619 0.015509 -46.731916 3.345076 0.959603 3.118686 51.436820 2.892295 61.495619 nan 3.871832 0.000081 719.155373 0.044930
348.501111 2010 842.028339 15.500492 3244.383623 148.593606 0.171215 0.016401 -51.988130 5.226761 1.546301 4.271023 50.948070 3.315285 74.175055 nan 3.871835 0.000081 719.153383 0.044898
355.501111 2010 646.185190 14.384382 3473.598972 113.953150 0.139681 0.011723 -44.247107 3.780429 2.429710 2.478994 49.940948 1.177560 73.000566 nan 3.871418 0.000076 719.385156 0.042298
4.501250 2011 629.231656 13.850836 2876.311736 144.376065 0.060342 0.024012 -45.122754 4.382972 0.888677 4.271888 65.181180 4.160804 42.565102 nan 3.871839 0.000080 719.151544 0.044824
11.501250 2011 720.064554 11.955830 1795.636649 114.638610 0.163644 0.026597 -48.408998 5.912525 -3.649561 6.485342 49.028663 7.058159 59.534518 nan 3.871835 0.000080 719.153462 0.044757
18.501250 2011 638.040484 12.094037 2106.571093 154.772504 0.193292 0.021893 -51.252102 5.416599 -2.862010 5.969975 46.582330 6.523350 64.136569 nan 3.871834 0.000080 719.153922 0.044694
25.501250 2011 504.324207 12.176685 2982.569875 46.613582 0.109022 0.009803 -50.378530 1.761131 -2.236274 2.178848 41.678588 2.596564 58.156899 nan 3.871827 0.000080 719.158108 0.044725
32.501250 2011 716.752168 17.835404 3362.271440 263.227351 0.134749 0.016015 -66.312760 3.843187 -1.160743 3.786937 48.771062 3.730687 63.314215 nan 3.871823 0.000080 719.160352 0.044687
39.501250 2011 916.002833 15.198077 2836.137721 120.854587 0.167183 0.017026 -54.591843 3.959828 -2.301485 4.419497 47.046714 4.879166 72.132169 nan 3.871815 0.000080 719.164497 0.044695
46.501250 2011 629.275206 11.577171 2396.315890 143.316881 0.153097 0.012877 -46.533436 0.601627 -3.268439 2.535258 44.915127 4.468889 74.595776 nan 3.871814 0.000080 719.165233 0.044745
53.501250 2011 537.643142 9.594812 1546.396782 87.592992 0.149085 0.009983 -61.528376 1.010569 -2.954707 2.265061 49.566055 3.519554 81.191512 nan 3.871804 0.000081 719.170895 0.044906
60.501250 2011 1430.170032 30.535299 4718.831341 425.786723 0.131199 0.018025 -65.604376 5.121247 1.427921 4.095305 46.149870 3.069363 68.426916 nan 3.871806 0.000081 719.169793 0.045004
67.501250 2011 1501.262719 31.679019 4887.491267 488.948111 0.134749 0.010737 -45.198213 3.073705 -0.153996 3.104413 48.092545 3.135120 72.426210 nan 3.871797 0.000081 719.174950 0.045129
74.501250 2011 1391.446144 26.234200 5071.455758 293.066243 0.138659 0.002556 -49.989452 0.754532 -0.585620 0.671191 47.269759 0.587849 84.346856 nan 3.871796 0.000081 719.175256 0.045307
81.501250 2011 629.911677 11.039009 2176.115927 117.437551 0.138042 0.003677 -55.991515 1.168397 -0.281360 1.035567 49.509991 0.902737 84.097202 nan 3.871792 0.000082 719.177621 0.045527
88.501250 2011 659.712135 16.757826 3282.436045 285.803011 0.096007 0.015211 -43.960494 1.436095 -3.011561 2.440652 42.157419 3.445209 54.979169 nan 3.871797 0.000082 719.175282 0.045662
95.501250 2011 1501.311085 25.127959 3988.421284 196.510434 0.108444 0.014734 -50.496116 5.033844 5.339284 2.996352 56.574728 0.958859 73.716691 nan 3.871799 0.000082 719.173921 0.045799
102.501250 2011 1453.599135 27.205129 5047.911304 422.826172 0.152060 0.009699 -54.266754 3.354752 1.610135 1.994642 50.257308 0.634531 83.500864 nan 3.871803 0.000083 719.171810 0.046005
109.501250 2011 813.739195 14.877849 3439.431569 83.461041 0.130427 0.002458 -43.600292 0.549283 0.031558 0.508549 43.902940 0.467815 79.008445 nan 3.871809 0.000083 719.168376 0.046246
116.501250 2011 784.943629 18.744997 3685.727070 244.313971 0.138248 0.004225 -49.415556 1.220030 0.157917 1.192709 50.065106 1.165389 83.321349 nan 3.871817 0.000083 719.164199 0.046438
123.501250 2011 1964.619134 32.597697 5779.207947 204.015924 0.133409 0.008040 -50.058879 2.874769 0.038188 3.063696 58.358780 3.252624 80.751751 nan 3.871826 0.000084 719.159474 0.046673
130.501250 2011 1084.845875 19.440135 4698.142389 166.665609 0.168995 0.033590 -44.453075 0.433220 -1.759281 1.963804 45.365722 3.494388 77.094606 nan 3.871869 0.000081 719.134764 0.045412
137.501250 2011 1068.221877 19.738860 4795.023405 106.012865 0.141267 0.003847 -57.083078 0.993984 0.585757 1.247183 71.979382 1.500382 83.826322 nan 3.871835 0.000085 719.154714 0.047373
144.501250 2011 1001.420071 25.452182 4940.684807 416.905594 0.117064 0.004007 -43.488985 1.076304 0.325388 1.063989 44.341724 1.051673 69.355780 nan 3.871843 0.000086 719.150242 0.047705
151.501250 2011 2282.053750 39.614034 7553.679598 441.026784 0.176303 0.016789 -60.634395 5.378728 1.385387 4.551915 56.532067 3.725103 75.828957 nan 3.871850 0.000086 719.146382 0.048032
158.501250 2011 1337.280080 24.045424 4701.215608 323.479413 0.148694 0.009485 -48.862000 0.615814 -2.162428 1.987868 47.789615 3.359922 77.840414 nan 3.871856 0.000087 719.143507 0.048484
165.501250 2011 835.822823 14.331261 3447.107201 102.336323 0.152274 0.009474 -50.887069 0.581109 -2.060397 1.956476 49.538294 3.331842 80.771655 nan 3.871857 0.000088 719.142786 0.048878
172.501250 2011 1018.643527 18.161596 3720.413430 142.409106 0.166758 0.021981 -51.748719 4.559165 -2.783083 5.213452 62.521555 5.867739 66.925183 nan 3.871861 0.000088 719.141139 0.049230
179.501250 2011 1062.233232 17.994138 3928.026949 152.204438 0.162254 0.013453 -50.342854 0.854953 -3.484555 2.884007 52.133571 4.913060 77.965959 nan 3.871862 0.000089 719.140505 0.049558
186.501250 2011 1180.973421 21.443323 4249.520657 240.765118 0.151308 0.013234 -46.964866 0.620173 -3.666734 2.532272 42.504182 4.444372 72.080454 nan 3.871858 0.000090 719.143224 0.050006
193.501250 2011 1051.185715 16.755968 3186.727859 208.626684 0.140802 0.018274 -51.786369 5.949382 4.131529 4.530850 49.665584 3.112317 71.448772 nan 3.871856 0.000090 719.144103 0.050348
200.501250 2011 1198.845493 19.487335 3938.861765 132.851436 0.153984 0.021121 -68.324942 1.470870 -9.314158 4.041738 48.179295 6.612606 70.282535 nan 3.871847 0.000091 719.149439 0.050706
207.501250 2011 1017.405502 17.840264 4326.902187 120.855516 0.151586 0.008658 -49.296620 0.574154 -1.751386 1.884171 46.501494 3.194188 81.751788 nan 3.871842 0.000092 719.152378 0.051023
214.501250 2011 1089.262988 25.515544 5197.783798 461.874700 0.117732 0.014091 -53.099494 0.893526 -3.124048 2.362896 45.268178 3.832265 76.479536 nan 3.871842 0.000092 719.152825 0.051473
221.501250 2011 1246.137998 21.545184 4782.776153 202.323057 0.156475 0.009400 -69.524007 1.427726 -3.435110 2.451321 47.101208 3.474916 86.782165 nan 3.871834 0.000093 719.157469 0.051831
228.501250 2011 973.278856 16.480106 4024.168707 120.044974 0.133771 0.009263 -49.983480 0.584547 -1.572543 1.796371 50.345514 3.008194 82.631567 nan 3.871827 0.000094 719.161129 0.052213
235.501250 2011 744.972935 15.613912 3895.057762 159.287759 0.153919 0.013542 -61.734563 3.534579 -0.909780 3.532375 48.877975 3.530170 77.524629 nan 3.871820 0.000094 719.165152 0.052559
242.501250 2011 719.192182 16.849429 4073.264050 177.176039 0.111905 0.005018 -63.476397 1.963690 -0.166917 1.696445 44.815248 1.429200 68.943582 nan 3.871815 0.000095 719.168172 0.052988
249.501250 2011 1197.129462 26.882910 4307.085460 401.314145 0.148480 0.009384 -56.724111 1.103843 -2.105588 2.212258 48.188503 3.320673 82.106407 nan 3.871815 0.000096 719.168378 0.053309
256.501250 2011 2431.152164 45.054457 8612.081805 357.608392 0.138093 0.002860 -64.251808 1.098733 -0.065539 0.926328 48.879514 0.753922 83.730735 nan 3.871812 0.000096 719.170564 0.053590
263.501250 2011 972.925352 21.868340 4638.996458 288.639940 0.134903 0.001938 -50.648167 0.615720 -0.327829 0.604425 46.666509 0.593131 82.657934 nan 3.871816 0.000097 719.168194 0.053812
270.501250 2011 1863.387664 38.095297 7419.785864 444.304311 0.142870 0.010790 -53.510087 3.552620 2.171985 2.365604 53.292004 1.178588 78.100507 nan 3.871818 0.000097 719.167419 0.054058
277.501250 2011 1518.185271 27.209338 5714.679543 294.910835 0.141232 0.003536 -49.751510 0.731593 0.055040 0.821675 54.836138 0.911756 85.146053 nan 3.871829 0.000097 719.161439 0.054182
284.501250 2011 878.368751 18.565872 4602.304355 129.969969 0.128729 0.002679 -47.837612 0.769218 0.836565 0.960019 62.911648 1.150821 78.398986 nan 3.871833 0.000097 719.159207 0.054307
291.501250 2011 641.445811 15.839936 3974.017305 141.931420 0.131026 0.011343 -45.693092 1.611323 -1.824758 2.589942 48.302366 3.568562 71.191489 nan 3.871837 0.000098 719.156924 0.054393
298.501250 2011 1019.178510 23.562748 5509.458099 280.877364 0.104287 0.011625 -62.848281 2.636455 -1.197306 3.144647 44.312463 3.652840 66.711245 nan 3.871841 0.000098 719.154546 0.054508
305.501250 2011 1136.249612 23.055979 4563.782003 241.331917 0.126307 0.003301 -43.258749 0.753899 -0.163300 0.872839 46.179244 0.991779 75.846089 nan 3.871850 0.000098 719.149898 0.054548
312.501250 2011 812.996915 16.969809 4265.875395 122.311057 0.126723 0.002102 -41.201653 0.547044 0.076993 0.596232 44.099364 0.645419 76.487697 nan 3.871857 0.000098 719.145857 0.054606
319.501250 2011 626.800229 15.927979 4121.980251 103.777318 0.100689 0.004905 -43.995937 1.453174 -0.451466 1.452569 43.340065 1.451964 60.813766 nan 3.871864 0.000098 719.141675 0.054668
326.501250 2011 599.311019 15.064971 3274.823296 237.375740 0.114018 0.010154 -42.650345 1.699619 -1.081056 2.183721 43.087832 2.667823 61.788646 nan 3.871874 0.000098 719.136513 0.054747
333.501250 2011 754.460880 14.590118 3137.449144 190.496444 0.150919 0.013204 -45.154785 3.299234 -0.192638 3.244815 45.283762 3.190396 72.778209 nan 3.871880 0.000098 719.133255 0.054727
340.501250 2011 769.234297 15.494406 2624.943318 185.308291 0.131147 0.002760 -44.975073 0.863016 -0.035616 0.862851 43.946631 0.862685 77.617929 nan 3.871882 0.000098 719.131814 0.054722
347.501250 2011 620.958133 14.707944 3187.651490 225.372030 0.143992 0.009502 -50.292050 3.172465 1.420728 1.892729 52.189043 0.612993 77.080410 nan 3.871884 0.000098 719.130920 0.054721
354.501250 2011 581.984271 14.766222 3787.030438 79.608247 0.104959 0.005825 -49.765898 1.852559 -0.906455 1.832093 41.120737 1.811627 62.670165 nan 3.871881 0.000098 719.132371 0.054706
361.501250 2011 590.997380 15.249408 3829.811434 75.135740 0.091257 0.010390 -41.740136 2.196796 0.759997 1.731004 40.524779 1.265211 47.899169 nan 3.871879 0.000098 719.133296 0.054620
3.501250 2012 604.685515 13.262191 2466.775243 216.845596 0.152213 0.016779 -48.307114 4.202192 -0.470271 4.189718 47.466319 4.177244 69.257730 nan 3.872929 0.000098 718.548444 0.054441
10.501250 2012 642.506710 13.779444 3014.399491 189.825833 0.206291 0.024961 -46.548845 4.282836 -8.877677 6.292601 45.530139 8.302367 57.546384 nan 3.871868 0.000098 719.139670 0.054537
17.501250 2012 606.472320 13.221755 3044.303344 151.902975 0.140083 0.009748 -43.523769 0.909459 -1.529397 2.061251 45.499250 3.213043 74.497346 nan 3.871857 0.000098 719.145815 0.054498
24.501250 2012 1425.622691 28.448964 5355.826757 356.585721 0.124459 0.010198 -53.154592 3.281347 1.243446 2.242781 49.185454 1.204215 76.024451 nan 3.871860 0.000098 719.144086 0.054464
31.501250 2012 798.728601 13.742799 2912.131890 115.396588 0.144529 0.010005 -46.966849 0.753862 -1.671302 2.075713 45.207047 3.397563 77.152257 nan 3.871852 0.000098 719.148454 0.054497
38.501250 2012 825.387975 13.221081 2438.999620 112.378942 0.149816 0.009658 -54.696988 0.810673 -2.090680 2.034365 47.481153 3.258057 80.976748 nan 3.871842 0.000098 719.154219 0.054606
45.501250 2012 1459.791385 29.383947 5158.265883 375.311502 0.140145 0.009866 -50.082152 1.169722 -1.902142 2.174127 45.462878 3.178533 75.940266 nan 3.871836 0.000098 719.157585 0.054712
52.501250 2012 1223.775172 21.948620 4391.425022 220.494356 0.142870 0.009062 -46.132584 0.610060 -1.046037 1.856562 46.980091 3.103065 78.217195 nan 3.871826 0.000098 719.162987 0.054815
59.501250 2012 1429.895363 28.624626 4931.457613 429.425743 0.117744 0.013663 -55.545758 1.131879 -2.348778 2.459032 59.993956 3.786186 77.832036 nan 3.871827 0.000099 719.162517 0.054969
66.501250 2012 2228.140403 48.985627 8412.072124 864.583858 0.202223 0.086029 -65.042712 4.147487 -0.352588 3.659064 44.583879 3.170640 71.979673 nan 3.871822 0.000099 719.165789 0.055170
73.501250 2012 2442.907726 51.383876 11053.317787 559.305970 0.141058 0.004679 -51.313117 0.870296 -0.186509 0.919083 54.626565 0.967869 84.993536 nan 3.872115 0.000094 719.001089 0.052568
80.501250 2012 2201.730990 40.806608 8193.948917 343.252277 0.147893 0.009445 -48.250929 3.210779 1.993573 1.978769 49.329225 0.746759 81.288233 nan 3.871827 0.000099 719.162723 0.055433
87.501250 2012 1554.709383 30.569493 6381.926803 268.290302 0.132434 0.004465 -55.232661 1.331876 -0.033673 1.246830 53.846753 1.161785 80.790140 nan 3.871836 0.000100 719.158004 0.055568
94.501250 2012 1524.052995 34.487528 6126.322955 572.135101 0.122693 0.009466 -47.811917 2.764445 1.534153 1.848344 50.465067 0.932242 77.106878 nan 3.871840 0.000100 719.155823 0.055777
101.501250 2012 1493.646292 28.999383 6154.751883 287.250937 0.137367 0.003423 -55.725570 0.984548 0.156949 1.157643 63.000713 1.330739 83.777791 nan 3.871849 0.000100 719.150748 0.055944
109.501250 2012 1060.178334 18.297837 4142.142623 187.623340 0.161445 0.029191 -46.517523 3.601442 1.481965 2.356830 51.538073 1.112217 76.310370 nan 3.872123 0.000098 718.997437 0.054758
116.501250 2012 2600.130169 56.621108 10971.827951 711.883208 0.112522 0.013304 -46.780788 2.471402 -2.386363 3.378548 51.764118 4.285694 71.323265 nan 3.871434 0.000100 719.382197 0.055648
122.501250 2012 1760.074450 32.524393 7462.100509 226.381179 0.145029 0.035285 -47.307614 3.467801 -1.400779 3.959493 52.028491 4.451184 72.313709 nan 3.871983 0.000100 719.076070 0.055621
129.501250 2012 1558.547653 30.255643 6334.695676 222.444941 0.127750 0.018897 -46.849647 5.021693 3.061961 4.102762 52.293658 3.183832 64.885177 nan 3.871880 0.000102 719.134495 0.057100
136.501250 2012 1312.766530 22.504870 5225.766812 120.223609 0.136652 0.002492 -46.622114 0.512754 -0.087039 0.584975 47.920536 0.657196 80.822276 nan 3.871888 0.000103 719.130066 0.057467
143.501250 2012 1389.776591 29.659157 6328.820073 442.730311 0.168149 0.020967 -49.862761 4.172473 3.281495 2.584149 48.365178 0.995826 76.241294 nan 3.871463 0.000099 719.365830 0.055123
150.487361 2012 959.828555 20.109733 5168.772870 177.150234 0.137110 0.009619 -44.684963 1.117627 -2.232397 2.300154 45.785823 3.482681 73.436076 nan 3.871927 0.000104 719.108567 0.058190
157.501250 2012 1875.327484 31.635580 6185.031789 228.670034 0.159087 0.012650 -48.384950 0.802109 -2.790785 2.705164 59.486226 4.608219 76.955077 nan 3.871902 0.000105 719.122877 0.058588
164.501250 2012 1718.368932 32.512602 6433.889904 363.472847 0.137116 0.001982 -45.887207 0.415998 -0.538825 0.630140 48.557903 0.844281 80.877768 nan 3.871897 0.000106 719.125941 0.058983
171.501250 2012 2030.244487 41.008924 7436.166630 564.929496 0.141592 0.002907 -48.905904 0.848289 -0.325385 1.035065 50.469936 1.221841 83.283929 nan 3.871895 0.000107 719.127269 0.059361
178.501250 2012 1075.100196 22.302024 5034.640219 244.018201 0.125436 0.016817 -46.649649 0.507544 -4.629021 2.671065 46.722149 4.834585 72.390411 nan 3.871777 0.000106 719.192641 0.058956
185.501250 2012 1983.373691 33.404946 6651.583836 295.825202 0.144366 0.018341 -51.956995 3.328708 -3.841510 4.453997 48.777525 5.579286 72.258539 nan 3.871853 0.000108 719.150793 0.060075
192.501250 2012 2400.193505 46.531379 8960.733812 444.230046 0.133638 0.002177 -45.028209 0.606987 -0.482996 0.760305 51.638122 0.913622 79.218025 nan 3.871778 0.000109 719.193199 0.060637
199.501250 2012 3216.647693 65.432667 13214.792140 499.986529 0.130421 0.014732 -57.281324 2.932890 -1.291304 3.079921 45.329924 3.226952 73.201427 nan 3.871774 0.000110 719.195255 0.061043
206.501250 2012 1948.123120 36.854620 8158.496440 237.262065 0.165426 0.013754 -69.232920 1.379727 -4.614955 3.256061 49.253775 5.132396 81.340628 nan 3.871761 0.000110 719.203250 0.061483
213.501250 2012 1368.091500 25.751336 5947.723001 175.324834 0.145435 0.009373 -47.541401 0.734360 -2.541092 2.008400 45.765708 3.282440 78.902880 nan 3.871762 0.000111 719.202835 0.061871
220.501250 2012 1072.103024 21.270745 5158.701972 207.195423 0.134543 0.002184 -47.396693 0.671340 -0.202611 0.594993 43.601818 0.518646 80.763275 nan 3.871753 0.000112 719.207829 0.062313
227.501250 2012 1043.207983 21.159104 5057.790435 184.540271 0.145542 0.009267 -49.001901 3.230455 1.229131 1.924699 48.481410 0.618942 78.888220 nan 3.871746 0.000113 719.212307 0.062772
234.501250 2012 1195.405397 20.560292 4720.744058 215.352012 0.140614 0.003401 -49.238896 0.851138 0.064995 0.765486 48.672099 0.679835 84.159658 nan 3.871740 0.000113 719.215937 0.063168
241.501250 2012 1008.691865 19.633139 3971.671883 270.513508 0.142775 0.002701 -60.920199 1.222419 -0.354443 1.040558 52.352967 0.858696 88.097299 nan 3.871738 0.000114 719.216847 0.063472
248.501250 2012 1665.245774 36.692564 7159.122131 508.919029 0.117873 0.003689 -44.189149 0.961561 -0.455598 0.995074 43.361384 1.028587 71.492341 nan 3.871737 0.000114 719.217590 0.063800
255.501250 2012 1050.086451 18.824136 4278.958174 126.801869 0.132639 0.002030 -47.098460 0.561987 0.200169 0.573413 47.480712 0.584838 81.269679 nan 3.871742 0.000115 719.215135 0.064074
262.501250 2012 941.475116 17.238678 3816.435639 132.981911 0.148807 0.009922 -50.620997 3.311225 2.658926 2.139854 53.627701 0.968482 82.326284 nan 3.871748 0.000115 719.212072 0.064269
269.501250 2012 702.153464 15.276768 4147.035755 99.397775 0.129859 0.002798 -51.573414 0.973535 0.265904 1.086278 55.337598 1.199021 80.320413 nan 3.871021 0.000118 719.617721 0.065512
276.501250 2012 1037.071514 24.555959 5326.295555 387.285287 0.122995 0.003525 -44.510274 1.155336 0.663622 1.017055 47.835319 0.878774 74.950089 nan 3.871764 0.000116 719.203264 0.064574
283.501250 2012 2874.384641 63.784091 11065.678678 908.623861 0.123739 0.015136 -54.341805 4.588904 1.346876 3.690401 50.024162 2.791898 70.079323 nan 3.871710 0.000117 719.233643 0.065208
290.501250 2012 2676.806145 54.096786 10600.822814 630.040299 0.133459 0.010134 -47.558606 3.121563 2.323876 2.190660 64.931324 1.259756 84.697406 nan 3.871777 0.000116 719.195909 0.064832
297.501250 2012 1251.414011 25.704144 5779.959108 191.387687 0.145585 0.019224 -44.745014 0.613877 -0.215106 0.662713 45.691727 0.711548 77.296737 nan 3.872267 0.000115 718.922610 0.064281
304.501250 2012 1271.110175 26.836829 5502.126812 231.903334 0.131415 0.013893 -43.364506 1.164784 -2.799531 2.633604 46.302551 4.102423 62.729055 nan 3.871799 0.000117 719.184201 0.065020
311.501250 2012 926.568901 17.875780 2963.150881 225.656357 0.137270 0.002498 -47.973893 0.653613 0.458293 0.906757 66.398946 1.159901 82.564190 nan 3.871802 0.000117 719.182448 0.065150
318.501250 2012 1506.085015 33.950351 6423.716851 590.031880 0.145515 0.014579 -44.645416 3.400591 0.009928 3.369729 46.990618 3.338867 68.811880 nan 3.872018 0.000117 719.062127 0.065368
325.501250 2012 1286.584537 22.018811 4483.618328 173.239550 0.145105 0.010151 -44.803342 3.492645 2.046900 2.117954 48.347079 0.743263 76.902069 nan 3.872607 0.000115 718.733498 0.064225
332.501250 2012 1190.242831 22.943514 4706.277064 155.457683 0.164344 0.032659 -42.629725 2.919036 -0.684387 3.090572 46.112615 3.262109 67.767132 nan 3.871833 0.000115 719.164493 0.064089
339.501250 2012 659.568521 16.343326 4237.995660 101.377726 0.099557 0.004767 -40.243639 1.411878 -0.164439 1.392772 38.738721 1.373666 59.836786 nan 3.871818 0.000117 719.173423 0.065192
346.501250 2012 523.605732 14.326443 3827.092444 168.173494 0.097415 0.014983 -42.857269 3.914518 1.179889 3.632830 42.013686 3.351142 53.073721 nan 3.872717 0.000114 718.671490 0.063265
353.501250 2012 727.054344 14.092726 2604.534204 178.783023 0.165009 0.018096 -49.595150 3.724482 -4.014124 4.821958 47.529274 5.919434 69.280182 nan 3.871742 0.000116 719.215446 0.064549
360.501250 2012 575.024911 14.498678 3768.975304 105.802088 0.093769 0.021717 -43.428362 0.909682 0.029626 1.003879 47.979176 1.098077 45.870192 nan 3.871689 0.000115 719.244625 0.063806
8.487361 2013 653.338557 14.926980 3475.668263 76.242104 0.023573 0.027246 -22.537863 2.119722 -1.820388 2.503770 31.796647 2.887818 31.318836 nan 3.871758 0.000114 719.205999 0.063571
15.501250 2013 886.643188 14.814341 2356.172148 139.860705 0.107780 0.020534 -48.901210 4.054650 -0.330822 4.058081 48.030292 4.061511 65.873082 nan 3.871810 0.000116 719.177745 0.064843
22.501250 2013 655.785334 11.556629 2164.114680 137.958651 0.135860 0.002800 -50.192853 0.950873 -0.184688 0.780934 45.351722 0.610995 81.337103 nan 3.871347 0.000114 719.435335 0.063753
29.501250 2013 816.975711 14.851908 3140.935248 127.696118 0.139380 0.002802 -50.427029 0.707797 -0.659480 0.656038 45.414284 0.604279 83.171824 nan 3.872648 0.000118 718.711620 0.065799
36.501250 2013 815.275526 12.876964 2018.735939 125.744859 0.179966 0.022494 -48.085833 4.029036 -4.446354 5.317086 52.584914 6.605135 64.614027 nan 3.872837 0.000120 718.606578 0.066649
43.502639 2013 569.063389 10.697166 2526.599929 149.287979 0.124586 0.005465 -43.415161 1.321411 0.399324 1.413893 44.103280 1.506376 74.817809 nan 3.868417 0.000123 721.074226 0.068759
50.501250 2013 585.014959 11.007563 2100.839746 121.475541 0.126208 0.003372 -43.693622 0.925119 0.707109 0.735752 43.391374 0.546385 76.063809 nan 3.871696 0.000117 719.241697 0.065393
57.502639 2013 984.018579 23.545653 3736.942983 387.111020 0.132948 0.003529 -51.059030 0.770979 0.094794 0.717570 48.056512 0.664161 80.289206 nan 3.871700 0.000118 719.239157 0.065531
64.501250 2013 984.162277 15.908377 3057.492722 99.196061 0.148053 0.009926 -48.168755 3.371731 2.403094 2.154033 54.745922 0.936336 81.956613 nan 3.871697 0.000118 719.241294 0.065624
71.501250 2013 571.798497 11.092230 2626.575455 79.164663 0.125694 0.003688 -45.752738 1.069682 0.499317 1.215804 64.171665 1.361925 77.342920 nan 3.871701 0.000118 719.239059 0.065756
78.501250 2013 2250.640873 45.471931 9318.157757 594.089512 0.151045 0.009209 -50.807762 1.101469 -0.381149 2.194527 55.167235 3.287586 84.648284 nan 3.871707 0.000118 719.235692 0.065823
85.501250 2013 1941.876702 38.039546 7315.775209 396.202003 0.141641 0.009795 -45.934740 1.001450 -1.391124 2.086996 49.283834 3.172543 77.652529 nan 3.871715 0.000118 719.231428 0.065958
92.501250 2013 1553.050502 30.291171 6140.270044 329.656431 0.140039 0.002810 -47.137414 0.597872 0.625696 0.828635 60.409785 1.059399 85.292026 nan 3.871723 0.000119 719.226899 0.066095
99.501250 2013 822.341034 18.412782 4592.269656 104.406721 0.114392 0.002852 -40.191892 0.753901 0.146773 0.808976 42.191985 0.864052 69.508795 nan 3.871733 0.000119 719.221611 0.066367
106.501250 2013 708.642969 17.359894 4272.044956 117.230097 0.081498 0.009327 -34.374706 0.711477 -0.638871 1.399582 35.852243 2.087686 53.282390 nan 3.871743 0.000119 719.215805 0.066530
113.499862 2013 879.579034 23.723479 4952.330679 328.394065 0.087454 0.010846 -43.668871 1.744279 -1.487194 2.525272 45.400713 3.306265 55.852689 nan 3.874149 0.000124 717.878468 0.069279
218.501806 2013 1269.605308 22.932423 4396.303826 221.137542 0.137682 0.002807 -51.068498 0.873065 0.223436 0.807348 46.872098 0.741631 83.011640 nan 3.871718 0.000130 719.233759 0.072506
225.501806 2013 1182.805626 22.500227 4748.514173 174.402518 0.131508 0.003675 -54.605168 1.192302 0.553955 0.982375 47.599935 0.772449 79.205761 nan 3.871714 0.000131 719.236224 0.072959
232.501806 2013 1326.182462 21.636846 4527.711964 173.206997 0.126079 0.012529 -53.264099 1.036235 -2.310353 2.573236 53.597371 4.110238 82.006324 nan 3.871713 0.000132 719.237310 0.073329
239.501806 2013 1340.481679 24.685792 4981.920316 249.174197 0.121453 0.009507 -47.893449 0.889774 -1.087389 1.744431 46.929012 2.599087 76.646910 nan 3.871714 0.000132 719.236979 0.073650
246.501806 2013 1017.503775 18.511997 4507.340541 125.776228 0.126712 0.008787 -47.148350 2.792082 1.784281 1.670151 48.596056 0.548220 79.823580 nan 3.871718 0.000133 719.234992 0.073912
253.501806 2013 695.634479 15.632195 3271.116232 250.526307 0.132948 0.003360 -46.350196 0.948218 0.586871 0.917384 49.627481 0.886549 80.717933 nan 3.871723 0.000133 719.232175 0.074122
260.501806 2013 784.674616 15.973753 3013.803972 218.835998 0.150671 0.010168 -50.340835 3.560656 3.810083 2.502499 64.285063 1.444343 84.482629 nan 3.871730 0.000133 719.228442 0.074317
267.501806 2013 805.454369 15.752776 3489.027271 238.535366 0.140711 0.002883 -46.918854 0.563607 0.888913 0.977209 55.539570 1.390812 86.842713 nan 3.872594 0.000136 718.747935 0.075630
274.501806 2013 1290.788468 26.291615 5471.214221 249.153309 0.147078 0.021010 -64.289796 6.184945 8.118313 4.856395 69.289432 3.527845 64.087280 nan 3.871750 0.000134 719.217783 0.074672
281.501806 2013 1021.437356 19.255251 3678.891098 249.708899 0.141862 0.010880 -52.083486 3.609678 2.467490 2.775095 67.604819 1.940512 78.153478 nan 3.871759 0.000134 719.212740 0.074855
288.501806 2013 1242.726455 23.630563 4171.286299 366.798530 0.138248 0.002425 -45.304039 0.589588 1.204464 0.805510 59.009373 1.021431 83.873050 nan 3.871770 0.000135 719.206656 0.074970
295.501806 2013 632.585312 12.096824 3068.832468 59.028205 0.130787 0.001794 -42.080805 0.457927 0.285299 0.552238 46.438328 0.646550 79.018584 nan 3.871780 0.000135 719.200984 0.075018
302.501806 2013 667.282371 13.217462 2700.083346 137.230545 0.117307 0.003630 -43.755507 0.970656 -0.092458 0.982884 43.198040 0.995113 70.098777 nan 3.871789 0.000135 719.196379 0.075174
309.501806 2013 750.651423 19.773435 2925.779155 362.959898 0.137527 0.009763 -45.137426 3.161884 1.699140 2.175608 45.331542 1.189332 73.806002 nan 3.871795 0.000135 719.192823 0.075247
316.501806 2013 1208.126347 23.264483 4302.685090 274.133820 0.162359 0.016842 -47.368785 5.783683 4.884822 3.453522 50.403786 1.123362 69.750229 nan 3.871799 0.000135 719.190706 0.075354
323.503195 2013 510.347797 11.132051 2726.463338 162.380692 0.143316 0.009520 -44.630622 3.213067 1.888030 1.901851 44.481010 0.590635 76.531015 nan 3.872318 0.000133 718.900671 0.073978
330.501806 2013 545.695210 12.150492 2203.500928 177.898154 0.136035 0.002039 -46.658367 0.494672 -0.660142 0.782069 44.342760 1.069466 80.288233 nan 3.871801 0.000135 719.189316 0.075322
337.501806 2013 570.165192 11.518615 2001.952419 141.573021 0.153753 0.013013 -45.416296 4.483527 2.922849 2.739264 44.222996 0.995000 73.961342 nan 3.871798 0.000135 719.191078 0.075247
344.501806 2013 771.113486 14.039563 2349.976969 169.488822 0.134802 0.002428 -55.659224 0.926617 -0.197941 0.872301 47.025620 0.817985 79.650524 nan 3.871792 0.000135 719.194301 0.075194
351.501806 2013 564.619152 12.631124 2577.543874 184.337746 0.152385 0.015011 -43.294387 1.517168 -1.279604 2.528947 42.383068 3.540726 72.897563 nan 3.871266 0.000133 719.486968 0.074014
358.501806 2013 443.059688 10.086894 1747.911741 140.782564 0.128025 0.011867 -45.772093 1.748624 -1.979504 2.681731 42.359608 3.614838 67.372179 nan 3.871777 0.000135 719.202563 0.075035
7.501806 2014 560.467065 10.242525 1694.909613 114.656406 0.144420 0.009375 -48.674078 0.595900 -1.568532 1.919034 46.827576 3.242167 77.699750 nan 3.871757 0.000135 719.213724 0.075101
14.501806 2014 484.927958 9.655815 1492.917371 131.447095 0.155587 0.011186 -53.628863 0.804944 -2.708209 2.427053 48.138853 4.049161 83.190377 nan 3.870776 0.000130 719.758666 0.072287
21.501806 2014 497.032214 11.026138 1947.176092 155.030358 0.122452 0.006519 -48.095232 1.826590 0.151259 1.862912 45.534487 1.899233 73.365804 nan 3.871741 0.000135 719.222910 0.075282
28.501806 2014 465.657895 10.688419 2312.060477 143.270724 0.117632 0.009267 -44.374582 1.303444 -1.291887 2.070685 44.658841 2.837925 73.312194 nan 3.871734 0.000135 719.226979 0.075324
35.499028 2014 676.320905 12.398370 2214.071101 136.441171 0.154197 0.030870 -43.526885 1.264844 -1.183587 2.335953 51.969840 3.407062 71.834533 nan 3.871762 0.000133 719.210602 0.074090
42.501806 2014 1108.856564 17.351065 3299.195183 123.515933 0.174514 0.022164 -60.640691 1.207232 -0.855269 2.657886 61.879203 4.108539 85.353415 nan 3.871729 0.000136 719.230149 0.075605
49.501806 2014 1329.810125 29.231019 5217.609237 492.840489 0.127134 0.003640 -55.116182 0.962229 -0.696549 1.118804 50.603811 1.275379 77.427057 nan 3.871730 0.000136 719.229649 0.075690
56.501806 2014 1295.314470 27.118594 5557.366682 319.961696 0.128112 0.003858 -46.481903 0.970291 0.113503 1.080701 48.460494 1.191111 77.766717 nan 3.871732 0.000136 719.228276 0.075722
63.501806 2014 678.070068 11.803832 2163.013065 159.791126 0.143650 0.002847 -51.848402 0.726868 0.590134 0.892460 59.311905 1.058053 88.341781 nan 3.871738 0.000136 719.225251 0.075787
70.501806 2014 453.254436 9.504019 1991.725576 154.879086 0.113159 0.005613 -42.650113 1.598220 0.036391 1.663468 45.303494 1.728717 69.077076 nan 3.872549 0.000138 718.774298 0.077004
77.501806 2014 450.510728 10.249535 2157.620498 137.193655 0.109156 0.005894 -45.226864 1.758492 -0.164325 1.789606 46.194966 1.820720 66.391259 nan 3.871756 0.000136 719.215117 0.076063
84.501806 2014 511.326420 10.641896 1960.271287 150.648251 0.132077 0.002775 -46.308724 0.983576 1.064557 0.897872 53.566093 0.812168 80.324802 nan 3.871766 0.000137 719.209877 0.076210
91.501806 2014 547.143387 11.650804 2541.679046 162.176346 0.150088 0.018138 -45.837247 0.666025 -0.516890 1.137972 63.138804 1.609919 79.326341 nan 3.872304 0.000136 718.909488 0.075566
98.501806 2014 663.916217 17.980445 3159.847300 363.650802 0.124651 0.003557 -43.731267 0.981248 -0.056618 1.135679 53.289820 1.290110 75.307407 nan 3.871789 0.000137 719.197025 0.076559
112.501806 2014 885.070931 15.103059 2305.822383 137.811736 0.140408 0.002901 -47.614168 0.686551 0.634979 0.965909 66.955129 1.245266 83.983349 nan 3.871809 0.000139 719.186223 0.077216
119.501806 2014 942.903624 19.536656 2596.536639 236.963107 0.136138 0.003509 -46.240748 0.985925 0.177420 1.043347 50.183134 1.100768 80.790410 nan 3.871817 0.000139 719.182324 0.077444
126.503195 2014 941.537947 19.836951 2950.253679 277.285558 0.130693 0.002815 -46.228175 0.779678 0.052503 0.838072 48.801333 0.896466 77.746125 nan 3.871965 0.000135 719.098014 0.075465
133.501806 2014 649.955778 10.978453 2046.123113 74.959642 0.130993 0.001772 -48.994675 0.578928 -0.257885 0.664508 45.309349 0.750088 77.937702 nan 3.871825 0.000140 719.178448 0.078275
140.501806 2014 504.343700 11.064795 2186.756765 123.092363 0.110567 0.004391 -47.045180 1.142897 0.168374 1.254627 50.076866 1.366358 66.046695 nan 3.871824 0.000141 719.179452 0.078711
154.501806 2014 413.749892 8.754600 1670.481113 115.644841 0.111339 0.006468 -52.603498 2.047526 0.705501 1.916324 48.622034 1.785123 66.358519 nan 3.871816 0.000142 719.183778 0.079215
161.501806 2014 616.661775 13.811468 2228.698140 266.757206 0.133566 0.008140 -52.421166 3.142004 1.270112 1.916466 47.803497 0.690928 80.650001 nan 3.871809 0.000143 719.187991 0.079507
168.501806 2014 488.575105 9.029026 1534.048147 73.523563 0.120964 0.005511 -45.460930 1.680072 0.133277 1.712013 50.058320 1.743954 71.765430 nan 3.871800 0.000144 719.193677 0.079981
175.501806 2014 345.019056 6.315220 1042.242872 68.930116 0.119361 0.004355 -43.216930 1.325471 -0.066054 1.263056 40.991916 1.200642 71.384150 nan 3.871790 0.000144 719.199635 0.080501
182.503195 2014 335.034346 6.569823 1117.117045 75.759946 0.123369 0.003840 -46.093703 1.177445 0.115887 1.159008 43.748911 1.140571 74.053040 nan 3.871777 0.000146 719.207328 0.081095
189.501806 2014 307.204667 6.325274 1079.925836 71.992495 0.103261 0.006848 -62.020112 2.344996 0.097275 2.101623 42.110713 1.858251 62.140402 nan 3.871770 0.000146 719.211326 0.081392
196.501806 2014 390.857406 7.335130 1371.744761 71.265076 0.122401 0.006282 -51.652017 1.839957 0.383820 1.829596 52.404872 1.819234 73.411336 nan 3.871760 0.000147 719.217012 0.081882
203.501806 2014 322.811345 7.714519 1664.643074 89.816136 0.045618 0.015247 -42.471813 2.848662 2.949007 2.116022 40.901217 1.383383 41.710492 nan 3.871754 0.000148 719.221055 0.082391
210.501806 2014 385.839658 8.233871 1417.184988 97.886479 0.088140 0.011734 -46.079540 3.289219 2.601818 2.633105 45.703861 1.976991 56.925814 nan 3.871749 0.000149 719.224058 0.082963
217.501806 2014 595.575385 8.837271 1553.007481 36.370239 0.137887 0.003035 -47.643918 0.765074 0.701978 0.742016 48.314526 0.718958 82.776064 nan 3.871747 0.000149 719.225818 0.083295
224.501806 2014 494.882981 8.357293 1455.815969 69.074455 0.131623 0.005011 -55.732467 0.746456 -1.639189 2.137527 51.921938 3.528599 79.996344 nan 3.871746 0.000150 719.226266 0.083690
231.501806 2014 525.167820 9.161157 1657.937431 60.502090 0.123739 0.004746 -47.943978 1.537603 0.690989 1.482147 51.875633 1.426690 75.630857 nan 3.871749 0.000151 719.224951 0.083993
238.503195 2014 1070.542896 23.962542 3870.785972 308.305482 0.078062 0.019823 -42.818198 1.045520 -4.016414 2.654111 44.972025 4.262701 66.137036 nan 3.871986 0.000152 719.093339 0.084512
245.501806 2014 1121.472660 18.722654 2968.893577 112.849600 0.134589 0.003041 -45.638298 0.750472 0.621803 0.784126 56.040631 0.817779 81.743805 nan 3.871763 0.000152 719.217628 0.084553
252.501806 2014 824.015479 15.941827 2894.435041 190.450969 0.132612 0.003165 -56.123662 0.961834 -1.046104 1.207487 55.705259 1.453140 80.859587 nan 3.871772 0.000152 719.212902 0.084840
259.501806 2014 802.571112 17.787456 3195.312230 281.202886 0.128266 0.010585 -42.566351 3.197170 1.852679 2.078023 46.000106 0.958876 69.958079 nan 3.871783 0.000153 719.206658 0.084992
266.501806 2014 1191.282512 22.780742 3463.303123 257.450909 0.133977 0.002969 -45.985980 0.720228 0.981554 1.011941 63.462361 1.303655 81.646407 nan 3.871796 0.000153 719.199999 0.085227
273.501806 2014 1269.262154 20.626097 3528.021608 85.551074 0.128215 0.002425 -43.323390 0.578592 0.104251 0.588569 44.556793 0.598546 77.267658 nan 3.871807 0.000153 719.193560 0.085402
280.501806 2014 925.137493 16.831251 3531.680648 158.716806 0.135443 0.009403 -45.360299 0.838248 -1.655957 1.926226 45.189957 3.014203 73.540613 nan 3.871819 0.000154 719.187388 0.085582
287.501806 2014 1199.417269 22.993247 4533.292289 263.074350 0.139344 0.008891 -44.411356 2.985756 1.343277 1.786677 45.611665 0.587599 75.216399 nan 3.871828 0.000154 719.182213 0.085760
294.501806 2014 1677.011893 28.186405 4907.482680 291.011138 0.142505 0.010467 -49.383037 3.481033 1.038475 2.268839 50.010975 1.056646 76.009702 nan 3.870869 0.000156 719.717550 0.086743
301.501806 2014 1248.827996 21.529751 4510.791290 105.118257 0.128523 0.001982 -51.349063 0.728273 -0.777207 0.724519 42.929083 0.720764 76.613876 nan 3.871842 0.000154 719.174848 0.086028
308.501806 2014 1430.366879 29.600788 6088.517311 336.165130 0.147085 0.012816 -42.965270 4.282692 3.496707 2.429707 43.631439 0.576722 70.486017 nan 3.871844 0.000155 719.173847 0.086107
315.501806 2014 1225.827073 25.117461 4720.789830 377.172141 0.132228 0.011569 -48.146561 2.996020 0.162398 2.832384 43.547120 2.668749 72.706421 nan 3.871843 0.000154 719.174366 0.086082
322.501806 2014 1432.566036 23.874754 4089.364947 191.268393 0.133720 0.012982 -55.620054 0.897750 -3.296398 2.544116 45.188345 4.190482 73.111583 nan 3.871840 0.000155 719.176067 0.086099
329.501806 2014 833.529354 15.421462 3573.448454 129.462015 0.136805 0.008887 -42.471141 0.513485 -1.330126 1.671762 41.289637 2.830039 73.226266 nan 3.871834 0.000154 719.179399 0.086060
336.501806 2014 1002.534180 18.224314 3904.704401 138.173004 0.161747 0.017191 -52.655720 3.543765 -2.366379 4.173392 45.334096 4.803019 67.748906 nan 3.871824 0.000154 719.184616 0.086001
343.472639 2014 2112.429297 45.567342 6204.129630 224.278154 0.141232 0.023628 -48.134472 6.468335 4.005363 5.952840 57.060782 5.437344 56.895927 nan 3.871823 0.000153 719.185443 0.085347
350.501806 2014 1215.721468 21.242401 4346.286436 96.492052 0.133894 0.001942 -45.383887 0.461137 0.424093 0.519704 49.600227 0.578272 78.490679 nan 3.871700 0.000153 719.253602 0.085309
357.501806 2014 1291.363768 25.555665 4982.943893 262.897055 0.126620 0.003897 -45.570335 0.872279 0.425814 0.886429 43.135116 0.900579 74.474222 nan 3.871687 0.000153 719.260420 0.085314
6.501806 2015 1843.537230 37.799033 7802.015320 388.970895 0.126166 0.010880 -52.950289 4.761467 4.077962 2.890823 46.808410 1.020179 68.171061 nan 3.871669 0.000154 719.270771 0.085581
13.501806 2015 932.132532 17.368729 3997.383495 144.224474 0.135006 0.002431 -47.478683 0.509493 0.114148 0.558777 49.250102 0.608060 80.623284 nan 3.871662 0.000154 719.274866 0.085705
20.501806 2015 839.707351 17.089053 4082.388597 133.421992 0.130376 0.003486 -53.036181 0.983339 0.097686 0.875143 45.675292 0.766947 77.975522 nan 3.871657 0.000154 719.277962 0.085838
27.501806 2015 1047.132098 18.847712 4116.179549 123.624431 0.110750 0.013111 -45.542354 0.687948 -2.302104 2.046469 44.322385 3.404990 72.489575 nan 3.871653 0.000154 719.280015 0.085913
34.501806 2015 1628.080179 27.840564 5519.364412 202.578486 0.144687 0.010866 -47.744444 3.140103 2.261768 2.038926 54.230316 0.937749 77.931499 nan 3.871654 0.000154 719.279655 0.086001
41.501806 2015 882.079522 17.832916 4164.201283 81.235651 0.126208 0.003502 -45.701534 0.753417 0.242810 0.814592 47.225902 0.875766 76.312556 nan 3.871657 0.000154 719.278068 0.086089
48.501806 2015 1058.606962 22.118815 4480.197704 251.271244 0.120137 0.003832 -43.542725 0.978574 0.085008 1.003246 44.244091 1.027918 72.625191 nan 3.871662 0.000155 719.274961 0.086175
55.501806 2015 1158.642101 23.104087 4719.668068 279.582181 0.129192 0.004356 -45.597936 0.937024 -0.118622 1.065257 48.360041 1.193489 77.663623 nan 3.871669 0.000155 719.271066 0.086205
62.501806 2015 1833.772042 35.592070 7010.865817 394.901654 0.123481 0.010720 -45.462195 0.773120 -1.079467 1.920428 59.066783 3.067737 77.384488 nan 3.871679 0.000155 719.265560 0.086295
69.501806 2015 1168.510372 20.353411 4356.996337 112.722639 0.136298 0.003819 -46.510578 0.843067 0.298533 0.855140 48.961816 0.867212 81.812881 nan 3.871692 0.000155 719.258648 0.086378
76.501806 2015 2635.401883 62.633240 11110.260271 1096.518807 0.130528 0.004699 -44.084575 1.160388 2.155064 1.196796 55.455413 1.233204 77.302614 nan 3.871704 0.000155 719.252057 0.086548
83.501806 2015 3003.248587 57.505244 11012.229531 570.368561 0.140092 0.010621 -48.674003 5.125556 4.243252 3.261707 67.344883 1.397858 76.136236 nan 3.871716 0.000156 719.245790 0.086753
90.501806 2015 1465.877609 27.273830 5530.979772 111.685439 0.125231 0.002879 -45.645156 0.527955 0.258901 0.650675 47.535222 0.773396 74.870209 nan 3.871727 0.000156 719.239774 0.087013
97.501806 2015 1239.377167 25.087540 5051.874362 302.442167 0.124975 0.014315 -54.995560 2.989261 -2.246928 3.691961 47.674928 4.394661 69.565622 nan 3.871739 0.000157 719.233354 0.087320
104.501806 2015 2373.793271 51.311837 9603.609833 747.816557 0.113145 0.012744 -46.676124 2.468516 -0.088977 2.491527 46.619887 2.514538 73.020703 nan 3.871747 0.000157 719.228835 0.087667
111.501806 2015 2271.767017 41.694421 8306.719740 348.762092 0.167221 0.016150 -47.848284 5.816292 5.777474 3.362025 50.938990 0.907758 72.385230 nan 3.871753 0.000158 719.225962 0.088044
118.501806 2015 1127.920604 22.974698 5248.313491 144.780877 0.126620 0.002516 -46.634688 0.677750 -0.120321 0.654649 44.978900 0.631547 75.359812 nan 3.871757 0.000159 719.224124 0.088511
125.501806 2015 1149.004034 23.941834 5280.221617 220.216116 0.141802 0.008504 -45.055401 2.749498 1.197409 1.741049 43.262179 0.732600 76.566303 nan 3.871758 0.000159 719.223498 0.088603
132.501806 2015 1993.542544 39.680991 7693.503308 449.551423 0.138275 0.009598 -45.240011 3.147161 1.365125 2.074481 45.588306 1.001801 73.350779 nan 3.871756 0.000160 719.224995 0.088938
139.501806 2015 1360.625003 25.637697 5437.903650 204.774200 0.154142 0.013117 -47.308657 3.277519 -0.372003 3.341757 46.211405 3.405995 74.152377 nan 3.871751 0.000160 719.228286 0.089273
146.501806 2015 695.896340 16.828827 4332.390380 117.153829 0.125239 0.009163 -40.074784 2.555516 1.201909 1.630118 40.628225 0.704720 67.375498 nan 3.871744 0.000161 719.232679 0.089699
153.501806 2015 636.563505 15.854364 4114.483703 117.241177 0.114232 0.004608 -44.387207 1.427818 -0.361744 1.404968 42.124397 1.382117 68.223708 nan 3.871736 0.000162 719.237159 0.090245
160.501806 2015 1579.974290 28.961066 5621.408820 330.744367 0.142084 0.011529 -69.110439 2.059265 -2.238876 2.821209 49.060499 3.583154 74.986196 nan 3.871724 0.000162 719.243964 0.090409
174.501806 2015 2616.204643 56.882946 11408.538951 913.093395 0.140511 0.014372 -63.571379 1.419240 -3.866235 2.840322 47.377677 4.261403 78.055012 nan 3.871702 0.000164 719.257253 0.091295
181.501806 2015 1927.364438 35.936651 7885.943542 245.383359 0.139431 0.002122 -45.774362 0.419746 -0.322601 0.507200 46.641084 0.594654 82.670319 nan 3.871693 0.000165 719.262890 0.091819
188.501806 2015 1529.309021 30.878500 6382.275319 406.106312 0.135881 0.003005 -48.384213 0.842164 0.023700 0.767131 44.407222 0.692098 80.708345 nan 3.871683 0.000166 719.268531 0.092449
195.501806 2015 1972.585992 37.257136 7199.315075 485.108749 0.142724 0.003010 -51.148363 0.937024 0.835161 0.814997 52.212833 0.692971 84.843356 nan 3.871677 0.000167 719.272749 0.092997
202.501806 2015 1447.882441 31.255021 6123.460574 464.251571 0.131045 0.002948 -45.966016 0.760171 0.547029 0.732371 46.860237 0.704571 78.327405 nan 3.871673 0.000168 719.275243 0.093555
209.501806 2015 1253.545197 21.272828 4824.272945 187.173832 0.136344 0.003548 -45.284768 0.786587 0.457280 0.769389 47.517484 0.752190 81.116286 nan 3.871672 0.000168 719.276245 0.093801
216.501806 2015 1294.486524 24.540703 5287.719307 264.680986 0.150243 0.010031 -49.611372 0.734653 -1.756653 2.083519 46.393388 3.432386 81.063040 nan 3.871673 0.000169 719.275984 0.094208
223.501806 2015 1396.634187 25.459085 5746.750291 242.782816 0.132291 0.003827 -45.227363 0.784920 0.780678 0.938475 49.717270 1.092030 79.343726 nan 3.871677 0.000170 719.274065 0.094560
230.501806 2015 3078.432574 58.475835 11337.117134 404.781146 0.810902 0.375633 -48.089351 0.859735 -3.618394 2.682536 57.523630 4.505337 73.790610 nan 3.871684 0.000170 719.270156 0.094880
237.503195 2015 2388.380141 52.541885 10057.197553 674.824800 0.117698 0.006954 -45.763023 3.884900 3.938043 2.810594 64.753591 1.736287 70.789796 nan 3.871690 0.000171 719.267070 0.095089
244.501806 2015 2041.619369 39.369353 7699.899937 493.930462 0.091506 0.018360 -45.700072 0.624169 -5.968832 3.050866 46.892719 5.477562 68.868951 nan 3.871705 0.000171 719.258903 0.095344
251.501806 2015 2999.313054 63.075726 11349.410537 820.485792 0.122098 0.015489 -48.265708 4.991269 6.877239 3.514127 65.348923 2.036984 70.986655 nan 3.871717 0.000172 719.252510 0.095574
258.501806 2015 2428.740084 43.215625 8686.526605 318.631557 0.131226 0.008765 -47.582752 2.919316 2.271476 2.243913 67.196154 1.568509 81.359925 nan 3.871731 0.000172 719.245190 0.095974
265.501806 2015 2098.165292 41.340994 8059.865559 551.184335 0.098227 0.023876 -46.294866 3.609448 -2.947946 4.392617 51.992912 5.175786 62.168331 nan 3.871744 0.000172 719.238010 0.096067
272.501806 2015 1087.945893 20.576266 4638.364241 203.486098 0.128163 0.013408 -43.847957 3.062726 -0.663057 3.076398 47.848335 3.090071 70.566322 nan nan nan nan nan
279.501806 2015 3033.354489 62.430794 11609.196931 846.622821 0.146307 0.014133 -48.509056 3.268584 0.779019 3.470013 64.695933 3.671441 70.956721 nan 3.871765 0.000173 719.226351 0.096462
286.501806 2015 3264.292724 59.811007 11815.437226 268.362120 0.120235 0.011522 -58.044962 3.693215 2.397554 2.210991 47.754116 0.728766 76.240782 nan 3.871774 0.000173 719.221469 0.096590
293.501806 2015 1974.274827 38.082430 7645.449102 403.448533 0.144633 0.008790 -46.766152 0.625127 -1.986417 1.775725 45.396142 2.926323 77.540509 nan 3.871780 0.000174 719.218455 0.096940
300.501806 2015 991.092382 20.307345 4692.582953 155.130556 0.128266 0.002939 -45.343417 0.905989 0.032543 0.871865 44.993585 0.837741 76.421006 nan 3.871783 0.000174 719.216733 0.096946
307.501806 2015 2348.116348 49.129017 8622.223069 752.210575 0.134440 0.020768 -57.556794 3.404138 -6.553836 4.709390 54.794532 6.014643 62.223991 nan 3.871782 0.000174 719.217298 0.096941
314.501806 2015 3374.919884 60.275541 11933.304569 322.776359 0.201495 0.028935 -50.609598 7.252060 -0.177436 7.112680 50.949657 6.973300 53.474965 nan 3.871777 0.000174 719.220065 0.096830
321.501806 2015 1989.232958 37.979416 8320.999643 227.556999 0.151130 0.019508 -50.899144 4.514951 -0.521523 4.457162 44.650959 4.399374 66.075556 nan 3.871769 0.000174 719.224386 0.096773
328.501806 2015 1115.881659 26.036755 6490.460693 134.453558 0.117010 0.001875 -38.422874 0.565917 0.037107 0.580915 38.923682 0.595913 69.572992 nan 3.871761 0.000173 719.229042 0.096659
335.501806 2015 1277.639281 24.146560 5416.852732 245.136109 0.139417 0.009693 -43.717529 0.988896 -1.479614 2.020451 44.076168 3.052006 73.598793 nan 3.871750 0.000173 719.235055 0.096604
342.501806 2015 1758.845604 27.875330 5887.751143 139.069533 0.171388 0.028624 -54.261168 6.423154 -3.821466 6.939941 65.986130 7.456728 53.970419 nan 3.871737 0.000173 719.242200 0.096544
349.501806 2015 1422.045080 26.098848 5547.972694 313.134061 0.147198 0.009830 -49.862782 0.982040 -1.874975 2.134744 46.118826 3.287449 78.056925 nan 3.871724 0.000173 719.249421 0.096596
356.501806 2015 2485.759236 50.862480 10577.965731 543.729795 0.122298 0.020537 -47.082076 3.006009 -2.532919 3.771615 48.424827 4.537222 63.807421 nan 3.871713 0.000173 719.256008 0.096663
5.501806 2016 2330.607369 42.784103 8450.921805 406.771858 0.152701 0.009623 -51.895143 0.677648 -1.619118 1.996159 49.767956 3.314669 81.857692 nan 3.871695 0.000174 719.265750 0.096859
12.501806 2016 1389.610128 24.597241 5817.960202 107.148249 0.144422 0.003412 -51.043490 0.600322 0.306537 0.663623 56.227986 0.726923 85.849198 nan 3.871690 0.000174 719.269173 0.097034
19.501806 2016 1591.008076 33.640764 6649.954171 397.025255 0.126105 0.004785 -48.632139 1.329908 0.738710 1.178477 53.212352 1.027045 75.236194 nan 3.871688 0.000174 719.270183 0.097137
26.501806 2016 1153.338110 20.006202 3678.950822 173.771988 0.131610 0.004752 -52.695957 1.259602 0.083301 1.263834 51.431536 1.268065 79.143254 nan 3.871690 0.000175 719.269245 0.097261
33.501806 2016 648.595380 11.714331 2171.188771 133.919495 0.123893 0.005000 -46.990731 1.217797 0.456421 1.315985 55.304031 1.414173 74.459884 nan 3.871693 0.000175 719.267481 0.097314
40.501806 2016 1042.762835 19.474864 3442.800969 232.467173 0.105252 0.013219 -45.493469 0.742550 -3.675654 2.248356 44.569800 3.754161 70.901985 nan 3.871700 0.000175 719.263706 0.097465
47.501806 2016 2285.705516 47.404757 8081.575551 719.798929 0.096256 0.018142 -47.048845 2.827439 -2.919748 3.841400 58.375705 4.855361 70.773759 nan 3.871710 0.000175 719.258049 0.097514
54.501806 2016 1735.304799 32.434251 6613.139014 201.981816 0.132345 0.002556 -43.042408 0.405972 0.257530 0.396142 44.610239 0.386311 79.321285 nan 3.871723 0.000175 719.251207 0.097581
61.501806 2016 961.126301 20.472722 4804.942227 125.363499 0.124330 0.002916 -44.686680 0.784463 0.509682 0.878734 52.642374 0.973005 75.231592 nan 3.871736 0.000175 719.243958 0.097766
68.501806 2016 1741.128190 34.232220 6887.388682 354.659888 0.136638 0.010461 -43.921128 1.043617 -1.927888 2.169752 46.677214 3.295886 72.439562 nan 3.871750 0.000176 719.236438 0.098005
75.501806 2016 1901.657549 34.046297 6016.578358 250.258383 0.104465 0.017185 -50.244708 4.422671 1.953774 3.682034 63.983991 2.941398 72.689491 nan 3.871765 0.000176 719.228222 0.098244
82.531806 2016 1645.243585 34.823263 6868.301976 1088.702936 0.129889 0.013605 -65.567436 1.326936 -7.209704 3.781556 59.178639 6.236175 72.466183 nan 3.871929 0.000176 719.137079 0.097951
89.501806 2016 966.909559 16.696036 3235.828650 216.334173 0.153022 0.016696 -63.991352 4.085137 -6.001591 5.222221 72.745363 6.359304 57.504497 nan nan nan nan nan
96.501806 2016 1656.759031 30.514373 6075.076864 284.290257 0.127803 0.004577 -67.483702 1.138012 -2.327422 2.221158 43.160146 3.304304 75.970265 nan 3.871801 0.000179 719.209425 0.099491
103.501806 2016 1816.902029 36.574570 6080.492294 409.770337 0.141437 0.012497 -69.905188 1.872833 -4.084949 2.841870 49.087438 3.810906 78.848993 nan 3.871806 0.000179 719.206626 0.099542
110.501806 2016 1552.152929 30.348230 5941.371067 375.773875 0.157142 0.013255 -67.871520 1.818597 -4.444509 3.090277 51.397278 4.361957 77.706663 nan 3.871810 0.000179 719.204638 0.099969
117.501806 2016 904.439859 15.728970 2889.763509 201.429409 0.147354 0.001938 -57.889472 1.022105 -0.374195 0.892204 58.104827 0.762303 87.388421 nan 3.871809 0.000180 719.205597 0.100184
124.501806 2016 2129.233974 39.386736 6847.865705 455.998465 0.142312 0.009481 -48.748632 4.096966 2.655209 2.456872 47.859955 0.816777 76.393703 nan 3.871805 0.000181 719.208256 0.100635
131.501806 2016 3152.390216 59.315740 11659.918151 455.779395 0.154142 0.013716 -53.166655 3.431585 -0.934957 3.522351 43.980824 3.613118 73.930396 nan 3.871799 0.000181 719.211835 0.100970
138.501806 2016 1879.380957 34.181276 7342.628140 172.709801 0.137955 0.001356 -44.110736 0.454136 0.466019 0.498795 47.701505 0.543454 81.009323 nan 3.871790 0.000182 719.217323 0.101279
145.501806 2016 1245.592581 24.761872 5930.048761 139.677162 0.149474 0.009484 -52.456701 3.175694 2.027851 1.943695 48.784718 0.711696 80.011329 nan 3.871778 0.000182 719.224418 0.101675
152.501806 2016 1274.194987 21.849651 5014.416182 216.172419 0.157497 0.009138 -68.394680 3.552157 2.311333 2.242852 53.605951 0.933546 84.502855 nan 3.871764 0.000183 719.232150 0.102111
159.501806 2016 1849.661870 34.888152 6820.562278 340.419015 0.125831 0.008544 -64.394439 5.367957 3.955296 4.375750 59.340064 3.383544 73.621852 nan 3.871753 0.000184 719.239177 0.102547
166.501806 2016 1372.925374 24.312638 5336.022500 217.037278 0.150671 0.009643 -47.337984 0.686599 -1.472413 2.005768 50.126129 3.324937 79.784120 nan 3.871740 0.000185 719.246445 0.103015
173.501806 2016 1088.885191 19.629192 4410.293066 187.067001 0.143856 0.002693 -51.347484 0.636474 -0.372258 0.673455 47.640893 0.710435 84.944687 nan 3.871729 0.000186 719.253452 0.103555
180.501806 2016 1094.550084 19.258371 4550.374854 161.705431 0.144319 0.002762 -48.412958 0.689003 0.760162 0.612055 47.440615 0.535107 85.122225 nan 3.871719 0.000187 719.259179 0.104072
187.501806 2016 1179.276811 23.223149 4792.089329 211.387395 0.116736 0.012595 -64.351768 4.221707 1.326418 3.758704 52.327015 3.295700 73.720417 nan 3.871714 0.000188 719.262430 0.104594
194.501806 2016 1704.322095 27.190671 5607.958283 148.608485 0.128522 0.012886 -49.033130 4.074753 4.047712 2.555993 67.046166 1.037233 81.216129 nan 3.871711 0.000188 719.264582 0.105015
201.501806 2016 1138.571904 20.710869 4066.864168 227.605322 0.074953 0.012129 -68.282011 6.659713 7.090721 5.990876 68.371799 5.322038 52.003867 nan 3.871711 0.000189 719.265441 0.105477
208.501806 2016 1625.746511 28.748792 5356.605753 247.799059 0.058469 0.011498 -68.133478 6.117881 -5.580415 6.353783 68.156238 6.589684 43.089130 nan 3.871714 0.000190 719.263993 0.105810
215.501806 2016 1764.426881 32.994134 6187.811723 417.752253 0.058552 0.014976 -58.130063 6.424979 12.178203 5.258808 58.176394 4.092636 52.314626 nan 3.871722 0.000191 719.259815 0.106349
222.501806 2016 1983.594399 30.984297 5726.335592 247.760300 0.085653 0.019802 -64.492801 6.236332 -5.290687 6.703950 63.636480 7.171567 54.345281 nan 3.871732 0.000191 719.254550 0.106340
229.501806 2016 1251.515192 21.718003 4681.040064 225.715371 0.074717 0.014660 -64.422557 5.856267 3.275011 6.272840 68.339529 6.689413 60.442181 nan 3.871743 0.000191 719.248663 0.106645
243.501806 2016 1957.131008 42.859089 6859.848838 752.398933 0.156420 0.013022 -46.684941 3.438881 1.174210 3.494336 63.117349 3.549792 77.277672 nan 3.871773 0.000192 719.232431 0.107096
250.499028 2016 3110.064100 50.940652 10004.461338 302.959365 0.161921 0.031875 -49.342437 0.848787 -1.745099 2.966047 69.438137 5.083307 80.450840 nan 3.871755 0.000189 719.240579 0.105520
257.501806 2016 1569.407609 31.126727 7107.212852 253.707777 0.073070 0.020953 -66.737293 1.369837 -12.078360 3.728854 43.311764 6.087871 56.996657 nan 3.871801 0.000193 719.217223 0.107549
264.501806 2016 1266.059106 23.826070 5595.501972 247.255812 0.140203 0.019252 -64.703770 3.869559 -3.759751 4.493653 58.813796 5.117746 73.959381 nan 3.871798 0.000193 719.218788 0.107650
271.501806 2016 2995.222283 57.343402 9975.467970 668.060801 0.092747 0.022237 -52.110914 4.055563 -9.130263 5.310947 65.967326 6.566331 56.680948 nan 3.871824 0.000194 719.204443 0.107917
278.501806 2016 2959.946621 53.718309 10508.000324 385.908070 0.135940 0.020328 -66.343684 7.201402 5.501688 5.747662 66.855166 4.293922 64.266031 nan 3.871831 0.000194 719.200783 0.108001
285.501806 2016 2151.681288 43.775086 9026.355673 513.007553 0.132897 0.012149 -46.120842 2.974876 0.099522 3.037633 53.465783 3.100391 73.369051 nan 3.871833 0.000194 719.199664 0.108118
292.501806 2016 2559.842922 42.017043 8561.046632 293.925809 0.192913 0.022335 -61.550181 8.554450 12.107040 4.923543 66.928512 1.292636 66.864479 nan 3.871833 0.000194 719.199692 0.108088
299.501806 2016 3093.121915 62.278759 11058.015052 734.008820 0.141321 0.019525 -66.468130 5.200071 -2.750156 5.766302 63.721243 6.332533 62.283371 nan 3.871830 0.000194 719.201674 0.108070
306.501806 2016 2823.421721 51.019378 10333.503406 333.073921 0.160159 0.012927 -51.382044 3.514626 0.194143 3.403408 55.858692 3.292191 76.261963 nan 3.871822 0.000194 719.206057 0.107948
313.501806 2016 1565.626696 30.254094 6774.483233 257.617122 0.107369 0.013527 -45.831428 4.389859 1.338364 3.831943 57.612196 3.274027 68.015275 nan 3.871810 0.000194 719.212524 0.107897
327.467084 2016 1451.273215 30.896077 5316.290909 962.802753 0.129093 0.024864 -65.121825 4.231186 -8.308174 5.734651 48.873060 7.238117 54.656187 nan 3.871807 0.000192 719.213970 0.107189
334.501806 2016 1487.677748 24.448777 4890.332772 158.138770 0.166978 0.016908 -64.844080 1.042254 -6.723117 4.035597 65.821665 7.028941 71.656500 nan 3.871770 0.000193 719.234634 0.107730
341.501806 2016 1282.965856 22.985246 4871.753451 183.312974 0.151419 0.013490 -58.666868 3.406049 -0.436370 3.280733 44.612151 3.155417 72.809762 nan 3.871756 0.000193 719.242379 0.107801
348.501806 2016 1447.743964 23.034505 5101.665748 140.308922 0.145862 0.003255 -59.007319 0.984079 -0.541839 0.822313 54.573243 0.660548 85.862492 nan 3.871745 0.000194 719.248506 0.107876
355.501806 2016 1734.940589 33.556351 6211.685936 367.943156 0.140872 0.004212 -62.141316 1.213388 -0.929398 0.958307 48.467258 0.703226 82.733119 nan 3.871735 0.000194 719.254411 0.108052
362.501806 2016 1931.589045 31.953449 6546.155619 124.845716 0.142621 0.003410 -52.672195 0.749829 -0.404085 0.798549 50.213258 0.847268 84.225961 nan 3.871728 0.000194 719.258425 0.108184
