104.501389 2015 1591.588249 37.143018 5938.300157 690.580286 0.121178 0.003474 -48.002279 1.074554 -9.263938 1.224905 37.953618 1.375256 62.836109 nan 3.871854 0.000004 719.133756 0.002144
111.501389 2015 1472.482415 27.327376 4839.650639 332.866602 0.144847 0.009553 -51.365363 0.762898 -10.239252 1.533987 39.577431 2.305075 65.738875 nan 3.871851 0.000004 719.135320 0.002333
118.501389 2015 518.324976 9.412547 1703.906463 80.905890 0.115408 0.002919 -50.421902 0.899759 -11.525733 1.181390 34.149349 1.463021 56.579650 nan 3.871850 0.000004 719.135645 0.002434
125.501389 2015 485.304183 9.786398 1490.101509 143.773618 0.126521 0.002968 -47.887612 0.896025 -11.200121 1.237043 33.567387 1.578061 58.648351 nan 3.871848 0.000005 719.136787 0.002760
132.501389 2015 1194.322005 27.229639 5304.482243 693.905918 0.121071 0.004137 -46.540436 1.065239 -10.786656 1.255122 31.396054 1.445006 53.764257 nan 3.871846 0.000005 719.138269 0.003059
139.501389 2015 692.183359 12.954645 2116.464892 173.465496 0.139806 0.009706 -44.378240 0.858775 -11.485275 1.381796 28.041015 1.904817 52.290514 nan 3.871842 0.000006 719.140458 0.003066
146.501389 2015 149.713356 2.347287 350.204819 16.866219 0.101836 0.004276 -38.471518 0.911453 -10.522868 1.120155 23.056385 1.328857 41.372278 nan 3.871840 0.000006 719.141286 0.003144
160.501389 2015 873.534935 17.064038 2885.680979 146.283105 -0.105837 0.068172 -36.687770 1.299492 -6.977530 1.708087 27.427348 2.116682 37.967002 nan 3.871835 0.000006 719.144227 0.003541
168.102778 2015 836.239560 12.503095 2430.836409 170.870963 0.145286 0.013259 -34.564719 0.983385 -5.523951 1.715191 24.801303 2.446997 44.078684 nan 3.871917 0.000005 719.098446 0.002658
174.503415 2015 1913.911404 44.500801 9648.261978 802.123781 0.122349 0.020657 -31.504501 0.837404 -5.941738 2.108630 29.595451 3.379856 37.658486 nan 3.871831 0.000006 719.146389 0.003470
181.503415 2015 1150.795407 20.122608 3958.522270 149.091113 0.137270 0.001611 -30.701949 0.667836 -0.142772 0.696119 28.116837 0.724402 48.266647 nan 3.871828 0.000006 719.147879 0.003463
188.503415 2015 781.660544 16.537355 2133.087549 263.838852 0.128729 0.002379 -27.750335 0.697526 2.345910 0.670778 31.388892 0.644030 46.991625 nan 3.871825 0.000006 719.149640 0.003441
195.503415 2015 1126.142075 22.937709 2976.277690 326.157562 0.165658 0.015786 -31.590269 3.117585 6.871008 1.920516 35.605529 0.723447 45.756511 nan 3.871822 0.000006 719.151233 0.003374
202.503415 2015 806.897501 20.384198 2228.095197 317.721413 0.141695 0.013412 -28.378411 2.261154 7.108824 1.517291 37.707781 0.773428 46.683712 nan 3.871819 0.000006 719.152875 0.003220
209.503415 2015 499.242328 7.457895 1311.873464 54.473761 0.151129 0.013576 -30.991684 2.500953 7.840302 1.585483 40.099204 0.670013 52.529530 nan 3.871818 0.000006 719.153381 0.003158
216.503415 2015 513.076276 12.204082 1419.459076 175.884393 0.156628 0.013431 -29.481214 2.499619 8.976341 1.559308 42.407722 0.618997 57.133441 nan 3.871816 0.000005 719.155010 0.003042
223.503415 2015 624.450465 13.418603 2004.954118 196.170569 0.141361 0.009261 -32.542350 1.980879 7.573016 1.297351 41.980902 0.613823 60.408745 nan 3.871812 0.000005 719.157039 0.002884
230.503415 2015 2806.490328 56.070058 10405.491276 674.113365 0.150308 0.013109 -35.434740 2.641720 8.403830 1.746713 46.753421 0.851706 61.212711 nan 3.871809 0.000005 719.158602 0.002701
237.503415 2015 2001.590742 49.249800 9177.772863 1031.954461 0.108801 0.011195 -34.670695 2.211829 6.546122 1.797480 48.209410 1.383131 58.106374 nan 3.871807 0.000005 719.159648 0.002580
244.503415 2015 2101.454996 32.064061 5395.391168 581.008080 0.132368 0.002815 -37.547765 1.561159 4.774696 1.320223 47.974737 1.079287 68.728254 nan 3.871781 0.000004 719.174010 0.002180
251.503415 2015 2570.041114 62.842199 11131.669939 1118.119915 0.121166 0.004843 -45.525142 2.099286 3.052456 1.795348 49.126337 1.491410 65.373232 nan 3.871801 0.000004 719.163154 0.002432
258.503415 2015 1765.430346 31.340370 5572.040457 321.548972 0.136395 0.003598 -44.485614 1.776749 1.916806 1.615760 49.044053 1.454770 72.744986 nan 3.871794 0.000004 719.167085 0.001990
265.503415 2015 1272.227020 26.077429 4401.962806 472.794713 0.135264 0.003304 -49.972156 1.394563 -1.144119 1.402794 47.522909 1.411025 73.455443 nan 3.871795 0.000003 719.166530 0.001787
272.503415 2015 433.719914 7.093831 1306.656897 58.156189 0.122041 0.003477 -46.775636 1.519019 -2.928774 1.540647 41.256519 1.562276 67.077854 nan 3.871792 0.000003 719.168099 0.001581
279.503415 2015 2652.989467 61.413025 9116.558828 1007.932453 0.099392 0.014221 -55.096332 4.623114 1.226137 3.148943 45.520255 1.674773 61.404304 nan 3.871781 0.000004 719.174074 0.002100
286.503415 2015 3120.736779 60.153022 11345.284656 436.239514 0.129913 0.003651 -50.484890 1.326685 -6.665727 1.491494 43.147486 1.656302 68.444291 nan 3.871786 0.000004 719.171633 0.002267
300.503415 2015 350.904740 6.494332 1154.689734 80.625753 0.112095 0.004090 -50.096956 1.254212 -10.115146 1.405601 30.245042 1.556990 56.313654 nan 3.871776 0.000006 719.177076 0.003114
307.503415 2015 1748.631936 47.656915 9635.829213 1565.050018 0.119815 0.008530 -48.443683 0.935540 -9.767726 1.568416 29.896924 2.201292 58.511604 nan 3.871775 0.000006 719.177845 0.003505
314.503415 2015 3061.790583 58.191297 10787.726671 457.671127 0.132417 0.005825 -47.325377 2.853494 -7.326677 2.219548 40.816881 1.585602 58.270392 nan 3.871772 0.000007 719.179489 0.003916
321.503415 2015 1603.387018 31.790399 5970.274611 319.708383 0.126311 0.002527 -43.071307 0.815795 -9.488476 0.954461 27.968250 1.093126 53.662470 nan 3.871769 0.000008 719.180959 0.004358
328.503415 2015 551.131515 11.357617 2386.199898 58.046604 0.101666 0.003459 -37.741606 0.973686 -9.383969 1.059496 21.048075 1.145306 42.212237 nan 3.871768 0.000009 719.181598 0.004780
335.503415 2015 509.905243 9.083048 1540.304874 69.623570 0.120291 0.004787 -35.730996 0.845474 -6.798459 1.051490 23.585466 1.257506 45.939059 nan 3.871766 0.000009 719.182622 0.005264
342.503415 2015 880.752990 13.505730 2414.436716 82.956998 0.179139 0.020334 -34.506928 0.574388 -8.967144 1.927596 26.954164 3.280803 42.616213 nan 3.871764 0.000010 719.183619 0.005541
349.503415 2015 690.371437 13.275602 1824.936613 152.066045 0.105924 0.012223 -32.253201 2.960529 -1.189391 2.554373 32.592223 2.148218 40.781059 nan 3.871760 0.000011 719.186096 0.006003
356.503415 2015 1950.425706 44.600949 8927.520973 846.931880 0.124597 0.013761 -29.025820 0.818156 -2.623414 1.651598 29.170651 2.485039 40.412194 nan 3.871759 0.000011 719.186884 0.006226
5.503415 2016 1485.159908 27.871555 4842.453507 378.960808 0.149641 0.009575 -27.946654 2.054286 4.683750 1.436892 35.554484 0.819498 48.840366 nan 3.871752 0.000013 719.190401 0.007178
12.503415 2016 628.404637 9.437119 1602.834420 68.126382 0.139023 0.001812 -31.854866 1.030315 5.275104 0.927589 39.935527 0.824863 52.812601 nan 3.871748 0.000014 719.192990 0.007602
19.503415 2016 893.041301 22.332092 3343.768437 485.586625 0.114169 0.006001 -28.571706 1.913928 7.975230 1.535704 41.318948 1.157480 46.855040 nan 3.871745 0.000014 719.194565 0.007979
26.503415 2016 673.046772 11.470535 1690.003136 94.391523 0.128017 0.004429 -33.763657 1.405287 7.776865 1.190710 44.652749 0.976133 54.461860 nan 3.871742 0.000015 719.196205 0.008332
33.503415 2016 262.408521 4.592836 842.974684 41.656456 0.112683 0.005788 -34.446843 2.419952 9.386443 1.743056 44.205789 1.066159 51.454689 nan 3.871737 0.000016 719.198921 0.008686
40.503415 2016 503.642673 10.292676 1526.251452 118.378837 0.116330 0.005698 -37.382456 2.468696 8.252201 2.352249 44.029844 2.235801 55.089053 nan 3.871733 0.000016 719.201402 0.009056
47.503415 2016 1654.719045 38.099092 8017.851735 368.460134 0.133051 0.004581 -47.618281 2.088615 6.992782 1.473307 45.068967 0.857999 65.156835 nan 3.871731 0.000017 719.202555 0.009305
54.503415 2016 1422.934051 27.172562 4539.477087 235.090150 0.127134 0.002309 -40.308461 1.501499 6.124587 1.098889 44.803443 0.696280 65.496856 nan 3.871730 0.000017 719.203244 0.009429
61.503415 2016 587.113008 11.959069 2111.706908 112.151987 0.109075 0.003115 -43.182284 1.569352 4.709871 1.353769 43.933392 1.138187 58.862871 nan 3.871724 0.000018 719.206592 0.009843
68.503415 2016 1133.089113 22.197577 3803.506432 231.294392 0.122555 0.003475 -47.186369 1.484795 2.692441 1.277979 42.972386 1.071162 66.039218 nan 3.871720 0.000018 719.208439 0.010061
75.503415 2016 1217.211932 22.605907 3812.073433 183.960186 0.131199 0.003434 -46.024769 1.342005 0.974843 1.216754 46.063730 1.091504 70.558031 nan 3.871719 0.000018 719.209337 0.010273
82.503415 2016 900.455748 17.303180 2761.998655 181.729245 0.128472 0.002366 -44.956964 1.126027 -1.464128 1.124968 42.731661 1.123909 69.186721 nan 3.871719 0.000019 719.209487 0.010351
89.503415 2016 358.221326 5.179578 895.118850 39.356924 0.137270 0.003298 nan nan nan nan nan nan nan nan nan nan nan nan
96.503415 2016 878.546905 16.914210 2477.885606 181.761719 0.126360 0.003629 -45.752430 0.988778 -5.284707 1.206234 41.309137 1.423690 65.937168 nan 3.871710 0.000019 719.214132 0.010800
103.503415 2016 1111.354801 25.405577 4583.177714 329.500400 0.131062 0.003403 -50.692164 0.972793 -6.617010 1.199106 40.171006 1.425418 66.112002 nan 3.871711 0.000019 719.213570 0.010795
110.503415 2016 948.505273 18.342889 2959.633346 201.856694 0.125399 0.002895 -46.711746 0.697692 -8.538815 1.131423 38.798740 1.565155 61.526473 nan 3.871711 0.000020 719.213982 0.010896
117.503415 2016 358.166635 4.929852 800.239362 25.794037 0.139558 0.002111 -47.803774 0.796946 -8.538312 1.115102 39.467602 1.433258 64.682539 nan 3.871709 0.000020 719.215066 0.010946
124.503415 2016 1321.366642 25.555358 4226.228514 176.592046 0.133680 0.003270 -44.240248 0.773157 -7.811186 1.134681 39.702957 1.496206 59.594949 nan 3.871706 0.000020 719.216732 0.010996
131.503415 2016 3075.541396 62.777436 11582.053578 849.606364 0.130314 0.015405 -44.297523 0.893782 -9.955482 1.630222 33.302008 2.366662 52.622446 nan 3.871706 0.000020 719.216709 0.011005
138.503415 2016 1450.199303 27.049143 5180.954093 220.276828 0.139771 0.009076 -40.086236 0.750670 -8.583847 1.330142 31.171998 1.909615 50.748571 nan 3.871705 0.000020 719.217375 0.011014
145.503415 2016 650.692093 11.407405 2099.982961 91.270995 0.145862 0.013285 -38.248930 0.868669 -7.914728 1.618012 30.137191 2.367355 45.282154 nan 3.871702 0.000020 719.218972 0.011010
152.503415 2016 476.524139 6.876943 1057.153155 44.088450 0.145918 0.009151 -34.414754 0.695559 -5.156194 1.320453 28.496940 1.945348 47.702904 nan 3.871698 0.000020 719.220757 0.011000
159.503415 2016 943.066793 21.177051 2943.261836 305.530465 0.139344 0.009705 -31.665976 0.788579 -2.983329 1.407418 32.946074 2.026258 44.533653 nan 3.871697 0.000020 719.221304 0.010950
166.503415 2016 570.716297 9.701954 1451.373011 96.716462 0.093522 0.026082 -30.164745 0.613782 -7.529541 2.107117 28.102521 3.600452 33.758990 nan 3.871695 0.000020 719.222826 0.010906
173.503415 2016 321.333979 5.107651 828.254996 57.619461 0.144794 0.009057 -27.784538 1.906552 2.935912 1.330591 31.313735 0.754630 45.797987 nan 3.871690 0.000019 719.225333 0.010840
180.503415 2016 287.322656 4.715305 887.781565 44.194457 0.147679 0.008958 -28.640157 1.791917 4.663764 1.224024 33.518049 0.656131 47.833653 nan 3.871687 0.000019 719.227407 0.010769
187.503415 2016 379.899283 9.680113 1190.674981 147.469071 0.113864 0.019842 -26.887050 3.420148 10.518945 2.030035 38.095544 0.639921 40.231332 nan 3.871684 0.000019 719.228835 0.010727
194.503415 2016 821.945827 12.744311 2376.454710 81.498014 0.150618 0.008862 -27.384408 1.624094 7.324030 1.154844 41.863376 0.685595 53.377516 nan 3.871680 0.000019 719.230880 0.010664
201.503415 2016 409.938018 6.449407 1161.123241 45.229191 0.145341 0.013502 -26.646429 2.273626 9.965164 1.616117 41.197687 0.958607 49.971439 nan 3.871675 0.000019 719.234040 0.010606
208.503415 2016 801.433084 15.468065 2500.708201 162.100446 0.141748 0.009420 -28.168481 1.679717 9.876054 1.254883 43.583565 0.830049 56.153950 nan 3.871854 0.000017 719.134132 0.009746
215.503415 2016 1044.527903 21.258020 3327.353423 262.860342 0.124628 0.015723 -34.816290 3.022085 10.787976 1.931291 47.137390 0.840497 56.579725 nan 3.871848 0.000018 719.137484 0.009781
222.503415 2016 1323.391384 20.677270 3516.199549 83.741204 0.139534 0.002920 -37.143858 1.542020 8.688594 1.158087 48.893947 0.774153 65.992787 nan 3.871846 0.000018 719.138388 0.009807
229.503415 2016 612.585032 10.112523 1656.256041 88.080706 0.130582 0.002366 -34.095855 1.347212 8.438336 1.136810 49.732636 0.926408 65.334356 nan 3.871841 0.000018 719.141170 0.009896
236.503415 2016 716.245571 15.030259 2113.986497 210.840745 0.126054 0.004101 -36.377592 1.929602 7.493897 1.539996 51.413944 1.150390 65.541994 nan 3.871839 0.000018 719.142500 0.009954
243.503415 2016 1247.013152 32.807421 4979.490666 690.640039 0.130530 0.012981 -50.275410 3.398160 7.484413 2.354098 56.573138 1.310036 65.397857 nan 3.871836 0.000018 719.144119 0.010110
257.503415 2016 1223.688154 24.767511 4418.466209 229.374668 0.121012 0.002631 -41.664558 1.414882 1.888770 1.396530 45.265421 1.378177 66.933682 nan 3.871828 0.000019 719.148517 0.010516
264.503415 2016 487.692418 8.374438 1282.250103 86.672499 0.131559 0.004629 -45.409047 1.697175 -0.149533 1.637994 47.277624 1.578812 71.381512 nan 3.871828 0.000019 719.148537 0.010596
271.503415 2016 2615.635107 59.424359 11057.782761 885.832050 0.139184 0.010509 -53.074004 1.753094 -3.389581 2.445415 44.412824 3.137736 68.331840 nan 3.871827 0.000020 719.149384 0.010977
285.503415 2016 1585.664406 36.242822 6432.160189 775.595152 0.134749 0.010005 -48.024771 1.250095 -6.437721 1.717367 37.637841 2.184639 64.340207 nan 3.871823 0.000021 719.151707 0.011606
292.503415 2016 1937.172129 31.268132 5195.938341 194.816570 0.140100 0.008544 -49.618045 0.819976 -7.063173 1.818265 43.510237 2.816553 70.083305 nan 3.871822 0.000021 719.151907 0.011928
299.503415 2016 2675.891358 58.701139 10038.109913 825.960574 0.126662 0.008135 -47.056882 0.814707 -8.659197 1.591823 38.770343 2.368940 60.855954 nan 3.871822 0.000022 719.151890 0.012245
306.503415 2016 2407.627402 46.808516 8485.100860 464.049305 0.133668 0.003069 -44.213735 0.736851 -6.913165 0.970202 31.999423 1.203554 60.680909 nan 3.871820 0.000023 719.153166 0.012700
313.503415 2016 923.152325 17.528319 3099.999196 162.994547 0.122247 0.003682 -39.982959 0.917290 -7.067516 0.976622 30.978303 1.035955 53.401849 nan 3.871818 0.000024 719.154652 0.013123
320.503415 2016 570.634219 8.763753 1596.677916 47.591140 0.105756 0.020110 -38.969809 0.521114 -10.590451 1.920857 30.054997 3.320600 48.857308 nan 3.871816 0.000024 719.155307 0.013514
327.503415 2016 681.506848 15.505756 2193.951821 231.540237 0.143695 0.013714 -36.378185 0.677520 -6.798888 1.501078 27.485861 2.324636 45.941119 nan 3.871815 0.000025 719.156076 0.013918
334.503415 2016 673.462643 10.364175 1947.447219 53.369861 0.138608 0.001644 -33.673329 0.570446 -2.942602 0.621116 28.378667 0.671787 50.999544 nan 3.871812 0.000026 719.157906 0.014341
341.503415 2016 622.186953 11.143989 1891.549136 110.120816 0.126628 0.014123 -30.180850 0.699393 -3.628181 1.588330 31.800852 2.477266 42.161661 nan 3.871806 0.000027 719.161327 0.015047
348.503415 2016 651.159586 9.715099 1818.715654 56.313233 0.148213 0.009151 -27.695668 2.008338 1.939708 1.326876 30.105154 0.645414 46.655215 nan 3.871804 0.000028 719.162565 0.015528
355.503415 2016 1096.797380 37.241834 6426.657272 1987.323160 0.153098 0.014300 -27.253805 2.741913 5.037832 1.822386 33.890225 0.902859 42.771133 nan 3.871801 0.000028 719.164074 0.015546
362.503415 2016 1228.740743 19.686277 3412.034614 111.758737 0.167727 0.016960 -27.352800 3.074612 8.327124 1.998798 37.339566 0.922985 43.283024 nan 3.871796 0.000029 719.166804 0.015951
