54.499375 2016 2636.259903 27.547133 5373.143850 325.476760 0.129689 0.002319 -57.709710 1.806609 -2.673229 1.586586 47.478885 1.366563 82.085184 nan 3.852560 0.000003 729.992452 0.001923
61.500764 2016 577.769207 11.990368 2165.328539 109.987155 0.106271 0.002937 -55.272841 1.581493 -5.446594 1.361648 36.272019 1.141804 65.503511 nan 3.862821 0.000002 724.190464 0.001075
68.500764 2016 1045.203044 21.012902 3628.412669 229.954519 0.100740 0.020390 -51.585352 1.435873 -1.509538 1.105942 44.351326 0.776011 71.791541 nan 3.871836 0.000001 719.143467 0.000724
75.500764 2016 1163.799955 22.410689 3790.962507 226.743211 0.127186 0.002215 -52.723450 1.545301 -0.607801 1.246393 43.517434 0.947484 72.650804 nan 3.871833 0.000001 719.145237 0.000426
82.500764 2016 901.248553 17.718777 2889.468930 198.628902 0.141750 0.012696 -45.990987 3.863609 3.508472 2.160531 40.174763 0.457452 63.057213 nan 3.871832 0.000000 719.145552 0.000143
89.500764 2016 353.707688 6.304934 860.927423 60.797507 0.140786 0.009035 nan nan nan nan nan nan nan nan nan nan nan nan
96.500764 2016 873.529061 16.654077 2475.366965 215.299701 0.127700 0.002256 -42.276317 1.300079 3.628597 0.950992 42.890605 0.601906 66.293204 nan 3.871829 0.000002 719.147394 0.000921
103.500764 2016 1047.572456 24.110218 4357.142432 317.701918 0.128935 0.002607 -38.873132 1.177038 5.516886 0.971505 45.445332 0.765972 65.490179 nan 3.871829 0.000002 719.147416 0.000922
110.500764 2016 909.045924 17.780704 2835.408415 188.658163 0.124716 0.002834 -40.670680 1.576637 8.180194 1.089093 45.255935 0.601548 62.756407 nan 3.871826 0.000003 719.149047 0.001634
117.500764 2016 338.800757 4.630625 752.618298 21.760596 0.145029 0.008945 -40.657458 2.008560 10.877003 1.321074 47.929711 0.633588 65.718587 nan 3.871825 0.000003 719.149589 0.001876
124.500764 2016 1254.033081 24.614149 4129.063869 208.438780 0.129032 0.003434 -34.076711 1.586769 12.294597 1.188463 50.812795 0.790157 65.274076 nan 3.871824 0.000005 719.150463 0.002508
131.500764 2016 2917.675007 58.574346 10849.380436 568.123259 0.118228 0.009380 -42.068832 2.733533 12.451060 3.029719 55.051377 3.325905 62.411626 nan 3.871822 0.000005 719.151427 0.003024
138.500764 2016 1386.063298 26.533400 5123.227273 210.328672 0.125385 0.003020 -28.773444 1.356663 15.959974 1.151849 59.087442 0.947035 66.634544 nan 3.871820 0.000006 719.152472 0.003180
145.500764 2016 621.640456 11.120532 2087.698856 81.136496 0.124253 0.003057 -28.892667 1.611291 17.435510 1.315317 63.172148 1.019344 68.862578 nan 3.871818 0.000006 719.153363 0.003195
152.500764 2016 444.050571 6.568370 997.198449 40.054450 0.133720 0.002019 -31.449906 1.306677 17.248700 1.191892 65.255218 1.077106 76.911989 nan 3.871814 0.000007 719.155723 0.003887
159.500764 2016 885.111483 19.420856 2700.245953 275.687502 0.127958 0.002959 -32.258623 1.546199 17.916714 1.507804 68.335958 1.469408 76.844432 nan 3.871810 0.000008 719.158409 0.004438
166.500764 2016 532.141220 9.360992 1365.542651 93.814244 0.130839 0.002232 -35.006498 1.098509 17.459054 1.285169 69.497360 1.471830 81.641359 nan 3.871808 0.000009 719.159335 0.004765
173.500764 2016 300.428617 4.782986 709.758633 46.169565 0.131559 0.002217 -31.435857 0.841417 16.044059 1.252948 70.530628 1.664479 85.100485 nan 3.871808 0.000009 719.159221 0.004844
180.500764 2016 267.155042 4.546722 876.361522 39.174037 0.134698 0.001979 -37.304578 0.660342 14.390552 1.126620 70.315618 1.592898 89.152451 nan 3.871807 0.000009 719.159774 0.005179
187.500764 2016 358.058512 9.411773 1187.518153 151.051100 0.128626 0.003286 -39.148626 1.001187 12.713579 1.513322 75.398183 2.025457 86.813812 nan 3.871806 0.000010 719.160651 0.005685
194.500764 2016 780.746649 12.478628 2266.830294 85.729597 0.126166 0.010458 -46.092765 2.694896 10.614567 2.229725 70.409959 1.764554 89.781732 nan 3.871802 0.000011 719.162912 0.006334
201.500764 2016 387.079120 6.361773 1124.609579 45.589103 0.125025 0.004261 -43.804095 1.392137 7.060157 1.742203 64.643096 2.092270 85.513304 nan 3.871799 0.000012 719.164238 0.006526
208.500764 2016 757.143557 15.045286 2468.282040 147.432317 0.128498 0.002636 -46.672034 0.917010 4.720173 1.322268 59.076624 1.727527 88.129156 nan 3.871798 0.000012 719.165181 0.006672
215.500764 2016 1068.372887 25.352055 3806.849954 430.883560 0.130787 0.004849 -57.885681 3.915524 4.512560 2.654311 66.012219 1.393099 88.691785 nan 3.871795 0.000012 719.166432 0.006872
222.500764 2016 1256.627247 20.001466 3368.486228 89.660786 0.138062 0.001708 -60.063326 0.996282 0.631057 1.133759 65.055244 1.271235 92.267403 nan 3.871795 0.000012 719.166880 0.006871
229.500764 2016 596.371713 10.140492 1629.647347 88.414095 0.127910 0.002085 -52.304197 1.025181 -1.129503 1.063062 52.469176 1.100943 84.322649 nan 3.871791 0.000012 719.169002 0.006960
236.500764 2016 676.263222 14.634702 1991.526223 205.910374 0.122812 0.004041 -54.216282 1.537031 -2.759577 1.401295 46.820942 1.265560 78.884004 nan 3.871789 0.000013 719.170145 0.006988
243.500764 2016 1174.145325 32.071164 4604.836182 691.371543 0.124926 0.005081 -53.989311 3.572134 -0.752087 2.346389 52.406112 1.120643 77.929325 nan 3.871787 0.000013 719.171312 0.006995
257.500764 2016 1223.664836 24.967563 4457.569313 221.055387 0.119417 0.002055 -46.532547 1.192557 -1.862729 0.873584 37.320506 0.554611 69.998465 nan 3.871780 0.000013 719.175240 0.006976
264.500764 2016 467.693334 8.175879 1190.079995 78.460453 0.129089 0.003518 -48.009432 1.400521 -0.745181 1.155755 41.682854 0.910990 72.295162 nan 3.871791 0.000013 719.168747 0.007025
271.500764 2016 2456.631843 54.164366 10236.437461 523.174220 0.107862 0.013188 -48.127989 1.678967 -5.132088 3.160476 43.548959 4.641985 63.350093 nan 3.871776 0.000012 719.177195 0.006842
278.500764 2016 2685.579784 51.333747 9394.626598 326.358764 0.132537 0.002455 -51.452597 1.754522 2.610705 1.223225 44.893960 0.691929 69.664539 nan 3.871774 0.000012 719.178363 0.006786
285.500764 2016 1464.996063 32.361183 5939.265675 592.611317 0.123327 0.003183 -39.380075 1.460533 4.513066 1.300309 47.471827 1.140085 64.023157 nan 3.871771 0.000012 719.179793 0.006720
292.500764 2016 1851.349021 30.214616 5142.161154 188.919261 0.144740 0.002639 -44.798850 1.471408 6.357388 1.194013 50.741473 0.916618 72.436438 nan 3.871770 0.000012 719.180407 0.006639
299.500764 2016 1595.306689 44.823706 7110.716801 1058.655881 0.126568 0.005577 -41.891835 2.176537 7.306031 1.916623 53.206463 1.656710 64.308086 nan 3.871434 0.000012 719.367978 0.006940
306.500764 2016 2312.237000 45.336415 8221.281239 428.763697 0.130528 0.003109 -37.751472 1.511667 11.104354 1.298347 53.168104 1.085028 67.008773 nan 3.871768 0.000012 719.181438 0.006506
313.500764 2016 887.772916 17.246955 3069.451471 173.171917 0.118987 0.003670 -30.026331 1.292452 13.481773 1.339754 52.915257 1.387057 62.679280 nan 3.871767 0.000012 719.182218 0.006471
320.500764 2016 535.039597 8.418520 1573.345611 45.780995 0.139184 0.002759 -39.267142 1.521061 14.008685 1.298535 58.117342 1.076010 73.921475 nan 3.871767 0.000012 719.182294 0.006460
327.500764 2016 617.465266 14.377108 1885.031599 193.121851 0.124330 0.003907 -40.566055 1.775515 16.349157 1.538554 62.880025 1.301594 69.511621 nan 3.871767 0.000012 719.182298 0.006410
334.500764 2016 653.523788 10.320564 1933.342941 50.082425 0.134800 0.001859 -32.583649 1.116082 16.159571 1.074053 63.914898 1.032024 78.170092 nan 3.871765 0.000012 719.183064 0.006439
341.500764 2016 552.141676 9.957352 1694.702061 90.188664 0.131436 0.009556 -37.690225 2.261955 17.662093 1.766532 63.833995 1.271109 73.510424 nan 3.871763 0.000012 719.184192 0.006560
348.500764 2016 619.655827 9.406225 1757.780425 50.309508 0.136601 0.002187 -34.485917 0.832238 15.591065 0.994880 64.874690 1.157523 85.078886 nan 3.871763 0.000012 719.184396 0.006663
355.500764 2016 965.931575 26.175791 4116.479398 632.577281 0.119319 0.009416 -42.555001 2.342558 15.922137 1.869685 68.462625 1.396812 81.143818 nan 3.871763 0.000012 719.184322 0.006662
362.500764 2016 1170.661642 19.021413 3292.199817 96.033436 0.142550 0.008616 -39.445066 2.454323 13.124144 2.065490 70.288830 1.676658 86.675517 nan 3.871761 0.000012 719.185464 0.006784
