291.501100 2005 216.387573 4.359348 836.967066 58.081472 0.102638 0.022640 -42.024643 1.828468 6.182784 2.343144 50.085115 2.857821 65.158732 nan 3.873624 0.000050 718.151530 0.027669
298.501100 2005 271.271910 5.804225 1070.532489 84.602260 0.044007 0.044020 -42.533088 2.645288 7.443398 3.027083 54.155156 3.408878 57.712023 nan 3.871929 0.000031 719.092980 0.017071
305.501100 2005 883.769629 20.307989 3681.230714 390.578701 0.131304 0.011387 -35.920791 2.349847 11.537997 2.519473 58.703029 2.689099 65.412461 nan 3.871906 0.000031 719.105826 0.017141
312.501100 2005 688.466004 10.420580 1757.074364 55.634526 0.135984 0.002709 -36.098275 1.303734 12.672849 1.230597 61.581001 1.157460 76.082219 nan 3.871909 0.000031 719.104215 0.017429
319.501100 2005 406.743637 6.323061 1146.235439 41.048835 0.125539 0.002638 -33.031689 1.079255 13.790518 1.233811 62.070927 1.388368 73.705873 nan 3.871906 0.000032 719.105841 0.017614
326.501100 2005 211.896775 3.741628 684.970968 41.229050 0.126465 0.002801 -34.791907 1.311612 14.573334 1.315850 64.272157 1.320087 76.889165 nan 3.871906 0.000032 719.105927 0.017732
333.501100 2005 286.438065 5.087166 903.710290 47.514210 0.140306 0.009029 -36.920333 2.353101 15.614676 1.786517 65.043633 1.219934 80.485981 nan 3.871903 0.000032 719.107596 0.017922
340.501100 2005 274.336535 4.447543 845.137630 39.960376 0.139451 0.009058 -38.384037 2.389141 14.026148 2.013010 66.963466 1.636879 82.833701 nan 3.871901 0.000033 719.108808 0.018196
347.501100 2005 454.191150 10.066930 1297.067689 132.254192 0.134321 0.009552 -38.671699 3.286572 14.067257 2.477799 70.377535 1.669025 81.766087 nan 3.871900 0.000033 719.109735 0.018350
354.501100 2005 193.386246 3.195728 609.818769 28.797952 0.127752 0.002652 -46.069873 1.111825 9.604266 1.533961 71.644934 1.956098 87.693581 nan 3.871895 0.000033 719.112052 0.018467
361.501100 2005 415.157002 8.125835 1520.930523 70.092251 0.128914 0.023972 -50.119946 6.922901 11.442333 6.241663 72.017102 5.560425 54.296201 nan 3.871893 0.000033 719.113266 0.018664
10.501088 2006 135.415432 2.111872 355.258499 8.899136 0.102210 0.004315 -57.318964 1.685985 0.769738 1.763793 56.606937 1.841602 71.677693 nan 3.871886 0.000034 719.117191 0.019096
17.501088 2006 141.202652 2.566391 495.699287 27.726475 0.103965 0.026719 -63.051863 2.502051 -5.007929 3.671140 58.463670 4.840229 76.713115 nan 3.871879 0.000034 719.121187 0.019221
31.501088 2006 296.980296 5.110311 881.332642 53.817295 0.133138 0.010314 -67.316875 1.761545 -6.513388 2.628387 53.361914 3.495229 79.392046 nan 3.871872 0.000035 719.125322 0.019662
38.501088 2006 237.504778 4.285104 774.549507 53.301707 0.126841 0.010109 -61.776306 2.973214 -7.607422 3.339126 43.256860 3.705038 74.382812 nan 3.871874 0.000036 719.124459 0.019788
45.501088 2006 109.828675 2.244525 453.806309 39.107188 -1.616885 0.353673 -62.599326 1.048023 -22.916974 3.728169 44.832928 6.408315 46.690166 nan 3.871865 0.000036 719.129331 0.019879
52.501088 2006 597.436643 11.329733 2263.469493 77.341546 0.108400 0.009272 -60.705391 3.981379 -6.366868 4.177713 44.248052 4.374047 65.312688 nan 3.871870 0.000036 719.126761 0.020052
59.501088 2006 239.612726 3.909763 682.367129 41.513237 0.124665 0.001986 -56.640213 1.414535 -5.385810 1.052362 37.649910 0.690189 74.284661 nan 3.871861 0.000036 719.131338 0.020233
66.501088 2006 222.341208 4.601354 724.639937 65.744687 0.114735 0.005317 -51.190733 2.738890 -2.986561 1.874021 37.577297 1.009151 66.590652 nan 3.871867 0.000036 719.128093 0.020299
73.501088 2006 261.309481 7.657976 906.810329 131.404463 0.112043 0.007445 -49.003463 3.614927 -1.139275 3.538759 43.192004 3.462590 61.773327 nan 3.871859 0.000037 719.132654 0.020364
80.501088 2006 1624.262246 26.602011 4696.413794 111.092112 0.158309 0.012894 -48.115776 2.857507 0.092581 2.926864 45.013375 2.996221 70.541504 nan 3.871868 0.000037 719.127783 0.020517
87.501088 2006 555.643066 10.335286 1837.146321 119.065270 0.133026 0.009549 -41.210767 2.759294 3.959103 1.889675 46.055922 1.020056 65.303096 nan 3.871860 0.000037 719.132190 0.020685
94.501088 2006 720.942613 18.249735 2599.457260 401.946448 0.124330 0.004100 -39.791430 1.741885 4.062395 1.559975 48.247839 1.378065 66.811665 nan 3.871868 0.000037 719.127922 0.020740
101.501088 2006 1990.998968 50.718995 8007.880771 1219.331755 0.139806 0.009050 -38.576301 2.150775 6.647583 1.792137 54.152424 1.433500 69.443597 nan 3.871861 0.000037 719.131880 0.020827
108.501088 2006 3850.985308 76.048950 13785.486158 532.141408 0.134183 0.002765 -37.023109 1.408638 8.669962 1.260544 54.730242 1.112450 72.851387 nan 3.871869 0.000038 719.127026 0.020995
115.501088 2006 1095.739851 23.574155 4608.858792 260.589349 0.117101 0.002907 -31.085768 1.357843 11.456058 1.348182 56.377518 1.338522 66.103265 nan 3.871862 0.000038 719.131344 0.021168
122.501088 2006 512.885834 10.256516 1951.691019 104.389497 0.104496 0.004298 -30.469189 1.658333 13.163937 1.741105 65.110593 1.823876 61.322604 nan 3.871869 0.000038 719.127217 0.021233
129.501088 2006 890.344684 14.288553 2382.385719 100.742237 0.139328 0.002744 -34.959217 1.081721 12.895660 1.322868 68.054971 1.564015 81.918745 nan 3.871860 0.000038 719.132433 0.021300
136.501088 2006 500.304496 7.981734 1435.489633 58.994758 0.132794 0.002888 -34.840454 1.482027 14.155584 1.509610 70.262451 1.537193 81.765470 nan 3.871869 0.000039 719.127244 0.021492
150.501088 2006 64.830371 1.493685 194.927424 22.178563 1.816737 0.145372 -34.340344 3.435202 30.219174 2.695986 65.705560 1.956770 33.480472 nan 3.871864 0.000039 719.130247 0.021654
157.501088 2006 686.453339 14.527867 3001.333071 69.065601 0.106827 0.014956 -42.123580 4.696408 16.493884 3.197560 70.192376 1.698713 82.497360 nan 3.871855 0.000039 719.135419 0.021716
164.501088 2006 706.387760 11.178950 2193.912595 56.362613 0.136190 0.001350 -43.222235 0.572948 9.890663 1.167177 68.082438 1.761407 93.625465 nan 3.871858 0.000039 719.133461 0.021860
171.501088 2006 415.414333 6.038281 1089.115657 41.125379 0.133787 0.001868 -45.346645 0.681783 8.138985 1.150192 68.734074 1.618600 93.424326 nan 3.871848 0.000039 719.138972 0.021982
178.501088 2006 261.317112 4.212741 755.079478 25.200286 0.118239 0.003553 -49.866035 1.405480 5.442708 1.610162 61.747850 1.814843 83.301163 nan 3.871848 0.000040 719.139052 0.022010
185.501088 2006 581.228186 14.837998 1753.702592 230.046023 0.132184 0.005541 -56.956932 1.693679 1.587330 2.498844 60.027359 3.304009 92.816294 nan 3.871839 0.000040 719.144226 0.022089
192.501088 2006 288.042561 4.530394 876.207791 28.912901 0.130581 0.002071 -58.250521 1.141518 -0.574224 1.181907 56.576266 1.222297 91.483025 nan 3.871841 0.000040 719.143364 0.022258
206.501088 2006 275.736548 9.875605 2702.849264 303.010241 1.717211 0.152852 -61.940765 0.888890 -7.994454 0.774207 46.248160 0.659524 86.582177 nan 3.871828 0.000040 719.150385 0.022441
213.501088 2006 382.681124 6.462131 1036.803079 57.516871 0.132948 0.001564 -61.873659 1.546753 -6.114354 1.042993 44.913368 0.539234 89.521774 nan 3.871822 0.000040 719.153500 0.022559
220.501088 2006 589.313081 11.501995 1683.553449 124.852144 0.137219 0.002618 -63.425711 1.665425 -7.178639 1.234453 46.217220 0.803481 89.615326 nan 3.871819 0.000041 719.155182 0.022734
227.501088 2006 365.495761 10.747274 1028.294053 175.699262 0.128060 0.002349 -61.807168 1.444532 -7.734214 1.219887 41.041361 0.995243 81.522034 nan 3.871817 0.000041 719.156415 0.022844
234.501088 2006 1040.508124 18.192753 2914.143142 142.469125 0.135366 0.002298 -58.861226 1.492910 -6.603771 1.077137 39.701068 0.661365 82.971618 nan 3.871812 0.000041 719.159381 0.022875
241.501088 2006 488.671146 8.186468 1367.459847 67.135712 0.121502 0.008528 -54.958938 1.385445 -7.508348 2.028619 39.796433 2.671793 74.481786 nan 3.871812 0.000041 719.159339 0.022966
248.501088 2006 546.970895 8.692057 1624.733141 45.608751 0.138814 0.002045 -56.612874 1.389387 -4.907189 1.126961 43.240763 0.864534 79.563245 nan 3.871810 0.000042 719.160337 0.023140
255.501088 2006 193.344516 3.221678 526.571248 39.830987 0.122888 0.001851 -47.256110 1.441382 -3.580142 1.194022 38.118513 0.946662 69.315331 nan 3.871812 0.000042 719.159226 0.023227
262.501088 2006 613.127979 10.196512 1957.917638 54.669383 0.122594 0.011602 -58.930745 1.587396 -4.089948 2.569732 45.149596 3.552068 70.773828 nan 3.871809 0.000042 719.161113 0.023271
269.501088 2006 523.912645 9.527547 1371.390010 89.362326 0.137367 0.002457 -50.586809 1.573664 0.584362 1.348586 45.185328 1.123509 73.564901 nan 3.871813 0.000042 719.159151 0.023403
276.501088 2006 593.382853 10.402247 1777.154699 83.933059 0.136940 0.002158 -49.758938 1.541245 2.859398 1.322981 45.747029 1.104717 73.017376 nan 3.871811 0.000042 719.160158 0.023609
283.501088 2006 383.068294 10.091331 1240.495967 180.591835 0.120002 0.004767 -43.693878 2.836283 6.112105 2.014895 48.993301 1.193507 64.804433 nan 3.871816 0.000043 719.157080 0.023741
290.501088 2006 758.831701 12.376536 2406.460461 71.697106 0.134802 0.003056 -40.973650 1.515164 7.548602 1.354552 51.692261 1.193941 72.663764 nan 3.871812 0.000043 719.159746 0.023849
297.501088 2006 455.014390 7.197154 1136.428095 61.625392 0.143778 0.009762 -40.446122 2.697700 9.960147 1.950595 56.155308 1.203490 72.560550 nan 3.871818 0.000043 719.156119 0.024032
304.501088 2006 535.569957 9.513911 1692.873685 78.603675 0.121056 0.010351 -38.046203 1.993033 11.755013 1.595055 59.429331 1.197076 73.350809 nan 3.871814 0.000044 719.158774 0.024277
311.501088 2006 443.194859 11.411888 1170.932619 165.439077 0.087901 0.025528 -36.868674 3.862652 14.996930 2.726990 59.360002 1.591328 65.203969 nan 3.871820 0.000044 719.155133 0.024425
318.501088 2006 533.128082 9.117593 1497.258297 91.684352 0.144847 0.009022 -37.358896 2.391381 13.335862 1.781137 63.305889 1.170893 81.074637 nan 3.871813 0.000044 719.159323 0.024543
325.501088 2006 369.637878 7.090248 1001.961166 95.520996 0.149696 0.013642 -42.042165 3.538772 14.280815 2.685645 65.168732 1.832518 78.406979 nan 3.871818 0.000044 719.156553 0.024734
332.501088 2006 845.247868 19.208337 2194.265908 231.068005 0.159175 0.015992 -39.759872 4.457184 14.645409 3.026542 67.288614 1.595899 78.050466 nan 3.871810 0.000045 719.161039 0.024978
339.501088 2006 1001.371954 18.601904 2988.682582 167.747015 0.165492 0.033941 -48.426851 4.265306 13.285126 3.118808 70.932180 1.972310 76.954202 nan 3.871814 0.000045 719.158715 0.025125
346.501088 2006 2061.662317 55.485606 6412.368533 1063.093633 0.157612 0.026554 -49.852840 7.183088 17.277528 4.331427 73.073387 1.479765 67.621729 nan 3.871803 0.000045 719.165165 0.025262
353.501088 2006 3209.914523 63.406769 12650.793502 563.040820 0.137527 0.025637 -51.253779 7.436037 15.181206 4.383097 69.106913 1.330157 68.460185 nan 3.871806 0.000046 719.163245 0.025499
360.501088 2006 1940.853642 34.261392 6754.887129 112.511824 0.148467 0.009258 -57.165594 3.968531 4.523869 2.847667 74.789655 1.726802 93.133750 nan 3.871793 0.000046 719.170365 0.025751
9.501088 2007 597.750996 9.468982 1861.539035 53.524271 0.140595 0.009220 -64.545294 1.438479 -4.776466 2.555517 55.506916 3.672554 87.668562 nan 3.871785 0.000047 719.175300 0.026108
16.501088 2007 656.791306 10.040473 1777.497803 54.636852 0.150782 0.012956 -74.259221 1.915354 -8.498959 3.268797 54.440858 4.622239 82.830532 nan 3.871787 0.000047 719.173991 0.026409
23.501088 2007 503.257146 7.204669 1349.472782 36.209117 0.150666 0.013486 -67.244922 1.510059 -9.920361 3.009580 49.503906 4.509102 81.717092 nan 3.871921 0.000047 719.099185 0.026049
30.501088 2007 768.275427 13.873493 2063.817910 134.882146 0.137688 0.009501 -67.560201 1.729802 -9.932926 2.344910 47.835505 2.960018 81.993501 nan 3.871922 0.000047 719.098814 0.026225
37.501088 2007 401.662328 6.101390 1105.439176 44.946406 0.140786 0.008879 -66.619188 1.459008 -9.520807 2.047649 41.529739 2.636290 81.821243 nan 3.871913 0.000047 719.104099 0.026444
58.501088 2007 475.145496 8.437624 1572.622385 125.323041 0.125656 0.011970 -52.568040 1.626302 -7.660817 2.332061 41.533039 3.037820 64.841557 nan 3.872504 0.000049 718.775192 0.027549
65.501088 2007 473.921948 8.370566 1499.144007 71.275275 0.137373 0.002675 -50.972345 1.192723 -3.903363 1.047036 42.445664 0.901348 76.555222 nan 3.871920 0.000048 719.100103 0.026944
72.501088 2007 454.683179 7.553509 1287.145680 61.194477 0.142176 0.009438 -47.550433 2.958944 -0.950792 2.130616 48.015987 1.302288 70.723641 nan 3.871914 0.000049 719.103697 0.027480
79.501088 2007 386.053653 12.180895 1012.238015 188.938951 0.124971 0.004187 -45.957552 1.661177 -0.118773 1.506151 45.003076 1.351124 68.541247 nan 3.871913 0.000050 719.104459 0.027742
86.501088 2007 548.305675 11.279094 1400.412145 135.334129 0.138489 0.009401 -42.185963 2.691674 3.706256 1.977978 48.913338 1.264283 68.075794 nan 3.871916 0.000050 719.102756 0.027891
93.501088 2007 1111.758684 19.108787 3485.650748 106.965270 0.137476 0.003450 -46.305230 1.610255 4.710903 1.424427 52.764532 1.238600 74.036264 nan 3.871915 0.000050 719.103226 0.028083
100.501088 2007 732.588239 12.203219 2145.880439 100.078115 0.128678 0.002994 -41.215430 1.412634 6.595597 1.421078 56.132926 1.429522 71.246883 nan 3.871920 0.000051 719.100728 0.028355
107.501088 2007 245.337543 4.076751 720.078908 34.386230 0.121886 0.003584 -36.117202 1.463166 8.428773 1.492068 57.545133 1.520970 69.380873 nan 3.871920 0.000051 719.100800 0.028586
114.501088 2007 423.889574 10.978691 1727.575226 206.151025 0.106760 0.018331 -37.453031 1.361184 10.205799 1.431722 61.545110 1.502260 73.867382 nan 3.871922 0.000052 719.099618 0.028731
121.501250 2007 1113.385532 18.586473 3466.513348 86.148004 0.133062 0.005442 -61.313284 1.471726 8.350124 2.886207 64.854652 4.300688 79.587879 nan 3.871883 0.000052 719.121498 0.028899
128.501250 2007 447.546412 8.336876 1318.282587 118.279943 0.130324 0.002947 -40.297277 1.336751 11.906229 1.486319 64.480214 1.635886 81.499906 nan 3.871885 0.000052 719.120426 0.029133
135.501250 2007 153.193436 2.451856 437.764095 26.882502 0.095286 0.005801 -33.054840 1.869536 12.182311 2.248304 65.926440 2.627072 62.582923 nan 3.871879 0.000053 719.123703 0.029325
142.501250 2007 1203.045276 35.812204 6032.807842 947.117504 0.085556 0.017790 -45.528811 4.852552 17.591019 3.244456 75.364212 1.636360 76.180581 nan 3.871878 0.000053 719.124378 0.029410
149.501250 2007 1648.645624 26.718110 4786.331751 56.576426 0.141489 0.002138 -43.471696 0.632194 10.070203 1.172259 71.059149 1.712324 95.636974 nan 3.871875 0.000053 719.125873 0.029548
156.501250 2007 1006.854797 18.442446 3210.512079 103.058269 0.128711 0.002759 -44.897270 0.954067 7.981521 1.349862 66.729226 1.745658 89.285297 nan 3.871869 0.000053 719.129185 0.029731
163.501250 2007 544.975687 8.781510 1536.133681 53.369834 0.131169 0.002170 -47.555579 0.933992 6.266686 1.266596 63.898875 1.599200 92.064831 nan 3.871866 0.000054 719.131230 0.029856
170.501250 2007 350.649314 5.567806 885.949057 63.258125 0.122048 0.010558 -66.093963 3.886012 2.880145 3.987004 62.731782 4.087997 90.447548 nan 3.871858 0.000054 719.135712 0.029887
177.501250 2007 208.314793 3.585289 556.394230 40.869035 0.114980 0.005758 -51.875670 2.016863 -0.201586 2.224871 54.259696 2.432880 81.313620 nan 3.871853 0.000054 719.138337 0.030009
184.501250 2007 194.494792 3.811773 699.948584 56.204612 0.010907 0.042109 -73.283625 4.355347 -3.658150 4.190216 52.907576 4.025085 61.861089 nan 3.871847 0.000054 719.141905 0.030194
191.501250 2007 375.405490 9.694398 1565.637976 193.002045 0.092691 0.023284 -64.591798 1.618005 -7.140551 2.740388 49.592145 3.862771 88.396214 nan 3.871846 0.000054 719.142446 0.030330
198.501250 2007 572.238909 10.006294 1675.591054 80.480288 0.136344 0.002228 -66.711646 1.459106 -7.423993 1.240889 48.579213 1.022671 93.719946 nan 3.871834 0.000055 719.148830 0.030390
205.501250 2007 263.081365 4.253896 721.271689 41.085007 0.135572 0.001690 -65.700249 1.530515 -8.823632 1.123830 43.795428 0.717146 91.324703 nan 3.871831 0.000055 719.150716 0.030523
219.501250 2007 443.914159 8.030804 1256.738080 78.123252 0.131276 0.005941 -64.711435 2.494220 -9.972132 2.607075 42.883618 2.719931 83.158995 nan 3.871827 0.000055 719.152724 0.030782
226.501250 2007 282.957551 4.677058 822.693469 39.863262 0.135366 0.001720 -60.548922 1.554011 -9.201035 1.174580 38.981473 0.795149 83.153419 nan 3.871821 0.000055 719.156299 0.030806
240.501250 2007 240.614659 4.608621 892.306653 52.745761 0.127855 0.006188 -64.013540 2.684698 -7.541007 2.598365 40.199687 2.512032 72.967887 nan 3.871818 0.000056 719.158111 0.031039
247.501250 2007 700.461209 11.641404 2110.529220 76.181995 0.150697 0.009297 -60.659430 1.617704 -6.748611 2.185147 41.042647 2.752590 76.359566 nan 3.871822 0.000056 719.156105 0.031087
254.501250 2007 312.687182 5.026973 965.345246 38.055505 0.126788 0.002337 -52.699767 1.491750 -3.905365 1.343263 39.966849 1.194776 69.883347 nan 3.871816 0.000056 719.159328 0.031125
261.501250 2007 172.395606 2.906740 532.866328 19.270856 0.104775 0.003233 -46.356965 1.507413 -1.889977 1.494137 39.778659 1.480862 57.901571 nan 3.871822 0.000056 719.155798 0.031241
268.501250 2007 520.809853 11.165160 1518.617872 140.326638 0.131524 0.008865 -50.588945 4.463332 3.395087 2.916803 53.013091 1.370273 71.082207 nan 3.871821 0.000056 719.156716 0.031422
275.501250 2007 896.376860 14.584759 2783.710058 70.213485 0.141641 0.002334 -47.214716 1.267961 2.682899 1.227856 49.545184 1.187751 76.047599 nan 3.871832 0.000057 719.150605 0.031523
296.501250 2007 458.594135 8.447548 1236.383944 81.051232 0.144794 0.009129 -41.044000 2.547724 8.949583 1.949066 55.715029 1.350408 76.143397 nan 3.871831 0.000057 719.151255 0.032008
303.501250 2007 522.335738 8.902270 1550.407163 77.772335 0.147572 0.008700 -40.271390 2.455395 9.518323 1.865409 58.753284 1.275423 80.214099 nan 3.871833 0.000058 719.149894 0.032119
310.501250 2007 179.871913 2.801493 551.055116 11.581564 0.111905 0.001878 -33.175267 0.908001 10.627163 1.166189 57.386712 1.424378 70.433507 nan 3.871828 0.000058 719.152755 0.032239
317.501250 2007 148.498119 2.104563 365.185917 13.667764 0.136194 0.014373 -39.727559 3.838063 12.092611 2.980902 65.297612 2.123741 70.239409 nan 3.871831 0.000058 719.151517 0.032428
324.501250 2007 716.023334 20.057908 3204.928738 569.504618 0.163740 0.019174 -39.052783 5.806908 15.782280 3.601831 66.090466 1.396753 70.030030 nan 3.871819 0.000059 719.157929 0.032625
331.501250 2007 484.080066 7.342231 1263.909935 52.360080 0.127700 0.022299 -48.240259 5.980212 15.312885 3.673419 68.819342 1.366627 71.980384 nan 3.871824 0.000059 719.155307 0.032717
338.501250 2007 264.837226 4.223360 734.986055 9.046460 0.107553 0.002021 -40.169211 0.794240 6.340339 1.134926 61.209671 1.475613 74.789046 nan 3.871812 0.000059 719.161809 0.032857
345.501250 2007 255.024374 4.547389 817.944486 53.110545 0.127380 0.011475 -54.106243 4.033709 5.701190 3.186351 66.695222 2.338992 78.379330 nan 3.872147 0.000059 718.975332 0.033147
359.501250 2007 344.101380 4.996167 977.258649 26.243985 0.152461 0.013111 -64.787162 1.411033 -6.671119 3.333045 60.136321 5.255056 85.755222 nan 3.871801 0.000060 719.168308 0.033451
8.501250 2008 397.886163 6.634348 1305.182846 42.756539 0.177451 0.017835 -74.607720 1.694032 -13.546771 4.050111 53.723869 6.406189 80.378455 nan 3.871787 0.000061 719.176034 0.033972
15.501250 2008 520.340045 8.034209 1553.351964 49.833298 0.163863 0.015040 -70.792996 1.553226 -12.962573 3.329288 46.558514 5.105350 81.628127 nan 3.871780 0.000061 719.180095 0.034261
22.501250 2008 376.219514 5.695548 1024.724352 48.948112 0.142443 0.008650 -70.570902 1.483959 -11.749235 2.031000 41.887186 2.578042 85.544000 nan 3.871778 0.000062 719.181486 0.034438
29.501250 2008 362.026569 10.256217 978.267597 165.229786 0.125899 0.001788 -66.223377 1.620332 -10.981821 1.173624 34.628294 0.726915 81.099883 nan 3.871774 0.000062 719.183761 0.034687
36.501250 2008 539.998648 9.026860 1630.932223 70.229342 0.144029 0.009416 -62.619241 1.193495 -11.280785 1.906047 38.930385 2.618600 80.847982 nan 3.871774 0.000063 719.183558 0.034977
43.501250 2008 656.526404 9.995828 1921.701758 55.341553 0.120953 0.013858 -59.367947 1.075167 -11.936983 1.919329 45.348494 2.763490 78.855910 nan 3.871773 0.000063 719.184382 0.035219
50.501250 2008 540.690371 7.785340 1386.806116 53.521931 0.141748 0.002527 -55.819037 1.039661 -7.599460 1.055820 40.792437 1.071980 80.088194 nan 3.871772 0.000063 719.184867 0.035380
57.501250 2008 642.622264 13.733282 1771.511724 181.267376 0.138861 0.009915 -52.455796 1.235603 -7.816347 2.006128 43.834198 2.776653 70.471643 nan 3.871772 0.000064 719.185326 0.035603
64.501250 2008 814.019588 13.395677 2510.306738 89.206574 0.135604 0.002203 -52.158521 1.236528 -4.245263 1.229869 42.717598 1.223210 74.604456 nan 3.871770 0.000064 719.186179 0.035906
71.501250 2008 1282.188778 124.175083 12834.770399 9739.660444 0.143191 0.010796 -58.121632 3.093317 -3.206873 3.481758 48.254012 3.870199 69.802693 nan 3.871776 0.000065 719.183233 0.036133
78.501250 2008 772.831743 12.832147 2206.823510 118.069972 0.145275 0.009274 -50.000261 2.884476 1.050209 2.054624 47.654500 1.224773 71.728515 nan 3.871775 0.000065 719.183798 0.036298
85.501250 2008 1057.283092 22.977123 3955.867765 385.105392 0.123275 0.010398 -45.200731 2.406696 3.246615 1.878848 53.175117 1.351000 71.343297 nan 3.871737 0.000066 719.205281 0.036709
99.501250 2008 1336.927127 14.949632 2483.167562 37.010044 0.130184 0.012301 -40.897655 3.057570 6.795167 2.480358 60.474534 1.903146 77.059236 nan 3.870854 0.000063 719.697007 0.035248
106.501250 2008 612.282885 9.091957 1427.609294 61.291702 0.121097 0.011348 -41.046803 3.254662 9.390222 2.353921 59.476821 1.453180 75.807352 nan 3.871784 0.000067 719.178875 0.037289
113.501250 2008 654.968605 13.478740 2885.898680 137.890801 0.128215 0.002629 -43.308360 1.214993 8.318080 1.611884 62.525089 2.008776 78.071318 nan 3.871791 0.000067 719.175305 0.037523
120.501250 2008 793.431776 12.958141 2518.582413 81.626462 0.135727 0.001920 -44.007294 0.908566 8.913091 1.216045 63.536883 1.523524 85.038216 nan 3.871784 0.000068 719.178952 0.037805
127.501250 2008 490.715769 6.609017 1192.603490 31.662380 0.140872 0.001958 -42.412800 0.648517 9.141682 1.189288 66.263382 1.730060 90.712539 nan 3.871786 0.000068 719.177948 0.037978
134.501250 2008 232.942935 3.577566 564.165383 11.290713 0.110258 0.002036 -34.032076 0.776729 9.403778 1.118151 59.276241 1.459574 73.940887 nan 3.871778 0.000068 719.182687 0.038088
141.501250 2008 261.786741 4.622765 767.537141 57.759240 0.101161 0.014119 -47.080141 3.247735 10.768508 2.646845 68.766072 2.045955 78.037185 nan 3.871781 0.000069 719.180838 0.038246
148.501250 2008 189.849147 3.103660 644.612469 22.031073 0.136512 0.002121 -54.792457 1.002859 5.937938 1.213831 64.156141 1.424802 94.668588 nan 3.871771 0.000069 719.186900 0.038446
155.501250 2008 148.790426 2.529654 471.266163 27.317775 -0.056208 0.089283 -49.180341 6.338678 10.742685 3.815662 64.232999 1.292646 80.136506 nan 3.871771 0.000069 719.186862 0.038537
162.501250 2008 125.970438 2.157706 433.307210 22.064904 0.130688 0.005275 -54.649274 0.944974 -0.492712 2.196051 61.063822 3.447128 92.235544 nan 3.871761 0.000069 719.192247 0.038609
176.501250 2008 267.428633 4.157326 757.048407 30.380059 0.129707 0.002948 -66.301376 1.598009 -4.911811 1.396413 49.900107 1.194817 91.361422 nan 3.871744 0.000070 719.202108 0.038937
190.501250 2008 131.408370 5.325464 995.649418 267.672994 0.687730 0.034803 -63.918681 1.438900 -6.744615 1.113446 39.142726 0.787992 55.725358 nan 3.871729 0.000070 719.210317 0.039145
197.501250 2008 381.603866 6.461888 1138.710702 50.411698 0.133955 0.008650 -68.581604 1.515505 -12.321346 2.080805 48.548744 2.646105 92.918247 nan 3.871728 0.000071 719.211173 0.039297
204.501250 2008 300.699931 5.270699 921.909830 54.455284 0.138145 0.002386 -66.518989 1.441035 -11.573608 1.199759 45.852801 0.958482 90.125456 nan 3.871717 0.000071 719.217077 0.039483
211.501250 2008 142.195960 2.186959 408.112571 18.701568 0.124253 0.002693 -63.431829 1.518123 -12.489672 1.392168 36.134215 1.266212 79.250615 nan 3.871805 0.000072 719.168453 0.039990
218.501250 2008 76.154895 1.315435 214.783965 12.849039 -1.182797 0.284166 -52.424525 2.925966 -7.645137 1.837192 22.437915 0.748418 45.341133 nan 3.871870 0.000072 719.132465 0.040366
225.501250 2008 396.434145 7.409007 1075.074596 69.576868 0.141180 0.002051 -63.241594 1.448974 -10.502104 1.277718 40.528673 1.106463 82.485011 nan 3.871876 0.000073 719.128869 0.040502
232.501250 2008 296.637171 5.889196 955.007929 72.866291 0.135871 0.002862 -64.563150 1.532939 -10.042847 1.450726 38.814190 1.368512 76.999445 nan 3.871869 0.000073 719.132924 0.040615
239.501250 2008 126.550312 2.056355 412.086234 10.679520 0.113324 0.002203 -54.162178 1.454398 -8.884031 1.344777 33.358464 1.235156 64.206632 nan 3.871876 0.000073 719.128767 0.040645
246.501250 2008 408.179431 11.400670 2445.819947 227.031761 0.100875 0.007865 -54.028465 3.320215 -4.564133 2.715088 39.073979 2.109961 55.453502 nan 3.871872 0.000073 719.131496 0.040718
253.501250 2008 310.708011 4.531819 814.563312 29.504180 0.139878 0.002011 -53.122794 1.153762 -3.912422 1.210946 42.332872 1.268131 74.825566 nan 3.871881 0.000073 719.126224 0.040868
260.501250 2008 289.921486 5.940016 977.501309 77.472079 0.128444 0.013925 -49.653001 1.714925 -3.985501 2.610651 42.855746 3.506377 65.578093 nan 3.871882 0.000074 719.125844 0.041021
274.501250 2008 232.302320 6.968598 1700.729369 125.558009 1.858453 0.190907 -46.691387 2.432144 -18.390502 3.574331 47.686444 4.716517 31.169335 nan 3.871891 0.000074 719.121139 0.041254
281.501250 2008 473.802224 18.705343 1590.915884 357.608554 0.128369 0.015434 -42.583373 3.172301 6.265970 2.283021 50.731275 1.393742 71.058271 nan 3.871897 0.000074 719.117339 0.041473
288.501250 2008 554.581397 11.107331 1502.788980 114.454938 0.137476 0.001989 -41.954255 0.845223 5.335942 1.050904 53.205062 1.256585 79.133825 nan 3.871896 0.000075 719.118425 0.041660
295.501250 2008 163.848440 2.481349 373.937110 21.509101 0.125179 0.003110 -37.928435 1.238264 7.326467 1.318539 56.668069 1.398814 75.179678 nan 3.871897 0.000075 719.117638 0.041757
302.501250 2008 194.115364 3.680374 705.009442 52.579304 -0.341916 0.178029 -43.730468 4.825203 7.836024 4.582177 56.525148 4.339151 45.951751 nan 3.871895 0.000075 719.118863 0.041919
309.501250 2008 137.830039 2.892373 430.969204 36.861339 -0.017030 0.071079 -38.244852 2.506468 10.802309 1.959719 61.297766 1.412970 77.153420 nan 3.871891 0.000076 719.121172 0.042146
316.501250 2008 177.161379 3.469791 645.426091 30.752945 0.061123 0.010165 -42.907043 5.303592 6.544076 5.229100 65.554624 5.154609 30.775066 nan 3.871889 0.000076 719.122315 0.042312
337.501250 2008 72.960784 2.786097 310.297965 52.477039 1.697015 0.147221 -48.667596 3.151514 4.027143 3.575379 55.626093 3.999244 68.522850 nan 3.871870 0.000077 719.133407 0.042798
34.501250 2009 119.519438 3.417040 505.280782 61.884903 1.756667 0.228759 -57.025119 3.110435 -2.989585 3.216812 36.840666 3.323189 34.314918 nan 3.871830 0.000081 719.156246 0.045084
41.501250 2009 76.618338 3.540059 336.363153 75.674450 -3.965787 0.320739 -53.872789 2.641094 -5.418305 3.392351 48.004689 4.143609 79.850864 nan 3.871824 0.000081 719.159974 0.045255
48.501250 2009 193.005101 4.068550 651.016977 47.757099 0.055156 0.007592 -56.561365 4.072334 -10.551881 4.242239 39.580322 4.412143 30.111737 nan 3.871830 0.000082 719.156799 0.045516
55.501250 2009 86.829731 1.999599 343.188048 26.952266 -0.500399 0.117090 -50.762333 4.199809 1.856979 4.285360 39.684486 4.370912 18.838650 nan 3.871823 0.000082 719.160548 0.045823
69.501250 2009 112.338476 2.891728 448.098450 38.358963 0.242424 0.238006 -48.491618 4.506645 -10.122779 4.581248 46.241775 4.655850 19.900634 nan 3.871834 0.000083 719.154455 0.046244
76.501250 2009 128.216098 2.888982 522.526942 32.747964 0.003954 0.016487 -44.469282 3.886202 2.229423 3.871521 45.526288 3.856840 17.343177 nan 3.871846 0.000084 719.148295 0.046543
83.501250 2009 89.025579 1.984566 396.113436 15.493731 -0.004471 0.016590 -41.639371 4.376041 0.828823 4.368469 52.003956 4.360898 12.488626 nan 3.871841 0.000084 719.150841 0.046855
97.501250 2009 62.480814 2.474486 624.506432 64.573412 0.029659 0.015558 -39.479238 7.350374 5.368558 7.325079 58.524658 7.299784 25.094580 nan 3.871850 0.000085 719.146350 0.047278
104.501250 2009 81.192211 2.191858 392.749499 29.705835 -0.161926 0.054055 -49.601040 4.837311 3.475020 4.494780 56.996640 4.152250 24.669285 nan 3.871854 0.000085 719.144033 0.047549
125.501250 2009 102.900382 3.825195 858.168267 93.839428 0.871953 0.257249 -41.847504 6.452440 4.384519 6.587766 58.993455 6.723092 58.393898 nan 3.871844 0.000086 719.149848 0.048026
174.501250 2009 15.585476 0.749291 246.359425 11.266366 0.257458 0.187071 -69.051434 10.563166 -3.619179 10.572886 60.041577 10.582606 24.951349 nan 3.871785 0.000088 719.183100 0.048842
195.501250 2009 62.206659 1.625875 296.722142 20.170176 1.327115 0.288827 -65.725437 4.484365 -10.518835 5.160373 51.457752 5.836381 36.501937 nan 3.871768 0.000088 719.192547 0.049273
202.501250 2009 383.160941 11.396693 1754.337187 320.348539 -0.133798 0.061562 -65.372012 5.087761 -10.793825 5.017644 35.847231 4.947527 45.857077 nan 3.871768 0.000088 719.192703 0.049269
216.501250 2009 110.955176 2.390474 407.925529 31.218606 0.837394 0.317502 -61.239931 3.984671 -15.441561 4.291799 33.186634 4.598928 28.789508 nan 3.871763 0.000089 719.195746 0.049471
230.501250 2009 98.065978 3.010559 663.241322 69.178691 1.785221 0.212683 -58.099718 3.755995 8.531049 3.530500 39.596345 3.305004 21.810066 nan 3.871762 0.000089 719.196014 0.049508
293.501250 2009 93.462212 3.313503 896.897446 60.711709 0.097334 0.175476 -40.898912 5.955700 8.654197 5.204320 59.290915 4.452939 64.842163 nan 3.871794 0.000091 719.178898 0.050818
307.501250 2009 98.193006 2.392157 417.674876 33.410142 -0.461795 0.111734 -46.897734 4.516007 -2.573061 4.577830 63.821548 4.639654 16.023854 nan 3.871789 0.000092 719.182050 0.051157
321.501250 2009 44.568921 1.304820 261.265725 16.661221 1.341034 0.291585 -66.465035 4.638804 -24.391400 4.820134 52.469151 5.001463 19.398275 nan 3.871776 0.000092 719.189553 0.051451
328.501250 2009 44.446784 1.298019 233.968063 16.538446 -1.283099 0.203691 -58.160284 5.541219 17.643620 5.325984 58.574742 5.110749 13.816751 nan 3.871758 0.000093 719.199537 0.051711
33.501250 2010 78.446835 2.135325 390.832938 26.814055 1.246055 0.299166 -58.808990 3.926178 -12.268137 4.165825 36.222384 4.405472 26.503547 nan 3.871807 0.000098 719.173513 0.054682
47.501250 2010 164.508615 4.220182 700.863569 69.065286 1.043547 0.322339 -52.041095 4.092158 -2.376398 3.941325 36.778569 3.790492 26.615937 nan 3.871883 0.000100 719.131716 0.055483
68.501250 2010 100.408967 2.871600 487.371885 43.488467 -0.273185 0.077049 -44.620913 3.827406 -1.944656 3.949701 47.452659 4.071996 26.205566 nan 3.871906 0.000101 719.119110 0.056307
75.501250 2010 62.039894 1.642574 303.892856 22.948361 -0.873116 0.165331 -43.487813 4.171531 -12.785415 4.209671 50.190841 4.247810 11.090121 nan 3.871906 0.000102 719.119472 0.056625
82.501250 2010 27.852963 0.952916 228.808217 13.889949 -0.621209 0.155923 -40.175468 5.316439 0.328522 5.575130 45.227767 5.833820 30.742703 nan 3.869017 0.000105 720.732905 0.058671
89.501250 2010 120.998575 3.627041 547.204073 67.730703 0.184096 0.294601 -43.458544 5.344362 2.230995 4.871369 52.714138 4.398376 37.193550 nan 3.871915 0.000102 719.114722 0.057082
96.501250 2010 4279.217764 94.425516 17098.242574 792.574121 0.104546 0.013968 -47.110998 3.617848 4.399908 3.479978 58.313173 3.342108 70.032828 nan 3.871914 0.000103 719.115606 0.057422
103.501250 2010 1380.169073 44.772723 8783.037374 995.662861 0.125633 0.003452 -42.545269 0.777502 4.231943 1.488778 57.305965 2.200054 77.524306 nan 3.867962 0.000106 721.322642 0.058994
110.501250 2010 338.992404 6.340940 1131.308574 77.855465 0.114713 0.002613 -38.497169 0.887786 5.495207 1.232450 53.513026 1.577114 74.244788 nan 3.871910 0.000104 719.118116 0.057706
117.501250 2010 165.645749 2.752547 480.824004 21.713851 0.088426 0.007578 -42.617283 2.575209 4.258677 2.674072 56.139282 2.772934 58.651593 nan 3.871910 0.000104 719.118025 0.057876
131.501250 2010 926.665113 15.247795 2616.737099 60.396111 0.131169 0.002017 -51.246902 0.866950 1.650351 1.057998 60.746785 1.249046 89.806216 nan 3.871894 0.000104 719.127176 0.058172
138.501250 2010 436.203542 7.819786 1371.846718 63.096173 0.121063 0.002779 -58.200117 1.360733 -0.757858 1.301367 54.796308 1.242001 84.125007 nan 3.872073 0.000103 719.026640 0.057122
145.501250 2010 335.705402 15.995174 1539.799956 475.034528 0.085099 0.003807 -56.463753 1.577400 -2.541325 1.677188 47.639904 1.776976 59.969422 nan 3.871874 0.000105 719.138524 0.058276
159.501250 2010 717.115243 11.606972 2045.313526 45.831450 0.126980 0.001993 -64.789770 1.413347 -8.733397 1.178215 45.643776 0.943083 88.340199 nan 3.871851 0.000105 719.151060 0.058603
166.501250 2010 467.562200 7.109337 1133.492436 34.541862 0.126311 0.003564 -70.014156 1.802326 -11.053297 1.521462 50.320504 1.240597 86.950420 nan 3.871836 0.000105 719.159400 0.058622
173.501250 2010 251.660929 3.563118 619.156895 17.485893 0.120703 0.003235 -68.814305 1.655830 -13.780645 1.564100 41.098850 1.472370 82.124983 nan 3.871832 0.000106 719.161832 0.058818
180.501250 2010 412.158731 6.292700 1192.888399 40.070310 0.140717 0.002234 -69.965434 1.549041 -14.488373 1.159864 38.517630 0.770687 91.971866 nan 3.871819 0.000106 719.169306 0.059009
187.501250 2010 219.615450 3.417799 657.099472 27.496868 0.132279 0.001593 -67.641054 1.368180 -16.010571 1.173674 34.739271 0.979168 84.309852 nan 3.871824 0.000106 719.166579 0.059071
194.501250 2010 144.319966 2.159735 424.744548 10.304594 0.120137 0.003296 -66.856659 1.332152 -17.030116 1.417861 31.105271 1.503569 74.386702 nan 3.871820 0.000106 719.169003 0.059049
208.501250 2010 313.440648 6.494475 1195.243417 81.509088 0.885407 0.382789 -66.265966 5.500666 -12.394582 4.783588 58.935214 4.066509 69.536840 nan 3.871814 0.000106 719.172248 0.059288
215.501250 2010 1144.819758 29.373829 5989.747431 418.078394 0.125848 0.010130 -63.098798 1.377437 -14.743599 1.703652 31.547531 2.029867 71.793956 nan 3.871824 0.000106 719.166519 0.059277
222.501250 2010 734.583131 14.067469 2327.127390 207.638508 0.131436 0.001880 -59.194165 1.138324 -12.295146 1.260259 31.475631 1.382194 70.159134 nan 3.871822 0.000106 719.167513 0.059268
229.501250 2010 316.356445 5.117603 965.312675 28.909399 0.118667 0.003293 -55.245800 1.154056 -11.174418 1.429343 31.583922 1.704629 62.796481 nan 3.871833 0.000107 719.161881 0.059421
236.501250 2010 471.211086 8.640593 1610.598871 81.404257 0.072664 0.044274 -52.440019 1.595821 -10.142002 2.344429 38.261427 3.093038 59.525886 nan 3.871834 0.000107 719.161499 0.059590
243.501250 2010 410.750261 6.199559 1186.195707 47.748233 0.156698 0.013055 -49.957011 0.996019 -8.199594 2.069236 39.651908 3.142452 67.705748 nan 3.871846 0.000107 719.154607 0.059663
250.501250 2010 209.810686 2.783502 499.280118 13.282694 0.131302 0.002669 -46.938292 0.824564 -4.390966 1.104618 39.581075 1.384671 68.470696 nan 3.871851 0.000107 719.151663 0.059749
257.501250 2010 165.778740 2.981786 487.993269 40.469415 0.103107 0.019631 -43.547155 2.465466 -1.242735 2.008049 43.161101 1.550631 64.130976 nan 3.871855 0.000108 719.150013 0.060005
264.501250 2010 116.293519 3.068647 462.419655 54.357103 -2.296256 0.259170 -40.783577 4.365036 20.498875 2.481636 47.183485 0.598235 27.537183 nan 3.871857 0.000108 719.148568 0.060221
285.501250 2010 444.781913 9.185524 1603.455900 84.304987 1.927596 0.446642 -43.425418 5.977263 13.601980 3.657276 57.973435 1.337288 51.147526 nan 3.871856 0.000109 719.149647 0.060677
292.501250 2010 197.796534 6.248290 742.652193 105.358758 -0.058951 0.052384 -45.392298 4.676775 5.436807 4.477954 56.690619 4.279132 40.910781 nan 3.871845 0.000109 719.155729 0.060864
299.501250 2010 536.485362 9.621974 1462.331382 101.638800 0.168341 0.016527 -49.046133 5.054064 4.393591 4.720943 62.982004 4.387822 76.523422 nan 3.871844 0.000109 719.156302 0.060901
306.501250 2010 194.542067 3.172291 541.832247 19.906508 0.101302 0.002550 -43.049363 0.975391 1.825845 1.136936 51.338680 1.298482 68.060782 nan 3.871835 0.000110 719.161648 0.061037
313.501250 2010 300.528319 8.887390 1463.797163 236.294659 0.091525 0.005980 -60.788756 2.131897 -0.164270 2.167156 57.705727 2.202415 62.442175 nan 3.871825 0.000110 719.167369 0.061313
320.501250 2010 233.127258 3.618658 623.812024 37.861185 0.138528 0.025465 -61.674661 3.824402 -10.441280 5.671936 64.015658 7.519471 66.468934 nan 3.871813 0.000110 719.173845 0.061549
327.501250 2010 108.491226 1.608515 305.496037 13.179812 0.114426 0.006110 -68.806546 2.175522 -6.390252 2.656922 57.611442 3.138321 79.300263 nan 3.871805 0.000111 719.178805 0.061690
348.501250 2010 135.840977 3.359532 584.229744 51.820199 -0.078058 0.048645 -72.759007 5.438548 -9.354137 5.458671 55.575159 5.478794 40.869074 nan 3.871777 0.000113 719.194824 0.062757
4.501250 2011 67.985577 2.249045 251.554770 35.822256 1.601606 0.091107 -61.512766 1.400521 -37.381929 1.818142 36.328391 2.235764 43.255343 nan 3.871763 0.000114 719.203187 0.063699
11.501250 2011 160.645721 2.939918 593.873790 17.658048 0.050217 0.005359 -64.845830 4.232418 -16.832266 4.536846 52.296524 4.841273 28.444404 nan 3.871764 0.000115 719.202861 0.063976
32.501250 2011 11.015111 0.577271 110.168877 15.779451 0.548841 0.050462 -53.084271 3.841936 19.258850 3.785218 36.397448 3.728499 21.558464 nan 3.876940 0.000111 716.324788 0.061723
39.501250 2011 364.905477 7.151454 1283.874172 75.860334 0.095288 0.009297 -54.124135 4.302200 -9.107766 4.042069 42.187748 3.781938 49.981700 nan 3.871776 0.000117 719.196612 0.065092
46.501250 2011 189.750020 3.295563 509.895471 24.710648 0.106487 0.006071 -49.329431 2.758019 -9.628231 2.678980 32.904368 2.599940 55.741144 nan 3.871781 0.000117 719.194133 0.065248
60.501250 2011 779.454058 18.448873 3617.016727 172.179095 -0.666300 0.262870 -48.677367 2.405601 -13.107739 3.117711 43.583331 3.829821 42.351117 nan 3.871799 0.000118 719.184500 0.065999
67.501250 2011 946.642787 21.280427 2859.552906 315.014489 0.123893 0.003530 -45.618132 1.191047 -2.909568 1.399207 43.654832 1.607367 66.593141 nan 3.871806 0.000119 719.180804 0.066277
74.501250 2011 775.488810 14.754569 2428.378889 208.113703 0.126877 0.002999 -44.237089 0.947204 -1.391974 1.205684 45.922704 1.464164 69.682606 nan 3.871801 0.000119 719.183959 0.066440
81.501250 2011 238.203144 3.474896 551.362685 24.904526 0.125951 0.003932 -45.208736 1.193232 0.420054 1.459315 47.911031 1.725398 71.540157 nan 3.871806 0.000120 719.181200 0.066772
88.501250 2011 213.052593 7.129272 876.700995 164.349161 0.062615 0.017440 -35.050281 2.904963 3.289526 2.530621 54.094459 2.156280 34.090808 nan 3.871798 0.000120 719.185615 0.067086
95.501250 2011 806.581589 14.826207 2428.871746 131.789323 0.133463 0.004189 -54.950049 1.061388 2.234073 1.317899 52.467948 1.574410 79.825227 nan 3.871806 0.000121 719.181525 0.067215
123.502361 2011 1281.490374 22.355334 3759.797948 151.268050 0.136138 0.001749 -56.601761 1.081465 0.512845 1.185470 60.851309 1.289476 91.731273 nan 3.871777 0.000121 719.197692 0.067641
130.502361 2011 831.154777 8.763136 2041.221496 87.508464 0.124727 0.001742 -50.899014 1.078104 -1.957344 1.122082 47.546386 1.166060 85.047732 nan 3.875383 0.000109 717.188046 0.060639
137.502361 2011 365.530261 5.599248 852.785716 38.570310 0.126260 0.002424 -58.883058 1.532753 -3.037023 1.373539 54.247852 1.214325 86.950416 nan 3.871751 0.000122 719.212520 0.067838
144.502361 2011 298.691659 13.146922 1178.343834 384.528849 0.083350 0.003761 -55.293141 1.596530 -7.180457 1.516633 35.794468 1.436736 58.072830 nan 3.871735 0.000122 719.221712 0.068035
151.502361 2011 1550.345695 27.314486 4271.454117 223.399573 0.130135 0.008038 -70.652147 1.507998 -11.653330 2.088263 43.918435 2.668528 92.112333 nan 3.871724 0.000122 719.227713 0.068064
158.502361 2011 598.114430 11.375895 1690.226633 136.898907 0.123735 0.004496 -66.458045 3.382208 -11.098514 2.107828 38.486069 0.833448 84.051203 nan 3.871714 0.000122 719.233129 0.068179
165.502361 2011 241.263616 3.650374 624.058559 35.322961 0.130890 0.002086 -68.519364 1.581746 -14.589012 1.273975 37.770080 0.966205 87.025109 nan 3.871715 0.000123 719.232628 0.068390
172.502361 2011 325.300984 7.061163 1240.934736 106.658991 0.107263 0.019353 -71.303737 4.217058 -13.962824 2.823239 53.235220 1.429420 81.526254 nan 3.871706 0.000123 719.237900 0.068561
179.502361 2011 311.500827 5.447344 1021.010655 42.769090 0.130427 0.003108 -68.469388 1.551382 -17.241241 1.404396 31.750499 1.257410 81.334831 nan 3.871705 0.000123 719.238359 0.068533
186.502361 2011 405.272358 8.618296 1254.729038 96.278750 0.126788 0.002264 -68.638708 1.533444 -18.057976 1.394662 30.195427 1.255880 76.191577 nan 3.871701 0.000123 719.240752 0.068597
193.502361 2011 310.977173 4.711000 924.908016 26.815804 0.150141 0.010176 -69.690305 1.294248 -17.472649 1.764686 35.824722 2.235124 78.754821 nan 3.871699 0.000123 719.241829 0.068762
200.502361 2011 384.069715 7.083775 1268.528735 85.657807 0.136031 0.002867 -64.307533 1.148278 -16.365250 1.322273 32.983848 1.496267 74.620767 nan 3.871696 0.000124 719.243636 0.068843
207.502361 2011 297.215064 4.819956 934.159828 38.888601 0.132131 0.002358 -62.595272 1.129620 -15.412076 1.294394 29.251200 1.459169 70.234025 nan 3.871705 0.000123 719.238611 0.068761
214.502361 2011 352.832074 13.377925 1294.944678 311.974731 0.009083 0.064261 -58.492177 1.185082 -15.703800 1.865949 29.435330 2.546815 64.764587 nan 3.871709 0.000124 719.236451 0.068846
228.502361 2011 310.864434 4.591840 775.903933 39.205428 0.142763 0.008995 -51.607056 0.955760 -10.301519 1.510868 32.564705 2.065976 65.694060 nan 3.871899 0.000126 719.131291 0.070076
242.502361 2011 54.516896 1.238303 150.209428 16.192709 -2.117530 0.450714 -43.746484 1.744468 -25.060116 2.510958 34.590159 3.277449 10.778864 nan 3.871911 0.000126 719.124779 0.070321
249.502361 2011 377.159958 15.006976 1151.097278 231.738353 0.069066 0.007308 -42.636464 3.955565 -3.749244 4.050367 44.461663 4.145169 35.204193 nan 3.871920 0.000127 719.120033 0.070637
256.502361 2011 1672.403067 31.568598 5477.524844 212.789753 0.138970 0.008768 -42.738305 0.704948 -2.399869 1.647337 48.372595 2.589726 67.118093 nan 3.871921 0.000127 719.119462 0.070822
263.502361 2011 445.743515 11.476397 1608.949112 262.901600 0.111648 0.005182 -39.703334 1.471082 -0.653837 1.597485 44.842198 1.723889 61.986334 nan 3.871918 0.000127 719.121245 0.070895
270.502361 2011 1085.257831 24.706705 4912.650908 343.365425 0.113500 0.006844 -49.690838 2.003035 0.803794 2.029438 53.871798 2.055841 65.099243 nan 3.871924 0.000128 719.118371 0.071125
277.502361 2011 783.122841 14.172587 2201.209735 219.457961 0.149567 0.013476 -43.692325 0.710448 -2.016893 2.648171 52.608242 4.585895 70.996723 nan 3.871919 0.000128 719.121157 0.071404
284.502361 2011 254.747079 4.612815 747.211155 51.275933 0.110332 0.003378 -38.553694 1.160488 2.370801 1.262232 49.590442 1.363975 68.430167 nan 3.871912 0.000128 719.125095 0.071549
291.502361 2011 72.366103 1.099435 173.503170 6.176432 -0.734572 0.100370 -38.492241 2.729438 -4.679024 2.697974 47.953329 2.666509 33.652120 nan 3.871907 0.000128 719.128087 0.071570
298.502361 2011 372.739656 9.770696 1778.559654 269.401813 -0.772660 0.153772 -46.287617 2.474658 5.439228 2.320339 49.985157 2.166020 65.267011 nan 3.871893 0.000129 719.135680 0.071782
305.502361 2011 463.120230 11.138235 1776.495662 161.504962 0.097908 0.025926 -55.302204 2.964963 -1.464043 3.067782 52.819687 3.170602 71.894800 nan 3.871877 0.000129 719.144854 0.072147
312.502361 2011 208.339745 3.393629 571.541556 36.892027 0.115970 0.002753 -56.828505 1.400558 -3.509013 1.320253 47.667677 1.239947 78.736961 nan 3.871872 0.000130 719.147992 0.072336
326.502361 2011 51.418335 1.013553 154.373791 10.414078 0.016816 0.286748 -65.051169 3.972284 -14.667246 4.793639 59.603597 5.614995 40.166025 nan 3.871847 0.000131 719.162424 0.072909
333.502361 2011 150.138340 3.398898 625.837616 44.318220 0.019572 0.016662 -71.047070 5.015930 -10.428886 5.074308 55.816189 5.132685 42.082348 nan 3.871836 0.000132 719.168880 0.073388
10.502361 2012 66.213638 1.481275 307.758896 8.599325 0.018059 0.000768 -62.328367 4.188617 -18.691190 4.377219 31.530319 4.565821 9.159888 nan 3.871815 0.000135 719.181420 0.075212
24.502361 2012 763.092768 16.913564 2746.694065 254.513468 0.079135 0.027695 -58.505665 2.201052 -14.215167 2.055662 37.528369 1.910273 59.389311 nan 3.871826 0.000136 719.175964 0.075982
31.502361 2012 320.594154 5.378452 865.690494 48.546616 0.121320 0.002362 -53.206940 1.068258 -13.136731 1.326212 30.279361 1.584165 61.939179 nan 3.871840 0.000137 719.168517 0.076156
38.502361 2012 267.993813 4.472402 856.373550 35.798725 0.130787 0.002433 -50.799255 1.001094 -10.915344 1.310506 38.197394 1.619919 65.492721 nan 3.871848 0.000137 719.163968 0.076423
45.502361 2012 708.487842 15.981194 3069.409360 172.987053 0.124304 0.003082 -47.302911 1.212651 -8.785909 1.351826 36.033341 1.491001 62.523101 nan 3.871866 0.000138 719.154172 0.076820
52.502361 2012 601.322110 11.137589 1731.387300 110.539645 0.124562 0.002430 -45.230894 0.741465 -6.776638 1.149770 35.810773 1.558076 63.203777 nan 3.871861 0.000139 719.157514 0.077223
59.502361 2012 686.405617 17.032102 2163.320035 307.610948 0.121800 0.005002 -44.389941 2.989046 -2.945819 2.249339 40.083652 1.509633 62.711771 nan 3.871869 0.000139 719.152924 0.077393
66.502361 2012 1334.416561 35.625147 4832.080605 672.304327 0.192829 0.069684 -40.794810 0.805812 -3.148106 1.426914 40.223235 2.048017 65.335262 nan 3.871871 0.000139 719.152445 0.077665
73.502361 2012 1603.517350 33.256941 6183.348497 435.553086 0.130890 0.002442 -41.047896 0.631497 -0.473470 1.176845 54.356149 1.722192 71.819893 nan 3.871868 0.000140 719.154169 0.078032
80.502361 2012 1596.198981 29.720472 5144.298972 229.003698 0.131816 0.002553 -40.710920 0.627920 0.150870 1.027847 48.221506 1.427773 74.781714 nan 3.871865 0.000140 719.155840 0.078264
87.502361 2012 772.864587 14.630064 2486.359972 166.488819 0.122834 0.003773 -44.459207 1.081318 1.041034 1.329227 50.444697 1.577136 73.010818 nan 3.871868 0.000140 719.154426 0.078262
94.502361 2012 771.591607 25.773269 2848.615599 692.458631 0.124277 0.003081 -48.593265 1.040506 0.882220 1.249959 51.945548 1.459413 76.545656 nan 3.871858 0.000141 719.159909 0.078380
101.502361 2012 651.980626 13.552473 1969.604506 190.117785 0.125880 0.002683 -47.909303 0.945257 0.628558 1.112597 50.524870 1.279937 79.736468 nan 3.871851 0.000141 719.164119 0.078588
109.502361 2012 581.798457 5.925333 1378.307897 58.109261 0.130026 0.002091 -50.016242 1.090748 0.164492 1.204964 50.190570 1.319181 84.514886 nan 3.867162 0.000132 721.779790 0.073640
116.502361 2012 2458.725564 50.856927 10199.614756 515.087385 0.120911 0.005520 -52.914872 4.145013 0.819618 2.760369 59.713120 1.375725 80.018874 nan 3.870998 0.000143 719.640361 0.079451
129.502361 2012 970.208807 18.259573 3201.372546 137.692029 0.118233 0.002837 -59.083796 1.535441 -5.800023 1.260636 44.030272 0.985831 80.175284 nan 3.871799 0.000142 719.193259 0.078909
136.502361 2012 624.565716 10.128183 1737.832808 68.463778 0.126620 0.001702 -62.257533 1.381436 -8.779472 1.023509 42.121671 0.665581 85.741373 nan 3.871782 0.000142 719.202762 0.079019
143.502361 2012 623.265276 14.224415 1600.127594 191.056310 0.128215 0.002310 -69.447751 1.702848 -11.314421 1.294308 38.300256 0.885768 86.204638 nan 3.871771 0.000142 719.209194 0.079008
150.502361 2012 240.336993 3.449860 585.749110 19.431089 0.122452 0.002142 -65.762767 1.486748 -13.879709 1.263663 35.771868 1.040578 81.565310 nan 3.871767 0.000142 719.211531 0.079149
157.502361 2012 898.387481 15.304985 2866.786565 67.005601 0.121949 0.009196 -69.961685 1.605457 -16.441653 1.781007 34.096323 1.956558 82.888980 nan 3.871760 0.000143 719.215365 0.079414
164.502361 2012 888.234822 17.624400 2432.311557 193.761113 0.128575 0.001925 -67.499045 1.409743 -17.581209 1.261243 31.977569 1.112743 81.266440 nan 3.871759 0.000143 719.216029 0.079474
171.502361 2012 1208.034432 26.350196 4167.487148 419.172359 0.131543 0.003125 -70.347043 1.258839 -18.641226 1.448930 31.610832 1.639021 79.468762 nan 3.871749 0.000142 719.221535 0.079380
178.502361 2012 531.934587 11.087876 1713.849635 192.596781 0.122727 0.002649 -68.006808 1.336957 -19.561030 1.370063 27.592584 1.403169 72.387305 nan 3.871793 0.000142 719.196469 0.079094
192.502361 2012 1600.124900 31.948202 5321.142364 362.106344 0.135249 0.009677 -63.813861 1.296044 -18.356745 1.520724 26.469612 1.745403 66.929359 nan 3.871757 0.000143 719.217337 0.079625
199.502361 2012 3255.574231 72.862784 14756.745045 783.434941 0.123262 0.004426 -59.184912 1.226851 -17.021838 1.524849 28.775685 1.822847 63.206831 nan 3.871758 0.000143 719.216424 0.079564
206.502361 2012 1689.377663 34.006007 7067.894093 298.724839 0.155181 0.013416 -56.800906 0.965917 -15.768696 1.596240 29.842323 2.226562 65.612859 nan 3.871771 0.000143 719.209539 0.079702
213.502361 2012 822.195666 15.747340 3220.727510 171.422266 0.134642 0.008478 -52.017656 0.838644 -13.725528 1.215703 27.184282 1.592761 61.425796 nan 3.871779 0.000143 719.204935 0.079942
220.502361 2012 391.008242 6.319824 1011.990682 52.884747 0.124871 0.002344 -48.046744 0.792511 -11.468858 1.031233 29.185593 1.269955 60.163552 nan 3.871797 0.000144 719.195241 0.080017
227.502361 2012 302.025034 5.220497 772.600339 48.616102 0.126465 0.002785 -45.573610 0.695695 -9.149280 1.029461 33.172738 1.363227 60.977962 nan 3.871799 0.000144 719.194114 0.080074
234.502361 2012 366.907606 5.655076 1074.838887 35.008361 0.133463 0.003049 -44.097371 0.665528 -6.976426 1.037724 37.972059 1.409920 64.455840 nan 3.871803 0.000144 719.191859 0.080348
241.502361 2012 231.313474 3.451160 636.320291 35.525961 0.140359 0.009387 -43.314611 0.741087 -6.308672 1.628885 37.945160 2.516682 63.639429 nan 3.871804 0.000145 719.192026 0.080649
248.502361 2012 955.872923 23.490846 4144.605997 443.327691 0.088546 0.018883 -38.153492 0.675771 -4.743283 1.523741 38.753142 2.371711 55.295478 nan 3.871808 0.000145 719.189602 0.080757
255.502361 2012 479.702439 7.777012 1173.068200 48.153126 0.124047 0.001977 -39.125056 0.490872 -1.782775 0.817076 41.869069 1.143280 66.411028 nan 3.871800 0.000145 719.194107 0.080853
262.502361 2012 367.583323 7.025077 1031.695533 99.315815 0.134001 0.015870 -41.178295 0.674026 -4.711020 2.525766 47.517930 4.377507 62.165850 nan 3.871808 0.000146 719.189637 0.081132
276.502361 2012 397.393501 11.982458 2045.717345 449.023576 0.588895 0.326038 -40.304852 4.531517 5.426270 2.725047 45.098381 0.918577 58.326810 nan 3.871791 0.000146 719.199443 0.081394
283.502361 2012 2050.850843 59.421216 13892.232434 1129.530963 0.127320 0.011482 -48.394393 3.931262 3.057561 2.849732 54.119572 1.768203 69.260177 nan 3.871209 0.000138 719.520875 0.077152
290.502361 2012 2402.809825 51.784360 9791.094987 743.551028 0.142084 0.015341 -57.062964 3.906141 -1.068610 4.341046 53.853839 4.775952 73.519587 nan 3.871776 0.000147 719.208241 0.081792
304.502361 2012 717.740108 14.482831 2716.975754 129.292205 0.107995 0.003532 -63.444411 1.627458 -4.776863 1.432717 46.982067 1.237977 71.749308 nan 3.871743 0.000148 719.226965 0.082244
311.502361 2012 321.203778 5.109400 795.273627 33.483258 0.095225 0.014344 -67.264487 1.778987 -11.237749 2.959412 50.322140 4.139837 76.243438 nan 3.871721 0.000148 719.239252 0.082547
339.502361 2012 93.638873 1.493892 271.338819 5.472624 0.034822 0.016141 -64.425016 2.275828 -17.174170 2.324829 25.584415 2.373829 41.218194 nan 3.871698 0.000151 719.253620 0.084108
15.502361 2013 261.204124 5.360804 950.048212 61.524010 0.686386 0.328902 -57.167839 3.314329 -18.160824 3.776122 37.449604 4.237916 44.764319 nan 3.872307 0.000152 718.914762 0.084958
22.502361 2013 152.392704 2.942795 558.817044 28.760840 0.071542 0.025127 -52.008804 2.494480 -14.740965 2.869335 28.844120 3.244191 53.331135 nan 3.871577 0.000150 719.320271 0.083313
29.502361 2013 272.716254 6.142473 962.619515 91.114872 0.106914 0.008422 -51.860633 2.674338 -12.671183 2.921356 31.623593 3.168375 51.538969 nan 3.870799 0.000157 719.757389 0.087255
36.502361 2013 104.418215 2.176572 395.593448 33.996521 -0.233004 0.079212 -52.192669 3.273972 -13.169613 3.809433 37.342390 4.344893 26.222505 nan 3.871578 0.000150 719.319833 0.083439
50.502361 2013 110.888529 2.696451 504.679858 35.693124 -0.013236 0.017761 -40.998285 3.179353 -5.873146 3.322511 37.973408 3.465668 22.993230 nan 3.871843 0.000159 719.176122 0.088470
57.502361 2013 373.604839 13.103218 1567.210747 297.215666 -0.006691 0.018601 -42.848636 3.549401 -4.664059 3.643969 38.327620 3.738538 22.559410 nan 3.871848 0.000159 719.173542 0.088685
64.502361 2013 437.365589 7.435372 1320.066610 61.322479 0.132228 0.001972 -41.884899 0.594081 -1.859383 0.880183 41.143308 1.166284 69.448227 nan 3.871850 0.000159 719.172637 0.088835
71.502361 2013 175.872299 2.724002 489.274039 18.938809 0.104775 0.003743 -39.305900 1.029715 -0.946593 1.210721 39.682298 1.391727 58.730520 nan 3.871846 0.000160 719.174905 0.089056
78.502361 2013 1343.842902 31.098256 5732.478230 735.100990 0.115499 0.012226 -43.500431 2.361819 -0.268580 2.696896 46.568074 3.031972 69.722875 nan 3.871840 0.000160 719.178356 0.089189
85.502361 2013 1048.175756 22.326396 3551.622466 383.132064 0.103261 0.011162 -57.131065 3.692927 -0.079442 3.784116 45.733699 3.875304 65.099820 nan 3.871834 0.000160 719.181922 0.089119
92.502361 2013 818.875807 16.371256 2338.335710 185.268197 0.130688 0.001779 -46.318157 0.728839 -0.058261 0.782844 47.888274 0.836849 79.924098 nan 3.871823 0.000160 719.187948 0.089036
99.502361 2013 265.244923 4.613518 822.864079 24.175151 0.100483 0.002434 -40.929137 0.883426 -0.867539 0.895528 38.890083 0.907631 64.200742 nan 3.871808 0.000160 719.196017 0.089092
106.502361 2013 119.899815 2.266686 434.988248 18.635399 0.038322 0.014870 -35.673760 0.979621 -4.122091 1.556607 29.367529 2.133594 38.721313 nan 3.871794 0.000160 719.204001 0.089165
113.502361 2013 445.699745 11.687716 2579.236607 124.968397 0.064159 0.022366 -55.867928 2.686144 -4.286638 2.619807 41.938303 2.553469 55.473945 nan 3.871781 0.000160 719.211497 0.089166
120.502361 2013 978.098284 23.215862 2842.264386 337.960401 0.130170 0.002972 -60.807393 1.453549 -6.238890 1.245901 45.165426 1.038253 85.621065 nan 3.871765 0.000160 719.220184 0.089247
127.502361 2013 581.732031 10.484207 1869.251145 113.971394 0.124304 0.001545 -60.194559 1.397323 -8.856527 0.987761 37.414493 0.578199 82.333423 nan 3.871750 0.000160 719.228880 0.089314
134.502361 2013 403.980947 14.656174 1410.699870 408.376979 0.108303 0.003376 -60.865317 1.947722 -11.336203 1.466297 33.810911 0.984872 71.778810 nan 3.871739 0.000160 719.235113 0.089432
141.502361 2013 674.871661 18.262356 1990.949995 315.749220 0.120549 0.002345 -63.071392 1.555280 -13.892458 1.290416 38.295761 1.025552 78.516352 nan 3.871731 0.000161 719.239595 0.089519
148.502361 2013 1235.967889 22.276874 3727.569030 176.643506 0.122097 0.012510 -68.289949 2.325080 -14.811488 2.182357 37.664038 2.039633 81.623450 nan 3.871723 0.000161 719.243997 0.089586
155.502361 2013 1434.193199 31.283823 4777.478649 504.455408 0.132131 0.002872 -68.089242 1.426912 -17.296689 1.341213 33.401738 1.255514 80.855295 nan 3.871717 0.000161 719.247449 0.089790
162.502361 2013 1130.350903 22.825716 4079.972473 285.814694 0.125452 0.002074 -71.179715 1.337922 -19.157853 1.306096 28.113045 1.274270 74.681134 nan 3.871718 0.000161 719.247259 0.089824
169.502361 2013 504.836323 9.590097 1752.750237 56.089756 0.105149 0.003707 -66.297174 1.466546 -20.473024 1.550167 28.079102 1.633788 60.808268 nan 3.871720 0.000161 719.245736 0.089754
176.502361 2013 1161.321467 29.492796 3778.861069 471.317559 0.125185 0.004246 -65.739230 1.530566 -18.790685 1.665784 28.975127 1.801003 67.568671 nan 3.871724 0.000161 719.243659 0.089837
183.502361 2013 1458.785585 33.641091 6484.094188 608.597967 0.129727 0.003940 -62.056980 1.217626 -18.117295 1.533280 27.741452 1.848934 66.502321 nan 3.871730 0.000161 719.240482 0.089914
190.502361 2013 1523.507175 29.246985 5169.606922 271.760003 0.127696 0.002894 -58.552464 1.066914 -16.743849 1.346733 26.306815 1.626552 63.488568 nan 3.871739 0.000161 719.235214 0.089973
197.502361 2013 1620.489064 30.791129 5182.516686 306.830258 0.132434 0.003907 -53.052142 0.890426 -15.050972 1.347799 29.295165 1.805172 62.596610 nan 3.871750 0.000162 719.229214 0.090004
211.502361 2013 280.931732 4.266058 751.697249 32.531312 0.127494 0.001425 -48.999981 0.799630 -11.925287 1.056062 26.100564 1.312495 58.770041 nan 3.871767 0.000162 719.220034 0.090461
218.502361 2013 556.051944 10.998741 1813.475792 123.890090 0.136031 0.009936 -47.484905 0.972188 -10.119998 1.506455 31.468371 2.040723 57.719557 nan 3.871777 0.000163 719.214957 0.090683
225.514862 2013 148.809498 9.108111 758.003774 23.704474 0.103393 0.008583 -39.750875 4.619873 -5.362373 3.423351 33.731705 2.226829 49.025183 nan 3.880003 0.000163 714.650370 0.090427
232.502361 2013 554.197431 8.963717 1607.075690 65.997296 0.149419 0.012988 -43.528445 0.802279 -7.670358 1.813919 34.972354 2.825559 58.818505 nan 3.871788 0.000164 719.209320 0.091164
239.502361 2013 598.807081 11.271688 1808.241718 87.693956 0.124304 0.002804 -39.439472 0.569507 -3.943154 0.934626 38.682579 1.299744 61.240574 nan 3.871788 0.000164 719.209395 0.091399
246.502361 2013 365.310891 6.153813 1056.606191 56.432752 0.135527 0.009087 -38.155329 0.396752 -3.811638 1.413894 41.134883 2.431036 62.614845 nan 3.871787 0.000164 719.210074 0.091622
253.502361 2013 136.134719 1.934425 361.687418 14.756608 0.115245 0.003271 -38.285362 0.839978 -0.887739 1.131425 42.796805 1.422872 62.059267 nan 3.871783 0.000165 719.212394 0.091719
260.502361 2013 156.891383 3.220062 538.132779 48.018158 0.120278 0.014439 -41.789609 3.900560 -2.195318 4.366538 47.255481 4.832516 57.662810 nan 3.871774 0.000165 719.217911 0.091998
281.502361 2013 505.537742 9.985358 1328.083620 131.659801 0.123636 0.003555 -52.229320 1.455584 -1.409117 1.368797 49.940087 1.282011 76.229960 nan 3.871737 0.000166 719.238978 0.092600
288.502361 2013 616.794607 12.980107 1909.527078 168.368639 0.128266 0.001901 -56.870408 1.495757 -1.982684 1.224767 48.144123 0.953778 80.962937 nan 3.871721 0.000167 719.247840 0.092848
295.502361 2013 221.662133 3.253805 587.664487 18.283205 0.114992 0.002061 -55.159025 1.352838 -4.509423 1.058419 41.861562 0.763999 74.398114 nan 3.871705 0.000168 719.257147 0.093372
302.502361 2013 228.897432 4.691140 717.617993 62.685909 0.103364 0.004238 -59.572564 2.494206 -5.988469 1.765205 36.466521 1.036204 67.691749 nan 3.871693 0.000168 719.264033 0.093637
309.502361 2013 235.514587 8.815441 794.305295 127.970883 0.036908 0.008868 -62.424160 5.006462 -8.442600 5.080226 37.671114 5.153991 27.761804 nan 3.871682 0.000169 719.270653 0.094008
316.502361 2013 608.860529 12.419152 1869.095205 140.560406 0.124356 0.002473 -65.267180 1.365984 -11.824194 1.280465 37.015749 1.194946 80.523338 nan 3.871671 0.000169 719.277373 0.094441
337.502361 2013 103.730830 2.421651 435.659882 30.140313 -0.093251 0.037940 -63.999869 4.326426 -14.932828 4.827262 56.943141 5.328098 36.624523 nan 3.871659 0.000172 719.285015 0.095593
344.502361 2013 259.162926 6.078335 891.382621 80.721628 0.064070 0.018539 -65.340536 2.769728 -18.656016 3.520331 46.162846 4.270934 58.050637 nan 3.871659 0.000172 719.285435 0.096000
351.502361 2013 163.023249 4.692865 671.179512 82.156791 -0.720811 0.160214 -62.276534 3.923185 -7.056386 4.429292 39.861344 4.935399 38.544219 nan 3.871663 0.000173 719.283561 0.096305
358.502361 2013 52.447619 1.443781 286.923568 18.804840 -0.733639 0.156334 -61.997109 3.284488 -17.940013 3.456321 25.283531 3.628154 21.709109 nan 3.871671 0.000173 719.279014 0.096471
7.502361 2014 119.747880 2.250102 434.072308 18.414424 0.038144 0.007004 -54.729445 3.196925 -17.517306 3.412848 32.907715 3.628771 21.911692 nan 3.871688 0.000174 719.270245 0.097108
35.502361 2014 74.918239 2.444333 347.480664 35.871014 -1.355519 0.222936 -45.672894 2.940692 -18.151867 3.097251 34.625721 3.253811 10.379646 nan 3.871725 0.000176 719.250737 0.098250
49.502361 2014 731.538036 19.034880 3874.468223 432.275576 0.099112 0.019180 -40.768140 0.754433 -4.253946 1.104255 34.314935 1.454077 58.134535 nan 3.871734 0.000177 719.245762 0.098592
56.502361 2014 705.222509 15.177251 2665.009029 255.113688 0.114285 0.002741 -37.380940 0.809965 -2.503834 0.926658 34.738125 1.043351 58.565388 nan 3.871766 0.000178 719.228122 0.098962
63.502361 2014 219.828997 3.769644 579.636966 27.148860 0.118439 0.013001 -41.787110 0.635971 -2.593683 1.568894 42.273036 2.501817 68.019472 nan 3.871880 0.000179 719.165667 0.099682
84.502361 2014 73.344876 1.710915 320.040366 18.622301 -0.061704 0.026266 -45.969687 4.347023 2.890527 4.308242 48.659005 4.269460 12.254846 nan 3.871848 0.000179 719.183133 0.099584
105.502361 2014 477.570772 11.086840 1217.691697 145.588765 0.117925 0.001839 -52.370223 1.313636 -4.059332 0.963429 40.512943 0.613223 75.320191 nan 3.871800 0.000179 719.209566 0.099461
112.502361 2014 386.845701 7.577809 1137.439198 87.182202 0.128163 0.001404 -57.586673 1.290358 -6.365742 0.934184 39.535042 0.578010 82.097062 nan 3.871783 0.000179 719.219228 0.099625
119.502361 2014 411.099951 10.092786 1399.838036 143.464682 0.087021 0.027437 -60.281627 1.529141 -8.723237 1.233318 37.783887 0.937495 80.021485 nan 3.871768 0.000179 719.227738 0.099727
140.502361 2014 138.422355 4.782652 523.027385 102.228742 -2.918138 0.430591 -60.022798 3.783552 4.816852 4.382904 48.147652 4.982256 57.946884 nan 3.871741 0.000179 719.243019 0.099879
154.502361 2014 53.080513 1.599545 226.869468 22.627516 -1.262996 0.203836 -66.860723 4.428936 -8.561989 4.402434 42.857220 4.375931 15.409756 nan 3.871740 0.000179 719.243724 0.099929
168.502361 2014 149.756521 4.082810 697.068394 72.357556 -0.828763 0.168222 -62.005311 3.257176 -12.575205 4.227707 58.223774 5.198239 55.465757 nan 3.871751 0.000179 719.237802 0.099971
203.502361 2014 7.096042 0.373017 78.582142 4.747746 0.275484 0.009402 -38.855553 1.052822 -0.825648 1.496723 38.683996 1.940624 73.954164 nan 3.871803 0.000181 719.209385 0.100619
210.502361 2014 37.425279 1.402465 180.091324 21.650409 -1.866903 0.200477 -44.825187 3.321713 8.164580 3.590387 38.592021 3.859060 11.312127 nan 3.871812 0.000181 719.204177 0.100783
217.502361 2014 184.003908 3.745110 756.991749 31.993541 0.060639 0.007754 -42.265766 3.245266 -8.060993 3.298298 33.522731 3.351331 25.009732 nan 3.871819 0.000181 719.200691 0.100984
224.502361 2014 109.003545 2.443198 462.022716 26.481777 0.018059 0.007168 -40.100637 3.104138 -5.709954 3.183853 33.740702 3.263569 12.775572 nan 3.871821 0.000182 719.199775 0.101298
231.502361 2014 135.020936 3.280382 702.608762 44.452505 -0.497321 0.329368 -39.253321 2.757460 -0.493785 2.764424 36.623124 2.771387 28.228433 nan 3.871819 0.000182 719.201120 0.101541
252.502361 2014 386.144153 8.165064 1073.587638 115.862385 0.128414 0.009537 -42.401947 0.933148 -3.681029 1.845575 40.206834 2.758002 60.666694 nan 3.871797 0.000183 719.214036 0.102038
259.502361 2014 414.118026 10.027603 1861.491319 158.504568 -0.630732 0.205744 -44.875537 1.476092 -11.154807 3.117642 38.820452 4.759192 49.807919 nan 3.871782 0.000184 719.222745 0.102262
266.502361 2014 610.198597 12.674370 2059.775940 151.173619 0.127643 0.002140 -49.406166 1.197405 -0.199175 1.104153 48.283046 1.010902 73.532139 nan 3.871767 0.000184 719.230718 0.102357
273.502361 2014 641.967421 10.837259 2084.097631 44.912377 0.122967 0.001431 -51.201266 1.228656 -1.070417 0.962985 42.833477 0.697313 73.346599 nan 3.871752 0.000184 719.239408 0.102605
280.502361 2014 395.490926 7.119788 1191.787074 64.660739 0.118130 0.002324 -55.145702 1.394635 -2.855230 1.119975 42.988685 0.845315 72.421884 nan 3.871736 0.000184 719.248494 0.102803
287.502361 2014 524.997841 11.462604 1443.265354 143.244019 0.115400 0.007702 -56.481791 1.451554 -5.120862 2.089961 40.341943 2.728367 74.512030 nan 3.871718 0.000186 719.259332 0.103420
308.502361 2014 656.563491 14.582193 1858.778789 193.069995 0.117976 0.002814 -61.921989 1.489803 -10.862043 1.289839 34.886220 1.089875 74.307712 nan 3.871684 0.000188 719.279435 0.104677
315.502361 2014 534.179057 12.328511 1626.717277 179.437707 0.118696 0.002660 -60.847387 1.333723 -13.149703 1.191432 33.860620 1.049141 74.093149 nan 3.871679 0.000188 719.282218 0.104908
322.502361 2014 714.456521 12.657446 2243.437405 77.059007 0.124973 0.002045 -59.904041 1.037851 -15.142458 1.101207 35.746981 1.164564 75.758580 nan 3.871677 0.000189 719.283728 0.105173
329.502361 2014 280.061507 4.979020 868.231232 47.756441 0.116850 0.001927 -60.747062 1.140612 -17.449740 1.188497 28.367228 1.236382 69.787269 nan 3.871680 0.000189 719.282429 0.105469
336.502361 2014 307.509034 5.919194 978.664057 77.872834 0.118293 0.004138 -61.895883 1.208516 -18.260130 1.475401 31.623106 1.742287 67.665931 nan 3.871683 0.000190 719.280939 0.105844
343.502361 2014 1046.470976 18.063321 3070.463497 103.257393 0.125613 0.002833 -60.726020 1.185545 -18.205728 1.338358 30.332407 1.491170 68.617506 nan 3.871689 0.000190 719.277867 0.106142
350.502361 2014 548.259455 9.377338 1529.686272 76.098908 0.120857 0.002333 -57.847394 1.061414 -18.507223 1.307413 25.185889 1.553412 62.851705 nan 3.871698 0.000191 719.273062 0.106327
357.502361 2014 581.071378 12.208941 1755.271876 145.268297 0.112059 0.003360 -57.821049 1.146872 -18.450768 1.445994 26.313755 1.745115 56.437376 nan 3.871709 0.000192 719.267853 0.106800
6.502361 2015 1022.780249 21.668980 3980.271071 341.881721 0.117667 0.002582 -54.519153 1.048988 -15.294186 1.273748 29.795923 1.498508 53.817724 nan 3.871730 0.000193 719.256709 0.107410
13.502361 2015 244.816421 4.306965 591.049817 40.512803 0.124407 0.002045 -50.002343 0.956491 -12.775292 1.171107 24.905521 1.385724 55.018632 nan 3.871741 0.000193 719.250466 0.107619
20.502361 2015 129.376336 2.382742 396.445830 34.314657 -0.241406 0.108666 -44.644623 3.884828 -4.682022 3.192967 32.796861 2.501105 40.968358 nan 3.871752 0.000194 719.244744 0.107950
27.502361 2015 273.019876 4.887953 874.328049 41.418514 0.115815 0.003587 -42.694163 1.468845 -7.974966 1.295856 24.697269 1.122867 51.014715 nan 3.871759 0.000194 719.241117 0.108177
34.502361 2015 723.508595 12.207686 2051.317419 70.826520 0.081675 0.015789 -41.852255 0.621548 -10.469996 2.064628 39.488614 3.507707 46.850578 nan 3.871760 0.000195 719.240959 0.108466
41.502361 2015 262.216965 5.056156 689.459147 54.616870 0.113965 0.002811 -38.936989 0.766644 -4.159970 0.856042 30.734715 0.945440 53.353678 nan 3.871761 0.000195 719.240316 0.108509
48.502361 2015 397.011623 9.703138 1526.075392 160.830947 0.082067 0.021305 -33.357195 1.086824 -3.350949 1.224362 32.241954 1.361900 50.483874 nan 3.871758 0.000195 719.241972 0.108637
55.523195 2015 425.798786 11.201578 1570.729135 190.086361 0.118496 0.003213 -36.063703 0.676674 -1.307357 0.880062 36.445956 1.083450 59.359922 nan 3.875983 0.000205 716.898681 0.114112
69.502361 2015 513.633186 9.050498 1360.116070 79.864712 0.125848 0.001902 -40.078872 0.680548 0.149897 0.638420 40.359867 0.596293 68.742242 nan 3.871729 0.000195 719.258451 0.108512
90.502361 2015 777.003166 14.206134 2753.726980 112.147392 0.112274 0.004440 -55.493932 3.624047 0.083702 2.342406 59.042359 1.060765 67.949440 nan 3.871681 0.000194 719.284715 0.108357
97.502361 2015 573.759621 13.074678 2115.608925 268.204822 0.119262 0.003469 -51.392344 1.554865 -4.145957 1.334565 38.830777 1.114264 73.271486 nan 3.871664 0.000195 719.294277 0.108451
104.502361 2015 1485.314081 37.624321 6323.966478 897.445348 0.116896 0.002645 -57.720548 1.627143 -6.405578 1.258482 39.976359 0.889820 72.749026 nan 3.871649 0.000195 719.303002 0.108484
111.502361 2015 1378.918228 26.316499 4756.965453 321.035915 0.131713 0.002493 -57.568459 1.631150 -7.417413 1.210129 41.425373 0.789108 81.621955 nan 3.871637 0.000195 719.309515 0.108507
118.502361 2015 506.899756 9.486336 1734.248843 80.420496 0.110773 0.002825 -57.487043 1.505836 -10.858047 1.372963 36.226882 1.240091 69.333380 nan 3.871625 0.000195 719.316004 0.108567
132.502361 2015 1030.578870 22.636142 3788.584855 349.993236 0.113654 0.004985 -64.395088 3.543914 -13.272750 2.541218 44.182099 1.538523 68.264063 nan 3.871613 0.000195 719.322897 0.108582
139.502361 2015 617.320817 11.790447 1793.505209 135.862677 0.126467 0.002620 -64.684507 1.350988 -16.457248 1.352398 32.463771 1.353808 73.400434 nan 3.871613 0.000195 719.322926 0.108588
146.502361 2015 144.342182 2.391480 396.110176 19.831602 0.094143 0.004233 -61.999174 1.492019 -19.830303 1.721671 22.017512 1.951324 54.036157 nan 3.871615 0.000195 719.321793 0.108559
153.502361 2015 92.091912 1.330757 210.926212 7.582426 0.063795 0.007395 -61.294274 2.265824 -22.034402 2.406780 23.032135 2.547736 35.083424 nan 3.871618 0.000195 719.320271 0.108487
160.502361 2015 783.437238 15.311777 2608.293931 116.180164 0.310350 0.232881 -60.162632 1.358272 -19.640307 2.261213 30.096603 3.164155 57.353698 nan 3.871628 0.000195 719.314692 0.108497
167.502361 2015 741.383303 14.011198 2098.234982 132.259079 0.129707 0.002221 -57.003963 0.982776 -17.394661 1.223490 23.175132 1.464203 62.539335 nan 3.871638 0.000195 719.309069 0.108528
174.502361 2015 1713.212625 40.377247 8595.669245 707.254429 0.132845 0.004787 -54.620490 1.080749 -15.917947 1.439935 30.560158 1.799121 60.232032 nan 3.871649 0.000195 719.302892 0.108567
181.502361 2015 1128.148983 20.162449 4000.712714 142.341861 0.133253 0.001879 -51.481513 0.989334 -14.786776 1.198336 24.820582 1.407337 58.373875 nan 3.871659 0.000195 719.297366 0.108679
188.502361 2015 704.721960 15.361759 1844.020243 217.944215 0.124047 0.002860 -48.837226 0.947225 -13.466803 1.068421 22.681307 1.189618 53.289417 nan 3.871672 0.000195 719.290424 0.108802
195.502361 2015 1062.126902 20.964252 2899.305517 255.580111 0.133874 0.002692 -48.154728 0.934731 -10.895421 1.096033 27.503343 1.257335 55.769117 nan 3.871682 0.000196 719.284771 0.109035
202.502361 2015 746.941132 17.768455 2062.200659 249.333852 0.120497 0.003316 -44.915027 0.826060 -10.192509 1.057453 28.515020 1.288846 50.442526 nan 3.871862 0.000198 719.185898 0.110174
209.502361 2015 452.839932 7.055891 1217.275946 51.728042 0.136085 0.008882 -42.997990 0.795955 -8.029075 1.215267 31.013843 1.634579 52.469938 nan 3.871883 0.000198 719.174202 0.110443
216.502361 2015 488.897920 11.972453 1391.359848 181.469859 0.134903 0.002034 -40.062667 0.631752 -5.192853 0.858450 35.111908 1.085148 57.570101 nan 3.871887 0.000199 719.172127 0.110606
223.502361 2015 550.415460 10.499713 1738.506519 105.942906 0.136138 0.009076 -36.412224 0.709406 -4.547408 1.383308 34.288303 2.057210 54.721780 nan 3.871887 0.000199 719.172725 0.110833
230.502361 2015 2704.549416 54.015525 9982.375286 403.652352 0.129566 0.002501 -37.063405 0.748505 -2.148655 0.839047 37.357530 0.929589 59.836642 nan 3.871881 0.000199 719.176186 0.110970
237.502361 2015 1741.676896 42.006920 7812.113647 777.348945 0.114766 0.012488 -36.922724 2.243115 -0.320919 2.317825 42.585395 2.392536 52.565956 nan 3.871871 0.000199 719.181449 0.111070
244.502361 2015 1333.578654 27.492695 5112.052391 435.768598 0.128551 0.002220 -39.851186 0.886176 0.159117 0.809681 40.047986 0.733186 65.159062 nan 3.871860 0.000199 719.188016 0.111145
251.502361 2015 2309.174732 57.550437 10653.095156 1292.064118 0.118453 0.014946 -45.421501 2.784031 0.577901 2.629523 42.398085 2.475016 59.407104 nan 3.871845 0.000200 719.196327 0.111303
258.502361 2015 1713.407962 31.276819 5664.998819 353.929996 0.148918 0.012292 -50.677031 3.029416 0.254415 2.959763 46.657008 2.890110 65.815608 nan 3.871825 0.000200 719.207910 0.111641
265.502361 2015 1228.552827 25.777339 4416.545114 457.746101 0.131559 0.002460 -51.524379 1.515897 -0.521071 1.118685 44.552205 0.721473 74.585278 nan 3.871808 0.000201 719.217343 0.111786
272.502361 2015 430.575684 7.103118 1277.680152 55.623140 0.120549 0.002211 -49.250571 1.255313 -1.851468 1.021157 39.215769 0.787001 71.165998 nan 3.871792 0.000201 719.226903 0.111980
279.502361 2015 2383.960199 56.728439 8550.336776 869.974170 0.113465 0.011344 -58.037846 1.768897 -4.475484 1.921096 41.227345 2.073295 71.936372 nan 3.871775 0.000202 719.236567 0.112460
286.502361 2015 3065.452714 59.338391 10996.793942 416.373185 0.127134 0.002286 -57.832747 1.481551 -5.260073 1.211567 42.807493 0.941584 76.894005 nan 3.871759 0.000203 719.245842 0.112873
293.502361 2015 1167.559323 24.500444 4180.898988 393.777125 0.125848 0.002364 -58.411963 1.444161 -7.294984 1.115582 39.239799 0.787003 76.909063 nan 3.871747 0.000204 719.253185 0.113396
300.502361 2015 342.613410 6.465586 1174.483672 78.336546 0.108818 0.003321 -57.223803 1.530242 -9.622630 1.457706 35.160350 1.385170 67.285611 nan 3.871739 0.000204 719.257759 0.113729
307.502361 2015 1493.071244 35.313318 6512.520562 668.436427 0.125128 0.003658 -58.013625 1.396799 -11.593104 1.397852 38.628227 1.398904 74.932712 nan 3.871736 0.000205 719.260413 0.114148
314.502361 2015 2879.778887 55.359712 9651.220294 356.886509 0.128696 0.005639 -60.863371 1.163524 -15.156769 2.131932 39.526874 3.100340 75.157486 nan 3.871733 0.000205 719.261994 0.114496
321.502361 2015 1510.648054 30.790998 5702.988203 324.958739 0.117153 0.005068 -59.038737 3.589768 -14.055477 2.560824 42.412959 1.531879 67.435695 nan 3.871736 0.000206 719.261097 0.114827
328.502361 2015 540.051050 11.533931 2413.416608 68.051760 0.097722 0.003044 -56.323845 1.276227 -18.456320 1.460276 23.664492 1.644325 56.141467 nan 3.871742 0.000207 719.257633 0.115114
335.502361 2015 443.739114 7.998161 1338.949954 59.284368 0.115661 0.004950 -57.825622 1.504881 -17.590433 1.653193 29.031572 1.801505 61.553320 nan 3.871752 0.000207 719.252593 0.115475
342.502361 2015 770.476095 12.510161 2206.034774 81.571326 0.132537 0.002535 -59.106984 1.197472 -16.553625 1.329701 30.121719 1.461930 66.845660 nan 3.871763 0.000208 719.246497 0.115660
349.502361 2015 612.591756 11.763059 1650.046865 128.668611 0.127186 0.003549 -55.821731 1.322365 -16.650350 1.489956 33.989104 1.657546 60.622271 nan 3.871775 0.000208 719.240192 0.116022
356.502361 2015 1780.132151 41.314895 8010.627842 721.332329 0.117822 0.004414 -54.037710 1.354418 -16.386460 1.653188 27.841929 1.951958 54.242783 nan 3.871790 0.000209 719.232369 0.116232
5.502361 2016 1431.182925 27.325453 4772.507198 341.562105 0.134749 0.001741 -49.286622 1.034135 -11.899576 1.208006 24.825313 1.381877 56.416250 nan 3.871813 0.000210 719.220342 0.117098
12.502361 2016 601.973579 9.448276 1609.088513 80.984963 0.133617 0.002100 -45.142497 0.909499 -9.543332 1.067426 26.329835 1.225352 55.120044 nan 3.871822 0.000211 719.215947 0.117412
19.502361 2016 808.539588 20.182911 3141.657510 425.421293 0.113551 0.004151 -42.220266 1.121213 -7.762817 1.223997 26.383247 1.326781 47.777306 nan 3.871828 0.000211 719.212958 0.117748
26.502361 2016 633.140244 10.984086 1725.750486 91.363075 0.116330 0.008942 -39.938803 0.944987 -6.440578 1.423987 28.583791 1.902987 51.050465 nan 3.871831 0.000212 719.211513 0.117961
33.502361 2016 231.639913 4.093121 756.000959 33.403641 0.110011 0.004437 -34.312050 1.237487 -3.576892 1.181706 30.944601 1.125925 49.032965 nan 3.871828 0.000212 719.213388 0.118105
40.502361 2016 446.789337 9.082725 1360.361159 85.020850 0.104882 0.009262 -33.797721 1.917766 -1.991156 1.873070 31.155749 1.828374 51.046389 nan 3.871820 0.000212 719.217496 0.118155
47.502361 2016 1613.527573 42.055631 7674.647388 1012.456478 0.123893 0.004631 -36.871645 2.738775 1.315614 1.820653 43.344281 0.902531 58.472985 nan 3.871811 0.000212 719.222479 0.118168
54.502361 2016 1413.467937 27.459674 4713.249998 233.613008 0.122915 0.001270 -36.169710 0.581725 0.341099 0.517794 35.831260 0.453863 61.526243 nan 3.871800 0.000212 719.228751 0.118080
61.502361 2016 593.589728 12.448278 2232.970594 111.558807 0.103004 0.002822 -37.509518 0.953542 0.630037 0.850940 36.249894 0.748338 54.739168 nan 3.871782 0.000212 719.238996 0.118040
68.502361 2016 1019.596743 20.321455 3428.417213 192.019439 0.116021 0.003121 -39.046419 1.012788 -0.184972 1.043597 37.383166 1.074405 63.365360 nan 3.871763 0.000212 719.249369 0.117948
75.502361 2016 1110.406548 21.050183 3584.932075 170.261889 0.124716 0.001688 -43.222070 1.125616 -0.145271 0.867882 39.399881 0.610149 70.182685 nan 3.871745 0.000212 719.259213 0.117944
82.502361 2016 874.435968 18.550259 2897.787740 206.106482 0.121680 0.001476 -45.772476 1.087127 -0.876610 0.714598 37.774512 0.342069 70.675104 nan 3.871728 0.000212 719.268457 0.117876
89.502361 2016 334.201822 5.528286 831.283570 58.319624 0.129501 0.002744 nan nan nan nan nan nan nan nan nan nan nan nan
96.502361 2016 793.942750 15.390010 2304.957175 178.334731 0.122401 0.002163 -51.280453 1.452918 -4.482252 1.107560 37.684637 0.762202 73.489769 nan 3.871691 0.000211 719.289088 0.117831
103.502361 2016 992.605402 23.845860 4205.622116 355.951731 0.122967 0.003305 -59.270595 1.699175 -6.875083 1.356248 38.777256 1.013320 74.238872 nan 3.871682 0.000212 719.294531 0.117984
110.502361 2016 909.985736 17.955381 2974.250866 198.089987 0.121231 0.002483 -61.247208 1.417542 -9.556315 1.297026 36.322137 1.176511 73.220587 nan 3.871672 0.000212 719.299623 0.117887
117.502361 2016 322.448638 4.593767 733.720709 23.396557 0.133146 0.001975 -63.058759 1.342665 -11.032714 1.257071 39.663597 1.171477 79.017184 nan 3.871667 0.000212 719.302625 0.117988
124.502361 2016 1191.549041 23.283704 3883.332928 161.263255 0.126361 0.002673 -62.679129 1.566920 -12.989442 1.394690 33.204717 1.222461 73.909349 nan 3.871663 0.000211 719.304573 0.117853
131.502361 2016 2894.690447 58.198603 11121.846076 391.853652 0.117822 0.011108 -63.677941 1.440493 -15.507552 1.789722 33.822213 2.138951 70.228139 nan 3.871667 0.000211 719.302802 0.117848
138.502361 2016 1390.932854 26.898621 5195.742342 210.534052 0.124491 0.002489 -62.304142 1.196283 -16.096322 1.407796 29.191895 1.619308 68.397671 nan 3.871672 0.000211 719.299448 0.117719
145.502361 2016 627.841906 11.444564 2191.476618 85.072096 0.122888 0.003090 -59.981288 1.091531 -16.760189 1.377157 31.081461 1.662784 64.496440 nan 3.871680 0.000211 719.295354 0.117711
152.502361 2016 441.207195 6.677154 1022.993299 40.728792 0.132558 0.002150 -57.327485 0.945036 -16.270224 1.199482 27.960515 1.453927 64.974206 nan 3.871690 0.000211 719.289625 0.117625
159.502361 2016 839.988410 18.044428 2610.728901 232.566975 0.117037 0.009566 -52.797186 1.019415 -16.753708 1.300861 23.684712 1.582307 59.553709 nan 3.871703 0.000211 719.282160 0.117697
166.502361 2016 521.520616 8.894617 1352.432020 83.676172 0.130839 0.002549 -52.941925 0.964869 -15.312422 1.193298 23.772625 1.421727 58.431100 nan 3.871717 0.000211 719.274738 0.117725
173.502361 2016 293.734805 4.526707 729.327863 41.805160 0.131662 0.003491 -50.720867 0.899284 -14.311639 1.212586 26.689035 1.525888 55.155709 nan 3.871729 0.000212 719.268356 0.117894
180.502361 2016 252.488346 4.314843 837.746709 38.711224 0.133205 0.002242 -48.193135 0.902882 -12.144485 0.995375 23.948060 1.087867 54.409623 nan 3.871740 0.000212 719.261969 0.117995
187.502361 2016 316.499588 8.128301 1005.960379 119.144090 0.127002 0.011204 -44.907477 1.800294 -11.665871 2.009683 27.668324 2.219071 46.635029 nan 3.871751 0.000212 719.256375 0.118256
194.502361 2016 778.846698 12.208633 2259.298181 74.698363 0.153919 0.012616 -42.492529 0.825213 -9.971819 1.494111 29.893432 2.163009 50.862062 nan 3.871758 0.000212 719.252692 0.118409
201.502361 2016 381.126305 6.327443 1105.326460 49.992387 0.124047 0.003915 -39.554943 1.005804 -6.521512 1.069055 29.315447 1.132305 50.199237 nan 3.871760 0.000213 719.251878 0.118632
208.502361 2016 724.168929 13.892173 2235.254026 138.895846 0.148641 0.012866 -35.324352 0.693670 -6.343282 1.676435 31.454819 2.659200 49.183122 nan 3.871759 0.000213 719.252193 0.118741
215.502361 2016 934.856866 19.377681 2827.036185 243.319596 0.150724 0.013149 -35.807145 0.681890 -5.527272 1.843866 34.063561 3.005842 50.827965 nan 3.871754 0.000214 719.255621 0.119043
222.502361 2016 1234.313624 19.686389 3395.021631 77.634315 0.131044 0.005163 -36.735649 2.442729 -0.311606 1.683784 37.672351 0.924839 56.987337 nan 3.871747 0.000214 719.259146 0.118987
229.502361 2016 608.330284 10.353386 1685.263978 88.387386 0.134980 0.009328 -35.681890 2.453095 1.447249 1.574477 36.545120 0.695859 55.632949 nan 3.871734 0.000214 719.266810 0.119118
236.502361 2016 658.907387 14.078335 1959.216045 197.992407 0.120697 0.004189 -41.766212 1.350987 1.205790 1.225936 41.902395 1.100884 58.892814 nan 3.871720 0.000214 719.274465 0.119093
243.502361 2016 1131.308844 30.519783 4260.218308 657.094844 0.117583 0.009323 -41.191205 1.021408 0.088139 1.688586 38.976009 2.355764 61.969371 nan 3.871703 0.000214 719.284226 0.119359
257.502361 2016 1244.670419 25.624835 4549.500658 235.665387 0.118491 0.002005 -45.946080 1.224859 0.820885 0.870673 38.325253 0.516486 65.606361 nan 3.871665 0.000215 719.306141 0.119946
264.502361 2016 481.210801 8.625064 1225.994800 88.294410 0.136726 0.009521 -49.825981 1.393926 -1.458474 2.148825 42.474914 2.903724 69.325710 nan 3.871649 0.000216 719.315224 0.120150
271.502361 2016 3024.659888 58.340377 8978.168565 661.821967 0.102335 0.016604 -54.367066 4.563811 2.047103 2.605774 42.222383 0.647737 65.922518 nan 3.872521 0.000211 718.826402 0.117578
278.502361 2016 2676.135408 51.453082 9009.231935 332.639238 0.137046 0.008744 -51.961850 1.133296 -4.548653 1.855155 39.999593 2.577014 73.087362 nan 3.871620 0.000217 719.332374 0.121058
285.502361 2016 1464.396581 31.928797 5971.611278 555.456912 0.123173 0.003023 -54.543472 1.442790 -5.939772 1.228717 38.143243 1.014645 72.812736 nan 3.871608 0.000218 719.339284 0.121483
292.502361 2016 1852.813776 30.469101 5172.276677 167.732457 0.150190 0.008657 -55.270269 1.069572 -8.303449 1.834678 41.434006 2.599784 80.110476 nan 3.871602 0.000219 719.343185 0.121891
299.502361 2016 2558.102825 56.975118 8958.688033 829.182043 0.114992 0.009916 -58.791113 1.266331 -11.250456 1.787775 42.868367 2.309219 71.522365 nan 3.871600 0.000219 719.344733 0.122257
306.502361 2016 2317.620017 45.917812 8376.618687 422.849254 0.120755 0.008069 -56.476793 1.044550 -12.592217 1.701570 42.189557 2.358589 72.098413 nan 3.871600 0.000220 719.345355 0.122670
313.502361 2016 869.393857 17.235690 3062.551205 175.325496 0.116102 0.003320 -60.031136 1.478587 -14.311802 1.416530 33.886144 1.354473 66.497891 nan 3.871603 0.000221 719.344061 0.122988
327.502361 2016 624.647767 15.319880 1965.581378 224.163164 0.120703 0.003197 -56.748434 1.250045 -15.635685 1.440364 34.419507 1.630683 63.213325 nan 3.871622 0.000222 719.334317 0.123633
334.502361 2016 646.476243 10.321026 1954.950169 46.410569 0.130376 0.001734 -55.271104 1.060732 -15.889551 1.264159 29.139003 1.467586 64.510203 nan 3.871633 0.000222 719.328400 0.123946
341.502361 2016 514.881064 9.166026 1492.932325 86.653208 0.116987 0.005062 -54.721993 2.611930 -14.730449 2.130429 32.415001 1.648929 55.386337 nan 3.871820 0.000222 719.223953 0.123670
348.502361 2016 614.610876 9.417970 1787.699377 47.633263 0.133720 0.002163 -57.321415 1.139786 -14.442600 1.278494 29.433364 1.417201 59.031342 nan 3.871835 0.000223 719.215963 0.124078
355.502361 2016 855.395345 18.298807 2617.927929 252.969118 0.127134 0.003385 -49.113747 1.051518 -12.968721 1.445887 34.208881 1.840256 54.258595 nan 3.871852 0.000223 719.206452 0.124215
362.502361 2016 1163.567222 19.255175 3320.427901 99.044528 0.131971 0.002372 -46.394027 0.990027 -10.863631 1.143141 31.121841 1.296255 53.712322 nan 3.871864 0.000224 719.200676 0.124622
