162.500845 2013 1023.877446 21.922734 4548.910709 316.667715 0.131816 0.002189 -62.937876 1.082487 -17.583991 1.275609 31.132224 1.468731 76.515097 nan 3.871856 0.000003 719.132167 0.001689
169.502234 2013 497.759236 9.365999 1687.075747 57.884497 0.105679 0.003769 -58.190030 1.074637 -20.429030 1.340087 25.826574 1.605536 59.576483 nan 3.871771 0.000003 719.179608 0.001950
183.502234 2013 1461.665447 33.914470 6393.422786 626.554911 0.133199 0.003911 -61.598769 1.308037 -17.472395 1.514085 32.011421 1.720134 65.937278 nan 3.871770 0.000004 719.180240 0.002294
190.502234 2013 1577.594945 29.712733 5218.822507 252.484727 0.130956 0.002671 -59.240264 1.203469 -16.441707 1.375302 29.999358 1.547134 63.099055 nan 3.871771 0.000004 719.179835 0.002421
197.502234 2013 1615.168064 30.465615 5344.835106 284.070086 0.107732 0.014759 -54.307185 1.104985 -16.229459 1.718284 34.951131 2.331583 58.976929 nan 3.871771 0.000005 719.180074 0.002730
204.502234 2013 761.850614 12.448013 1993.315767 108.550891 0.135337 0.003105 -52.499737 0.986731 -13.015434 1.340758 33.416227 1.694784 60.757241 nan 3.871771 0.000006 719.179869 0.003082
211.502234 2013 276.252419 4.079177 700.555045 27.463821 0.130368 0.001634 -48.281234 0.876128 -11.469887 1.104254 30.590957 1.332379 58.742544 nan 3.871771 0.000006 719.179930 0.003325
218.502234 2013 556.406799 10.996748 1793.883341 123.611137 0.129450 0.004205 -45.379258 0.940067 -9.855634 1.398525 35.725420 1.856983 58.545023 nan 3.871771 0.000006 719.179720 0.003489
225.502234 2013 468.526635 9.491777 1251.435213 104.304550 0.103181 0.013464 -42.192525 0.664898 -8.836011 1.409584 38.392505 2.154271 54.428015 nan 3.871771 0.000007 719.179866 0.003627
232.502234 2013 571.092512 9.077612 1600.292721 68.067321 0.128647 0.009300 -43.282229 0.751388 -6.230201 1.502296 39.262502 2.253203 62.253546 nan 3.871770 0.000007 719.180587 0.003771
239.502234 2013 626.164332 11.873215 1911.866337 98.527670 0.126826 0.002386 -39.145396 0.493115 -4.036969 0.944276 38.009139 1.395437 62.133380 nan 3.871771 0.000007 719.179689 0.003937
246.502234 2013 364.696477 6.165867 1049.469656 58.205643 0.129758 0.001487 -40.917678 0.452324 -2.535929 0.787316 39.839512 1.122307 66.079046 nan 3.871768 0.000008 719.181706 0.004384
253.502234 2013 133.689172 1.874190 354.745664 16.338662 0.113294 0.005188 -40.382621 2.446797 -0.378743 1.922624 40.703542 1.398451 60.578148 nan 3.871772 0.000008 719.179178 0.004515
260.502234 2013 156.836578 3.176982 527.584982 45.964769 0.096944 0.020825 -46.889864 3.474888 -1.594307 3.762600 46.281598 4.050311 63.530099 nan 3.871771 0.000008 719.179653 0.004632
267.502234 2013 156.234254 2.816406 515.607522 26.169904 0.062999 0.008302 -46.218848 4.600473 -2.008818 4.722379 44.649002 4.844284 35.662133 nan 3.871773 0.000008 719.178992 0.004716
274.502234 2013 604.000103 15.721338 3726.934571 285.864033 -1.399730 0.236682 -54.266384 3.560717 -0.392150 3.609093 51.805781 3.657469 61.039902 nan 3.871772 0.000009 719.179131 0.004914
281.502234 2013 542.249093 11.748583 1434.846931 197.940091 0.127536 0.003847 -54.097374 1.366624 -2.073733 1.374749 46.944098 1.382873 78.113792 nan 3.871771 0.000009 719.179913 0.005069
288.502234 2013 624.223058 13.063386 1865.683178 165.208167 0.130528 0.001795 -54.457616 1.363545 -2.852352 1.021224 47.259983 0.678902 82.039166 nan 3.871770 0.000009 719.180454 0.004934
295.502234 2013 213.522959 3.084022 556.145416 17.618249 0.116369 0.002166 -53.310968 1.327321 -5.295950 1.054035 39.065874 0.780750 74.873358 nan 3.871769 0.000009 719.181014 0.005017
302.502234 2013 226.723910 4.798461 708.652852 67.427933 0.105679 0.003468 -56.644376 1.568065 -7.406659 1.384384 36.975807 1.200702 68.648984 nan 3.871767 0.000009 719.182031 0.005015
309.502234 2013 234.168582 8.422232 759.954687 128.077646 0.028206 0.011017 -60.939926 4.760558 -10.879750 4.856478 41.518038 4.952398 30.350885 nan 3.871766 0.000009 719.182739 0.004989
316.502234 2013 628.751548 13.122242 1976.753433 163.266683 0.125436 0.003250 -64.926598 1.678181 -12.129204 1.472451 36.756332 1.266721 80.028580 nan 3.871765 0.000009 719.183257 0.005023
330.503449 2013 100.103885 1.869578 370.580904 18.453715 0.080026 0.032878 -64.182383 3.452316 -15.145312 2.768492 31.074080 2.084669 72.978613 nan 3.871763 0.000009 719.184524 0.005105
337.503449 2013 105.300064 2.445599 444.559909 30.300594 -0.017680 0.026207 -65.334852 4.662140 -17.046359 4.782178 52.416493 4.902216 28.531408 nan 3.871763 0.000009 719.184504 0.005145
344.503449 2013 268.583086 6.024823 913.928260 82.737883 0.238636 0.183421 -69.019948 3.690179 -18.846478 3.746111 26.159996 3.802043 47.082681 nan 3.871762 0.000009 719.184995 0.005252
351.503449 2013 168.183039 5.007478 626.700284 77.832429 -0.810006 0.166877 -64.262480 3.825575 -9.859092 3.993613 24.501486 4.161651 31.699398 nan 3.871762 0.000010 719.184870 0.005440
358.503449 2013 54.740063 1.475851 287.017349 18.199293 -0.710544 0.152299 -63.505415 3.349153 -18.661076 3.580258 23.887678 3.811362 24.133749 nan 3.871763 0.000010 719.184570 0.005522
7.503449 2014 121.397043 2.251724 432.306979 18.460519 0.036855 0.004203 -57.432074 3.304405 -17.667559 3.480577 24.612321 3.656749 16.259140 nan 3.871764 0.000011 719.184045 0.006240
35.503449 2014 81.446746 3.283596 383.285829 61.349775 -1.440507 0.226350 -41.708074 3.072188 -17.543235 3.098476 32.707617 3.124765 13.823414 nan 3.871767 0.000014 719.182292 0.007562
42.503449 2014 469.275592 8.962292 1305.833580 94.469642 0.158976 0.013770 -43.414054 0.682169 -7.681169 1.879321 38.342544 3.076474 60.384880 nan 3.871768 0.000014 719.181600 0.007963
49.503449 2014 853.316634 26.043478 6185.156294 1137.815655 0.086922 0.024211 -38.313943 0.598658 -4.038476 0.942218 37.906701 1.285778 59.002589 nan 3.871768 0.000015 719.181535 0.008214
56.503449 2014 452.764860 12.352903 2462.705878 188.809765 0.141099 0.017025 -36.731623 0.541153 -4.613123 2.350422 36.532070 4.159692 58.173645 nan 3.871758 0.000012 719.187101 0.006553
63.503449 2014 230.488881 3.838449 572.312595 28.792214 0.153920 0.013454 -42.712135 0.586473 -4.058088 2.262333 42.951208 3.938192 63.935217 nan 3.871770 0.000017 719.180788 0.009243
70.503449 2014 81.316008 1.780640 287.185974 23.166640 -1.289246 0.221921 -39.367965 2.257415 -0.527431 2.556538 41.205606 2.855660 46.683649 nan 3.871769 0.000018 719.181533 0.010041
77.503449 2014 50.491847 1.577494 210.975568 25.853215 1.078883 0.074292 -44.441099 2.434044 -30.662914 2.742320 44.318122 3.050596 5.840898 nan 3.871768 0.000018 719.182171 0.010219
84.503449 2014 77.020370 1.768717 331.344743 19.578315 -0.024005 0.019504 -44.148577 4.298928 -2.234938 4.372984 41.651144 4.447039 16.865769 nan 3.871766 0.000019 719.183349 0.010479
91.503449 2014 61.256915 1.766126 265.436204 24.567215 -0.404901 0.093073 -45.457616 4.368460 -1.195232 4.352451 41.020257 4.336441 26.841967 nan 3.871766 0.000019 719.183355 0.010783
98.503449 2014 210.143284 9.762964 798.363346 207.116626 -0.108292 0.043858 -50.513365 4.766252 -2.078279 4.631378 39.301062 4.496505 25.025087 nan 3.871764 0.000021 719.184400 0.011449
105.503449 2014 479.018631 10.808185 1227.679367 139.548523 0.129540 0.009954 -58.328016 1.541968 -6.078386 2.205546 43.046280 2.869123 72.628641 nan 3.871762 0.000021 719.185596 0.011822
112.503449 2014 397.835088 7.628888 1153.041259 88.431679 0.129655 0.013108 -62.931501 1.466448 -9.453270 2.471002 39.004956 3.475556 77.801219 nan 3.871760 0.000022 719.186674 0.012163
119.503449 2014 445.358096 10.956676 1520.481134 158.949234 0.081713 0.031776 -65.709644 1.767932 -12.124669 2.796143 38.472138 3.824354 75.145876 nan 3.871757 0.000022 719.188236 0.012328
126.503449 2014 479.814611 11.202038 1595.343867 156.613106 0.103790 0.013278 -64.444307 1.639303 -12.914503 1.975145 34.296162 2.310987 73.959232 nan 3.871758 0.000022 719.187708 0.012485
133.503449 2014 251.105633 4.489609 791.401089 48.174604 0.123018 0.001994 -64.935129 1.405796 -14.305571 1.255411 33.341791 1.105027 76.459341 nan 3.871756 0.000023 719.188775 0.012732
140.503449 2014 137.052210 4.232557 507.578216 85.893979 -2.675531 0.400879 -62.280900 2.617379 -19.341621 2.773819 32.775714 2.930260 48.944609 nan 3.871759 0.000024 719.187404 0.013104
168.503449 2014 147.846207 4.050891 660.425131 71.651962 1.784623 0.322255 -60.116791 4.465956 -6.371722 3.926768 50.173205 3.387580 18.865242 nan 3.871758 0.000025 719.188183 0.014125
175.503449 2014 55.933066 1.297043 221.985006 14.918367 -1.277543 0.203578 -58.474898 2.871111 -14.190825 2.920846 23.016065 2.970581 8.599317 nan 3.871758 0.000026 719.187761 0.014282
182.503449 2014 45.562004 1.247448 224.442317 16.296942 -1.247732 0.404972 -54.840382 2.623227 -22.875085 2.627307 26.150495 2.631387 25.288724 nan 3.871760 0.000026 719.186895 0.014423
189.503449 2014 31.201524 1.025013 170.951090 14.434644 -1.959405 0.221432 -52.786933 2.607834 -0.538885 2.628488 26.536723 2.649141 4.346625 nan 3.871762 0.000026 719.185801 0.014682
203.503449 2014 7.175988 0.352498 74.895170 4.877762 0.008335 0.000000 4.489711 0.000000 6.752866 0.000000 9.016022 0.000000 4.526311 nan 3.871765 0.000027 719.184379 0.015052
210.503449 2014 40.536010 1.579800 193.748980 25.258011 -1.770958 0.208691 -43.857203 3.303519 8.640783 3.414774 37.738792 3.526028 23.313985 nan 3.871767 0.000027 719.183249 0.015199
217.503449 2014 181.276763 3.738994 765.289739 30.284943 0.044114 0.010429 -42.353302 3.149085 -6.999353 3.269316 35.805508 3.389546 24.015411 nan 3.871767 0.000028 719.183181 0.015333
224.503449 2014 112.196384 2.478297 470.262134 27.376998 0.018805 0.007323 -40.504287 3.222317 -5.061936 3.297232 34.254032 3.372148 13.567839 nan 3.871768 0.000028 719.182662 0.015418
231.503449 2014 133.229715 3.278560 690.562288 45.829022 -0.715165 0.228775 -38.349694 3.259425 -4.140898 3.042559 36.688477 2.825694 35.641462 nan 3.871768 0.000028 719.182631 0.015592
238.503449 2014 575.996778 16.181916 3453.728579 338.694102 0.038083 0.014044 -37.239565 3.702522 -1.890492 3.728360 34.898129 3.754198 26.022130 nan 3.871768 0.000028 719.182341 0.015685
245.503449 2014 711.696679 12.571484 2126.546813 121.889936 0.128729 0.001500 -40.488270 0.636022 -1.250354 0.778858 39.704541 0.921695 65.306069 nan 3.871768 0.000028 719.182717 0.015746
266.503449 2014 619.017172 12.951012 2113.046554 154.466221 0.115003 0.006580 -51.724165 2.507461 -1.301634 2.659181 43.225667 2.810900 65.737885 nan 3.871763 0.000029 719.185241 0.016060
273.503449 2014 642.025168 10.878463 2064.269056 52.089753 0.124918 0.001609 -48.951582 1.095002 -1.696014 0.853797 40.795174 0.612591 74.118295 nan 3.871760 0.000029 719.187416 0.016295
280.503449 2014 385.207160 6.944636 1192.460691 63.181217 0.118346 0.002285 -49.677304 1.288100 -2.824875 1.008751 41.733854 0.729403 72.216779 nan 3.871757 0.000029 719.188813 0.016219
287.503449 2014 521.359236 11.123222 1373.700911 143.459986 0.125025 0.001860 -53.506139 1.431230 -4.813013 0.952527 39.463096 0.473824 77.239548 nan 3.871755 0.000029 719.190157 0.016253
294.503449 2014 887.451005 16.790955 2749.865684 152.678951 0.128678 0.002703 -58.064409 1.637457 -6.237613 1.222872 47.805965 0.808287 79.770204 nan 3.871753 0.000029 719.191197 0.016204
301.503449 2014 583.802133 10.048366 1829.387892 60.479753 0.120600 0.001635 -57.978903 1.410612 -9.163432 1.117279 36.469266 0.823945 75.823491 nan 3.871747 0.000030 719.194317 0.016463
308.503449 2014 679.913469 15.096543 1936.847806 214.425383 0.118491 0.002430 -58.142366 1.487057 -11.420081 1.258039 37.668931 1.029021 74.116698 nan 3.871749 0.000030 719.193256 0.016649
315.503449 2014 570.855468 13.170279 1787.175974 220.568473 0.119622 0.002661 -60.197788 1.572816 -13.630732 1.365577 33.341805 1.158337 74.076060 nan 3.871747 0.000030 719.194428 0.016815
322.503449 2014 714.239668 12.622484 2245.240450 82.680327 0.125539 0.002681 -62.612513 1.578292 -16.291048 1.385125 32.552567 1.191958 74.944980 nan 3.871747 0.000030 719.194549 0.016922
329.503449 2014 287.082957 5.155046 875.410625 52.458061 0.118696 0.002316 -61.617872 1.510300 -17.578747 1.396297 27.005433 1.282294 69.545281 nan 3.871747 0.000030 719.194393 0.016985
336.503449 2014 304.695311 5.775722 926.552668 74.731068 0.120806 0.003905 -66.424691 1.471571 -18.659448 1.541445 25.564660 1.611319 67.244008 nan 3.871747 0.000031 719.194450 0.017184
343.503449 2014 1087.276952 18.384171 3038.352452 97.871464 0.129887 0.003107 -65.820372 1.462897 -17.836979 1.526897 30.407561 1.590898 68.490439 nan 3.871748 0.000031 719.193882 0.017377
350.503449 2014 550.833599 9.460460 1506.353244 83.062975 0.123956 0.002967 -61.571048 1.325518 -17.917193 1.441441 27.089509 1.557365 62.763257 nan 3.871750 0.000032 719.192763 0.017560
357.503449 2014 662.212139 14.267077 2203.678254 178.894459 0.114446 0.003664 -56.727072 1.200333 -17.860091 1.378535 20.747670 1.556736 56.204107 nan 3.871752 0.000032 719.191697 0.017688
6.503449 2015 1059.641804 22.792057 4142.093625 335.586060 0.119159 0.003868 -49.701993 1.141525 -14.200766 1.205617 22.539042 1.269708 52.597517 nan 3.871756 0.000034 719.189898 0.018900
13.503449 2015 258.791989 4.505539 606.854487 38.868174 0.143918 0.013855 -45.854214 0.775414 -13.203722 1.283053 22.401206 1.790693 52.706747 nan 3.871758 0.000035 719.188499 0.019317
20.503449 2015 134.770441 2.548810 427.639153 37.704665 -0.219797 0.105342 -41.303327 1.745775 -13.789732 3.194143 31.977400 4.642511 39.514851 nan 3.871761 0.000035 719.187214 0.019671
34.503449 2015 1008.241625 13.365825 2233.401964 91.662050 0.142422 0.011174 -37.481333 0.504968 -6.850301 1.403717 33.514699 2.302466 55.212193 nan 3.871535 0.000034 719.313076 0.018824
41.503449 2015 267.451509 5.167764 713.083552 61.714099 0.115918 0.002972 -36.792103 0.672200 -4.008576 0.816558 33.847555 0.960917 53.249824 nan 3.871764 0.000037 719.185711 0.020703
48.503449 2015 419.720913 10.284273 1656.618902 172.472102 0.086272 0.011545 -34.429879 2.667455 -0.218884 2.107455 35.355085 1.547456 46.166417 nan 3.871759 0.000039 719.188625 0.021929
55.503449 2015 508.941931 11.192704 1385.709921 154.113434 0.130261 0.009684 -37.227750 0.629224 -2.623182 1.619353 39.067366 2.609482 57.676093 nan 3.871762 0.000039 719.187058 0.021484
62.503449 2015 1038.195515 20.212467 3222.786259 259.460746 0.134459 0.009612 -41.589348 0.905625 -2.041400 1.850711 42.014812 2.795797 62.051071 nan 3.871760 0.000039 719.188175 0.021575
69.503449 2015 522.295062 8.888630 1420.105825 83.194001 0.155466 0.017241 -41.289029 0.887579 -4.752586 2.973499 41.140745 5.059418 57.976865 nan 3.871758 0.000040 719.189337 0.022276
76.503449 2015 2043.169506 55.683514 12498.563735 876.092886 0.107120 0.017275 -46.111573 2.914975 -0.688785 2.874569 47.978164 2.834164 60.580467 nan 3.871755 0.000041 719.191288 0.023045
90.503449 2015 757.648526 13.705892 2691.234498 103.236669 0.115912 0.001323 -50.821619 1.365183 -2.490489 0.885636 35.022141 0.406089 69.625915 nan 3.871748 0.000042 719.195263 0.023329
97.503449 2015 544.592809 11.598885 1963.379770 246.134083 0.123582 0.003901 -56.533101 1.895199 -4.073580 1.481808 41.191839 1.068417 74.879470 nan 3.871745 0.000043 719.196887 0.023695
104.503449 2015 1515.750561 37.012492 5921.013785 757.332705 0.127162 0.008672 -61.497777 1.820276 -7.628450 2.090696 38.919422 2.361116 70.389538 nan 3.871742 0.000044 719.198774 0.024250
111.503449 2015 1415.938842 26.796624 4702.112757 337.911329 0.141534 0.009534 -62.602211 1.584269 -9.160995 2.096349 38.729628 2.608428 78.122664 nan 3.871739 0.000045 719.200812 0.025153
118.503449 2015 504.142964 9.271621 1673.399763 80.515082 0.112779 0.003069 -62.020751 1.587974 -11.464239 1.422556 37.057021 1.257138 69.404383 nan 3.871737 0.000046 719.201691 0.025475
125.503449 2015 441.936399 8.775308 1308.927206 118.560314 0.121835 0.002675 -61.434690 1.554244 -13.147815 1.219641 31.092582 0.885039 73.102871 nan 3.871736 0.000046 719.202166 0.025606
132.503449 2015 1078.690652 22.952491 3922.867112 318.816947 0.120291 0.004040 -60.106203 1.448058 -14.700813 1.397755 32.587986 1.347453 69.834206 nan 3.871735 0.000046 719.202766 0.025823
139.503449 2015 615.628109 11.588554 1756.893477 156.961884 0.129449 0.002483 -60.111802 0.903611 -16.289343 1.197559 35.450067 1.491506 72.826507 nan 3.871735 0.000047 719.202762 0.026033
146.503449 2015 140.332444 2.255202 363.378092 18.757867 0.094257 0.003835 -56.779131 1.251510 -19.555546 1.631878 24.221949 2.012247 53.239747 nan 3.871737 0.000047 719.202199 0.026259
153.503449 2015 91.154438 1.278971 206.170956 6.771323 0.061283 0.008171 -59.217763 2.257614 -22.563421 2.642043 25.005779 3.026472 32.808185 nan 3.871739 0.000048 719.200827 0.026587
160.503449 2015 821.420661 16.179488 2828.406392 162.154554 0.011319 0.056145 -58.808071 1.632716 -15.637772 2.101608 37.037898 2.570501 60.843582 nan 3.871741 0.000048 719.199627 0.026611
174.502361 2015 1772.134747 42.582448 9779.291893 829.362333 0.133467 0.005694 -55.377527 1.424569 -15.108361 1.686434 32.750185 1.948300 57.504049 nan 3.871747 0.000049 719.196843 0.027034
181.502361 2015 1095.818707 19.692626 3864.366429 171.642588 0.135123 0.001811 -50.561109 1.119682 -14.068032 1.273061 30.515743 1.426440 57.612568 nan 3.871750 0.000049 719.194951 0.027338
188.502361 2015 717.987777 15.240336 1979.802869 242.766037 0.126414 0.002900 -47.148474 1.158462 -12.761240 1.341574 32.713512 1.524686 53.137745 nan 3.871753 0.000049 719.193548 0.027495
195.502361 2015 1080.816778 22.952426 2921.706976 357.267549 0.135315 0.002542 -47.081092 0.926871 -10.644148 1.194911 31.292988 1.462951 55.149354 nan 3.871755 0.000050 719.192295 0.027614
202.502361 2015 733.443995 18.196572 2064.511638 266.484558 0.115797 0.005674 -42.382761 1.919768 -8.551836 1.659417 28.676112 1.399067 47.870748 nan 3.871758 0.000050 719.190907 0.027778
209.502361 2015 469.516524 7.241517 1265.287149 55.807975 0.130221 0.002236 -40.897008 0.712769 -6.626661 0.935476 29.949185 1.158182 54.019729 nan 3.871759 0.000050 719.189888 0.027853
216.502361 2015 468.235696 10.462986 1220.586250 126.757322 0.128200 0.009118 -38.958671 0.623100 -5.692317 1.270555 35.035988 1.918009 56.040171 nan 3.871760 0.000050 719.189608 0.027928
223.502361 2015 560.285899 10.931388 1796.519845 121.229931 0.128472 0.002164 -37.612621 0.659275 -3.288828 0.859900 33.175377 1.060525 56.797170 nan 3.871759 0.000050 719.190007 0.028027
230.502361 2015 2635.675531 52.003570 9526.241108 367.201652 0.138703 0.009617 -37.719409 0.692366 -3.127513 1.628086 36.719792 2.563807 57.018732 nan 3.871758 0.000050 719.190509 0.028082
237.502361 2015 1714.218819 41.057959 7682.073119 750.727995 0.116021 0.003722 -39.661896 1.286054 -0.175558 1.196308 35.636255 1.106562 56.455269 nan 3.871757 0.000051 719.191364 0.028159
244.502361 2015 1316.874210 26.515117 4880.803157 444.156588 0.139932 0.008759 -39.665082 2.455697 1.333031 1.550116 38.279799 0.644535 63.718650 nan 3.871754 0.000051 719.192992 0.028196
251.502361 2015 2457.602804 61.504981 11833.460283 1077.180733 0.129459 0.009260 -42.477736 2.396295 1.469902 1.705097 38.830989 1.013900 62.174420 nan 3.871750 0.000051 719.195251 0.028235
258.502361 2015 1646.537022 29.486130 5394.073902 313.142501 0.133771 0.002555 -48.317654 1.063028 -0.080428 0.853244 42.137948 0.643461 72.736949 nan 3.871746 0.000051 719.197339 0.028359
265.502361 2015 1261.431977 26.738837 4485.379663 479.588610 0.132558 0.002975 -47.869556 1.327505 -0.254568 1.022733 42.964607 0.717961 74.951651 nan 3.871742 0.000051 719.199537 0.028378
272.502361 2015 413.516507 6.732206 1237.492822 47.147406 0.121526 0.002407 nan 2.717846 nan nan nan nan nan nan nan nan nan nan
279.502361 2015 2427.437382 57.060548 8410.926387 938.971381 0.119815 0.008451 -56.904970 1.587256 -5.069397 2.081092 43.249966 2.574927 73.741063 nan 3.871733 0.000051 719.204890 0.028595
286.502361 2015 3054.004490 58.489294 10539.156392 411.617460 0.085066 0.015918 -55.788465 1.352208 -13.091824 3.136322 43.017853 4.920435 64.337870 nan 3.871729 0.000052 719.206838 0.028717
293.502361 2015 1194.108632 24.655590 4259.656500 420.171945 0.127031 0.002257 -54.925155 1.552592 -7.571240 1.227582 39.171207 0.902572 77.121321 nan 3.871723 0.000052 719.210218 0.029131
300.502361 2015 342.167253 6.395732 1149.137933 75.859259 0.108201 0.003476 -57.607782 1.742281 -10.097110 1.570798 33.243183 1.399314 66.208586 nan 3.871722 0.000053 719.211116 0.029295
307.502361 2015 1486.455929 39.203236 6724.692987 1135.715523 0.121835 0.004122 -62.521267 1.848177 -12.689603 1.770714 35.143210 1.693251 72.381556 nan 3.871721 0.000053 719.211700 0.029467
314.502361 2015 2951.601644 55.997551 10023.182014 399.511157 0.126513 0.008733 -65.281215 1.561803 -14.948798 1.855207 38.393746 2.148610 75.952442 nan 3.871720 0.000053 719.212456 0.029672
321.502361 2015 1487.910044 29.887518 5566.519978 309.879070 0.122864 0.003138 -60.550309 1.435494 -15.685506 1.412882 31.660288 1.390269 70.140368 nan 3.871720 0.000054 719.212570 0.029915
328.502361 2015 524.815421 11.022356 2316.638850 61.365331 0.100020 0.003302 -57.215544 1.357785 -18.588301 1.518304 23.210293 1.678824 56.006795 nan 3.871722 0.000054 719.211267 0.030150
335.502361 2015 495.199613 10.518364 1556.123143 154.336759 0.119308 0.004584 -61.594616 1.574720 -17.350912 1.613575 25.186488 1.652430 62.238912 nan 3.871725 0.000055 719.209714 0.030373
342.502361 2015 787.701208 12.579410 2225.079701 69.326758 0.099835 0.016705 -60.810450 1.346861 -18.247767 1.621938 25.494161 1.897015 63.728278 nan 3.871728 0.000055 719.208363 0.030575
349.502361 2015 611.545982 11.475380 1666.538230 130.427407 0.139083 0.010268 -57.183335 1.208215 -16.677278 1.449651 23.193299 1.691086 60.026490 nan 3.871730 0.000055 719.206936 0.030860
356.502361 2015 1745.369909 40.580585 7897.561981 805.543112 0.115969 0.010099 -53.224947 1.243589 -15.923588 1.444209 25.332411 1.644829 55.152840 nan 3.871734 0.000056 719.204793 0.031065
5.502361 2016 1445.385917 27.768853 4768.652771 396.755730 0.110068 0.016159 -44.770386 0.759467 -12.297148 1.319432 24.903717 1.879396 53.571508 nan 3.871805 0.000058 719.165839 0.032201
12.502361 2016 604.038504 9.202811 1544.429398 71.723719 0.144259 0.009381 -42.889131 0.723544 -9.928478 1.205305 27.044358 1.687067 53.379797 nan 3.871807 0.000059 719.164811 0.032623
19.502361 2016 861.961888 23.167021 3302.777816 495.340313 0.104044 0.010281 -39.298476 0.763375 -9.028834 1.550076 30.963946 2.336778 45.397128 nan 3.871809 0.000059 719.163520 0.033060
26.502361 2016 644.204260 10.774442 1621.193196 92.152403 0.133734 0.010169 -37.930028 0.865423 -5.972735 1.352266 30.774127 1.839109 50.303597 nan 3.871811 0.000060 719.162658 0.033462
33.502361 2016 240.270265 4.140285 722.780618 37.066805 0.114169 0.004044 -33.945827 0.848210 -3.337850 1.018350 34.344943 1.188490 49.705097 nan 3.871810 0.000061 719.163463 0.033894
40.502361 2016 446.675825 8.876384 1351.596395 83.098147 0.106767 0.013844 -34.255758 0.548150 -2.736375 1.200829 36.157846 1.853507 53.527287 nan 3.871808 0.000062 719.164661 0.034389
47.502361 2016 1636.028056 37.288506 7649.592477 342.656042 0.125747 0.026545 -37.634189 2.673697 -8.135295 3.971503 42.539321 5.269309 40.472799 nan 3.871806 0.000062 719.165823 0.034753
54.502361 2016 1373.254957 26.244076 4478.871903 221.797022 0.126574 0.001790 -38.270764 0.875798 0.547922 0.755468 37.949938 0.635137 62.660556 nan 3.871803 0.000063 719.167437 0.034882
61.502361 2016 566.400887 11.696221 2096.680618 108.213940 0.107286 0.003043 -39.802386 1.103959 1.379946 1.056474 45.342293 1.008989 56.443875 nan 3.871798 0.000064 719.170706 0.035547
68.502361 2016 1023.379613 20.332982 3502.217584 220.767867 0.098829 0.016928 -44.579018 2.850614 -0.689772 3.242132 39.234317 3.633651 54.874745 nan 3.871792 0.000065 719.173940 0.035977
75.502361 2016 1120.331120 21.319340 3445.547310 201.198267 0.129459 0.002582 -54.784016 1.613387 -0.616087 1.185659 41.481850 0.757930 71.667964 nan 3.871788 0.000065 719.176609 0.036396
82.502361 2016 879.333207 17.433032 2866.373809 182.979964 0.124491 0.001508 -49.837318 1.346157 -1.286292 0.856075 38.714991 0.365994 71.519659 nan 3.871783 0.000066 719.179225 0.036568
89.502361 2016 319.727179 4.531933 770.124632 26.326809 0.098138 0.016688 nan nan nan nan nan nan nan nan nan nan nan nan
96.502361 2016 824.088166 16.274107 2303.462516 202.637626 0.125128 0.002380 -57.340967 1.618302 -5.369454 1.197404 37.259082 0.776506 73.891683 nan 3.871772 0.000068 719.185647 0.037855
103.502361 2016 1102.201639 28.336898 4788.048093 588.981375 0.136031 0.009304 -59.256795 1.739751 -7.737768 2.051615 36.922051 2.363479 72.611355 nan 3.871769 0.000068 719.187597 0.037909
110.502361 2016 920.718762 18.070970 2912.216025 201.582963 0.123121 0.002221 -58.870776 1.352624 -9.549498 1.211393 36.045455 1.070162 72.860429 nan 3.871767 0.000069 719.188746 0.038338
117.502361 2016 328.436518 4.573519 728.136782 22.282954 0.134852 0.001773 -58.041161 1.019430 -10.913269 1.044901 37.261520 1.070372 78.019004 nan 3.871765 0.000069 719.189909 0.038577
124.502361 2016 1246.805801 24.485328 4026.893775 212.448655 0.129861 0.002686 -56.983139 1.002585 -13.329942 1.147397 34.581649 1.292209 73.334034 nan 3.871764 0.000070 719.190681 0.038965
131.502361 2016 2914.304628 58.099117 10854.506939 479.663079 0.133308 0.003747 -58.708685 1.009575 -13.905648 1.261441 36.530832 1.513308 71.740301 nan 3.871766 0.000070 719.189529 0.039213
138.502361 2016 1378.441570 26.143299 5007.576452 209.998351 0.127964 0.002231 -57.452959 0.879061 -15.834769 1.127253 31.361138 1.375444 67.911423 nan 3.871769 0.000071 719.188013 0.039403
145.502361 2016 617.671200 10.939725 2092.970856 73.981401 0.124704 0.002972 -59.829635 1.085414 -17.067844 1.358187 30.006276 1.630961 63.339143 nan 3.871771 0.000071 719.186864 0.039607
152.502361 2016 437.490869 6.444703 978.393635 38.959763 0.135230 0.002121 -56.781983 1.037515 -16.095937 1.219386 29.437703 1.401257 63.970803 nan 3.871775 0.000071 719.184850 0.039797
159.502361 2016 827.729707 17.382294 2521.446461 201.336820 0.128338 0.003641 -55.311354 1.210783 -16.469114 1.499586 30.898451 1.788389 58.323614 nan 3.871781 0.000072 719.181659 0.039927
166.502361 2016 525.895440 9.253928 1374.831647 87.234563 0.110488 0.014216 -51.143139 1.043945 -15.797872 1.369345 33.033745 1.694745 55.894340 nan 3.871786 0.000072 719.178822 0.040062
173.502361 2016 300.008675 4.843586 770.684088 53.997744 0.132879 0.002757 -50.707517 1.113907 -13.635407 1.252435 29.060377 1.390963 54.740027 nan 3.871790 0.000072 719.176806 0.040207
180.502361 2016 265.356994 4.448158 854.416740 39.974887 0.135984 0.002013 -48.769804 1.013807 -11.823957 1.150178 29.759425 1.286549 54.054882 nan 3.871794 0.000072 719.174608 0.040347
187.502361 2016 333.687241 8.933047 1007.983735 130.022731 0.118922 0.009318 -44.974395 0.931309 -11.216264 1.596015 27.535664 2.260722 48.357280 nan 3.871799 0.000073 719.171910 0.040444
194.502361 2016 779.612773 12.331801 2222.699036 79.823909 0.137116 0.013268 -41.394214 0.815152 -9.092543 1.508664 28.352461 2.202177 49.833274 nan 3.871802 0.000073 719.170380 0.040545
201.502361 2016 388.835545 6.477167 1140.459819 50.285264 0.125591 0.003931 -38.600582 1.097872 -5.615268 1.068183 30.420706 1.038494 49.954338 nan 3.871802 0.000073 719.170136 0.040628
208.502361 2016 729.665529 14.113492 2280.448446 141.323788 0.130941 0.002549 -35.457493 0.692456 -3.961381 0.883041 32.108026 1.073627 52.913994 nan 3.871802 0.000073 719.170128 0.040697
215.502361 2016 991.268306 20.839316 3172.858237 316.465618 0.113145 0.017942 -36.876185 3.228692 -0.221266 2.685658 34.621674 2.142624 47.655573 nan 3.871802 0.000073 719.170134 0.040743
222.502361 2016 1229.912412 19.741100 3378.250514 134.660064 0.166519 0.016476 -36.057857 2.695500 -1.235367 3.133724 35.581698 3.571948 51.095337 nan 3.871800 0.000073 719.171413 0.040733
229.502361 2016 578.570827 9.742790 1565.395120 86.382899 0.129398 0.002061 -36.028770 0.749168 0.519723 0.679422 34.678997 0.609676 59.482002 nan 3.871795 0.000073 719.174200 0.040749
236.502361 2016 690.962291 15.187023 2049.863486 241.536240 0.125694 0.004061 -39.368742 1.218303 1.460918 1.100565 38.893901 0.982828 60.784500 nan 3.871790 0.000073 719.176872 0.040761
243.502361 2016 1186.796584 31.551798 4852.414830 639.199930 0.138027 0.009918 -42.569414 2.571995 2.726310 1.676203 43.289150 0.780411 62.381453 nan 3.871786 0.000073 719.179290 0.040773
257.502361 2016 1204.032492 24.842338 4404.843682 249.428717 0.119468 0.002127 -42.138030 1.095056 0.734460 0.846651 38.252047 0.598246 65.794619 nan 3.871772 0.000073 719.186953 0.040914
264.502361 2016 484.423675 8.402143 1201.865539 83.516305 0.130942 0.003600 -47.500813 1.515337 -0.324029 1.324714 43.690459 1.134091 73.138355 nan 3.871767 0.000074 719.190097 0.041002
271.502361 2016 2341.212306 52.700074 9299.402205 657.381241 0.099152 0.014142 -55.628737 1.616439 -8.955026 3.255817 43.879679 4.895195 65.602509 nan 3.871763 0.000074 719.192401 0.041124
278.502361 2016 2683.010000 50.887687 9021.943386 321.240858 0.132537 0.002826 -50.209509 1.313886 -3.511505 1.217453 46.048362 1.121020 76.807579 nan 3.871758 0.000074 719.195180 0.041284
285.502361 2016 1462.108319 31.317371 5728.113594 508.964218 0.123636 0.003211 -52.433674 1.723666 -5.431940 1.397557 36.924083 1.071449 72.847361 nan 3.871753 0.000074 719.197673 0.041445
292.502361 2016 1859.275758 30.021117 5105.343918 179.483633 0.143907 0.002627 -59.327714 1.498059 -7.594886 1.269190 40.779809 1.040320 83.113678 nan 3.871752 0.000075 719.198445 0.041632
299.502361 2016 2710.891635 60.594854 10143.296870 1004.328334 0.112283 0.010789 -59.949733 1.645464 -12.374297 2.360868 40.466445 3.076272 69.678943 nan 3.871753 0.000075 719.198116 0.041758
306.502361 2016 2288.805501 44.794548 8041.935495 427.151978 0.130015 0.003201 -60.678387 1.437171 -12.253117 1.429867 34.205432 1.422563 73.915691 nan 3.871753 0.000075 719.197898 0.041965
313.502361 2016 850.538211 16.676681 3075.629758 158.969513 0.116896 0.003631 -60.589967 1.817932 -14.714993 1.610192 30.069663 1.402452 65.294374 nan 3.871755 0.000076 719.197258 0.042158
327.502361 2016 609.538163 13.330760 1962.920231 168.334144 0.123262 0.004206 -59.556819 1.264675 -15.810526 1.489452 28.498720 1.714229 63.198888 nan 3.871765 0.000076 719.191852 0.042592
334.502361 2016 634.893758 10.029601 1885.878703 48.120850 0.134215 0.002199 -57.714984 1.086623 -15.526354 1.216156 26.120025 1.345688 63.942918 nan 3.871769 0.000077 719.189446 0.042875
341.502361 2016 545.651103 9.946715 1671.017885 97.373668 0.125025 0.004005 -53.252121 1.026192 -15.010328 1.282882 25.639801 1.539572 57.042141 nan 3.871774 0.000078 719.187164 0.043410
348.502361 2016 617.316358 9.325705 1757.757502 50.207367 0.144687 0.009351 -49.824562 0.993208 -14.194801 1.187598 23.254063 1.381987 57.493104 nan 3.871780 0.000079 719.183557 0.043794
355.502361 2016 859.546661 18.525418 2732.128570 272.149336 0.124305 0.005541 -44.352048 2.933346 -10.556415 2.288266 41.146981 1.643186 50.776323 nan 3.871786 0.000079 719.180402 0.043824
362.502361 2016 1173.511312 19.186762 3277.639631 99.976684 0.136653 0.003437 -42.599020 0.819372 -10.172396 0.956162 26.134944 1.092952 53.329276 nan 3.871790 0.000079 719.178529 0.044220
162.500845 2013 1023.877446 21.922734 4548.910709 316.667715 0.131816 0.002189 -62.937876 1.082487 -17.583991 1.275609 31.132224 1.468731 76.515097 nan 3.871856 0.000003 719.132167 0.001689
169.502234 2013 497.759236 9.365999 1687.075747 57.884497 0.105679 0.003769 -58.190030 1.074637 -20.429030 1.340087 25.826574 1.605536 59.576483 nan 3.871771 0.000003 719.179608 0.001950
183.502234 2013 1461.665447 33.914470 6393.422786 626.554911 0.133199 0.003911 -61.598769 1.308037 -17.472395 1.514085 32.011421 1.720134 65.937278 nan 3.871770 0.000004 719.180240 0.002294
190.502234 2013 1577.594945 29.712733 5218.822507 252.484727 0.130956 0.002671 -59.240264 1.203469 -16.441707 1.375302 29.999358 1.547134 63.099055 nan 3.871771 0.000004 719.179835 0.002421
197.502234 2013 1615.168064 30.465615 5344.835106 284.070086 0.107732 0.014759 -54.307185 1.104985 -16.229459 1.718284 34.951131 2.331583 58.976929 nan 3.871771 0.000005 719.180074 0.002730
204.502234 2013 761.850614 12.448013 1993.315767 108.550891 0.135337 0.003105 -52.499737 0.986731 -13.015434 1.340758 33.416227 1.694784 60.757241 nan 3.871771 0.000006 719.179869 0.003082
211.502234 2013 276.252419 4.079177 700.555045 27.463821 0.130368 0.001634 -48.281234 0.876128 -11.469887 1.104254 30.590957 1.332379 58.742544 nan 3.871771 0.000006 719.179930 0.003325
218.502234 2013 556.406799 10.996748 1793.883341 123.611137 0.129450 0.004205 -45.379258 0.940067 -9.855634 1.398525 35.725420 1.856983 58.545023 nan 3.871771 0.000006 719.179720 0.003489
225.502234 2013 468.526635 9.491777 1251.435213 104.304550 0.103181 0.013464 -42.192525 0.664898 -8.836011 1.409584 38.392505 2.154271 54.428015 nan 3.871771 0.000007 719.179866 0.003627
232.502234 2013 571.092512 9.077612 1600.292721 68.067321 0.128647 0.009300 -43.282229 0.751388 -6.230201 1.502296 39.262502 2.253203 62.253546 nan 3.871770 0.000007 719.180587 0.003771
239.502234 2013 626.164332 11.873215 1911.866337 98.527670 0.126826 0.002386 -39.145396 0.493115 -4.036969 0.944276 38.009139 1.395437 62.133380 nan 3.871771 0.000007 719.179689 0.003937
246.502234 2013 364.696477 6.165867 1049.469656 58.205643 0.129758 0.001487 -40.917678 0.452324 -2.535929 0.787316 39.839512 1.122307 66.079046 nan 3.871768 0.000008 719.181706 0.004384
253.502234 2013 133.689172 1.874190 354.745664 16.338662 0.113294 0.005188 -40.382621 2.446797 -0.378743 1.922624 40.703542 1.398451 60.578148 nan 3.871772 0.000008 719.179178 0.004515
260.502234 2013 156.836578 3.176982 527.584982 45.964769 0.096944 0.020825 -46.889864 3.474888 -1.594307 3.762600 46.281598 4.050311 63.530099 nan 3.871771 0.000008 719.179653 0.004632
267.502234 2013 156.234254 2.816406 515.607522 26.169904 0.062999 0.008302 -46.218848 4.600473 -2.008818 4.722379 44.649002 4.844284 35.662133 nan 3.871773 0.000008 719.178992 0.004716
274.502234 2013 604.000103 15.721338 3726.934571 285.864033 -1.399730 0.236682 -54.266384 3.560717 -0.392150 3.609093 51.805781 3.657469 61.039902 nan 3.871772 0.000009 719.179131 0.004914
281.502234 2013 542.249093 11.748583 1434.846931 197.940091 0.127536 0.003847 -54.097374 1.366624 -2.073733 1.374749 46.944098 1.382873 78.113792 nan 3.871771 0.000009 719.179913 0.005069
288.502234 2013 624.223058 13.063386 1865.683178 165.208167 0.130528 0.001795 -54.457616 1.363545 -2.852352 1.021224 47.259983 0.678902 82.039166 nan 3.871770 0.000009 719.180454 0.004934
295.502234 2013 213.522959 3.084022 556.145416 17.618249 0.116369 0.002166 -53.310968 1.327321 -5.295950 1.054035 39.065874 0.780750 74.873358 nan 3.871769 0.000009 719.181014 0.005017
302.502234 2013 226.723910 4.798461 708.652852 67.427933 0.105679 0.003468 -56.644376 1.568065 -7.406659 1.384384 36.975807 1.200702 68.648984 nan 3.871767 0.000009 719.182031 0.005015
309.502234 2013 234.168582 8.422232 759.954687 128.077646 0.028206 0.011017 -60.939926 4.760558 -10.879750 4.856478 41.518038 4.952398 30.350885 nan 3.871766 0.000009 719.182739 0.004989
316.502234 2013 628.751548 13.122242 1976.753433 163.266683 0.125436 0.003250 -64.926598 1.678181 -12.129204 1.472451 36.756332 1.266721 80.028580 nan 3.871765 0.000009 719.183257 0.005023
330.503449 2013 100.103885 1.869578 370.580904 18.453715 0.080026 0.032878 -64.182383 3.452316 -15.145312 2.768492 31.074080 2.084669 72.978613 nan 3.871763 0.000009 719.184524 0.005105
337.503449 2013 105.300064 2.445599 444.559909 30.300594 -0.017680 0.026207 -65.334852 4.662140 -17.046359 4.782178 52.416493 4.902216 28.531408 nan 3.871763 0.000009 719.184504 0.005145
344.503449 2013 268.583086 6.024823 913.928260 82.737883 0.238636 0.183421 -69.019948 3.690179 -18.846478 3.746111 26.159996 3.802043 47.082681 nan 3.871762 0.000009 719.184995 0.005252
351.503449 2013 168.183039 5.007478 626.700284 77.832429 -0.810006 0.166877 -64.262480 3.825575 -9.859092 3.993613 24.501486 4.161651 31.699398 nan 3.871762 0.000010 719.184870 0.005440
358.503449 2013 54.740063 1.475851 287.017349 18.199293 -0.710544 0.152299 -63.505415 3.349153 -18.661076 3.580258 23.887678 3.811362 24.133749 nan 3.871763 0.000010 719.184570 0.005522
7.503449 2014 121.397043 2.251724 432.306979 18.460519 0.036855 0.004203 -57.432074 3.304405 -17.667559 3.480577 24.612321 3.656749 16.259140 nan 3.871764 0.000011 719.184045 0.006240
35.503449 2014 81.446746 3.283596 383.285829 61.349775 -1.440507 0.226350 -41.708074 3.072188 -17.543235 3.098476 32.707617 3.124765 13.823414 nan 3.871767 0.000014 719.182292 0.007562
42.503449 2014 469.275592 8.962292 1305.833580 94.469642 0.158976 0.013770 -43.414054 0.682169 -7.681169 1.879321 38.342544 3.076474 60.384880 nan 3.871768 0.000014 719.181600 0.007963
49.503449 2014 853.316634 26.043478 6185.156294 1137.815655 0.086922 0.024211 -38.313943 0.598658 -4.038476 0.942218 37.906701 1.285778 59.002589 nan 3.871768 0.000015 719.181535 0.008214
56.503449 2014 452.764860 12.352903 2462.705878 188.809765 0.141099 0.017025 -36.731623 0.541153 -4.613123 2.350422 36.532070 4.159692 58.173645 nan 3.871758 0.000012 719.187101 0.006553
63.503449 2014 230.488881 3.838449 572.312595 28.792214 0.153920 0.013454 -42.712135 0.586473 -4.058088 2.262333 42.951208 3.938192 63.935217 nan 3.871770 0.000017 719.180788 0.009243
70.503449 2014 81.316008 1.780640 287.185974 23.166640 -1.289246 0.221921 -39.367965 2.257415 -0.527431 2.556538 41.205606 2.855660 46.683649 nan 3.871769 0.000018 719.181533 0.010041
77.503449 2014 50.491847 1.577494 210.975568 25.853215 1.078883 0.074292 -44.441099 2.434044 -30.662914 2.742320 44.318122 3.050596 5.840898 nan 3.871768 0.000018 719.182171 0.010219
84.503449 2014 77.020370 1.768717 331.344743 19.578315 -0.024005 0.019504 -44.148577 4.298928 -2.234938 4.372984 41.651144 4.447039 16.865769 nan 3.871766 0.000019 719.183349 0.010479
91.503449 2014 61.256915 1.766126 265.436204 24.567215 -0.404901 0.093073 -45.457616 4.368460 -1.195232 4.352451 41.020257 4.336441 26.841967 nan 3.871766 0.000019 719.183355 0.010783
98.503449 2014 210.143284 9.762964 798.363346 207.116626 -0.108292 0.043858 -50.513365 4.766252 -2.078279 4.631378 39.301062 4.496505 25.025087 nan 3.871764 0.000021 719.184400 0.011449
105.503449 2014 479.018631 10.808185 1227.679367 139.548523 0.129540 0.009954 -58.328016 1.541968 -6.078386 2.205546 43.046280 2.869123 72.628641 nan 3.871762 0.000021 719.185596 0.011822
112.503449 2014 397.835088 7.628888 1153.041259 88.431679 0.129655 0.013108 -62.931501 1.466448 -9.453270 2.471002 39.004956 3.475556 77.801219 nan 3.871760 0.000022 719.186674 0.012163
119.503449 2014 445.358096 10.956676 1520.481134 158.949234 0.081713 0.031776 -65.709644 1.767932 -12.124669 2.796143 38.472138 3.824354 75.145876 nan 3.871757 0.000022 719.188236 0.012328
126.503449 2014 479.814611 11.202038 1595.343867 156.613106 0.103790 0.013278 -64.444307 1.639303 -12.914503 1.975145 34.296162 2.310987 73.959232 nan 3.871758 0.000022 719.187708 0.012485
133.503449 2014 251.105633 4.489609 791.401089 48.174604 0.123018 0.001994 -64.935129 1.405796 -14.305571 1.255411 33.341791 1.105027 76.459341 nan 3.871756 0.000023 719.188775 0.012732
140.503449 2014 137.052210 4.232557 507.578216 85.893979 -2.675531 0.400879 -62.280900 2.617379 -19.341621 2.773819 32.775714 2.930260 48.944609 nan 3.871759 0.000024 719.187404 0.013104
168.503449 2014 147.846207 4.050891 660.425131 71.651962 1.784623 0.322255 -60.116791 4.465956 -6.371722 3.926768 50.173205 3.387580 18.865242 nan 3.871758 0.000025 719.188183 0.014125
175.503449 2014 55.933066 1.297043 221.985006 14.918367 -1.277543 0.203578 -58.474898 2.871111 -14.190825 2.920846 23.016065 2.970581 8.599317 nan 3.871758 0.000026 719.187761 0.014282
182.503449 2014 45.562004 1.247448 224.442317 16.296942 -1.247732 0.404972 -54.840382 2.623227 -22.875085 2.627307 26.150495 2.631387 25.288724 nan 3.871760 0.000026 719.186895 0.014423
189.503449 2014 31.201524 1.025013 170.951090 14.434644 -1.959405 0.221432 -52.786933 2.607834 -0.538885 2.628488 26.536723 2.649141 4.346625 nan 3.871762 0.000026 719.185801 0.014682
203.503449 2014 7.175988 0.352498 74.895170 4.877762 0.008335 0.000000 4.489711 0.000000 6.752866 0.000000 9.016022 0.000000 4.526311 nan 3.871765 0.000027 719.184379 0.015052
210.503449 2014 40.536010 1.579800 193.748980 25.258011 -1.770958 0.208691 -43.857203 3.303519 8.640783 3.414774 37.738792 3.526028 23.313985 nan 3.871767 0.000027 719.183249 0.015199
217.503449 2014 181.276763 3.738994 765.289739 30.284943 0.044114 0.010429 -42.353302 3.149085 -6.999353 3.269316 35.805508 3.389546 24.015411 nan 3.871767 0.000028 719.183181 0.015333
224.503449 2014 112.196384 2.478297 470.262134 27.376998 0.018805 0.007323 -40.504287 3.222317 -5.061936 3.297232 34.254032 3.372148 13.567839 nan 3.871768 0.000028 719.182662 0.015418
231.503449 2014 133.229715 3.278560 690.562288 45.829022 -0.715165 0.228775 -38.349694 3.259425 -4.140898 3.042559 36.688477 2.825694 35.641462 nan 3.871768 0.000028 719.182631 0.015592
238.503449 2014 575.996778 16.181916 3453.728579 338.694102 0.038083 0.014044 -37.239565 3.702522 -1.890492 3.728360 34.898129 3.754198 26.022130 nan 3.871768 0.000028 719.182341 0.015685
245.503449 2014 711.696679 12.571484 2126.546813 121.889936 0.128729 0.001500 -40.488270 0.636022 -1.250354 0.778858 39.704541 0.921695 65.306069 nan 3.871768 0.000028 719.182717 0.015746
266.503449 2014 619.017172 12.951012 2113.046554 154.466221 0.115003 0.006580 -51.724165 2.507461 -1.301634 2.659181 43.225667 2.810900 65.737885 nan 3.871763 0.000029 719.185241 0.016060
273.503449 2014 642.025168 10.878463 2064.269056 52.089753 0.124918 0.001609 -48.951582 1.095002 -1.696014 0.853797 40.795174 0.612591 74.118295 nan 3.871760 0.000029 719.187416 0.016295
280.503449 2014 385.207160 6.944636 1192.460691 63.181217 0.118346 0.002285 -49.677304 1.288100 -2.824875 1.008751 41.733854 0.729403 72.216779 nan 3.871757 0.000029 719.188813 0.016219
287.503449 2014 521.359236 11.123222 1373.700911 143.459986 0.125025 0.001860 -53.506139 1.431230 -4.813013 0.952527 39.463096 0.473824 77.239548 nan 3.871755 0.000029 719.190157 0.016253
294.503449 2014 887.451005 16.790955 2749.865684 152.678951 0.128678 0.002703 -58.064409 1.637457 -6.237613 1.222872 47.805965 0.808287 79.770204 nan 3.871753 0.000029 719.191197 0.016204
301.503449 2014 583.802133 10.048366 1829.387892 60.479753 0.120600 0.001635 -57.978903 1.410612 -9.163432 1.117279 36.469266 0.823945 75.823491 nan 3.871747 0.000030 719.194317 0.016463
308.503449 2014 679.913469 15.096543 1936.847806 214.425383 0.118491 0.002430 -58.142366 1.487057 -11.420081 1.258039 37.668931 1.029021 74.116698 nan 3.871749 0.000030 719.193256 0.016649
315.503449 2014 570.855468 13.170279 1787.175974 220.568473 0.119622 0.002661 -60.197788 1.572816 -13.630732 1.365577 33.341805 1.158337 74.076060 nan 3.871747 0.000030 719.194428 0.016815
322.503449 2014 714.239668 12.622484 2245.240450 82.680327 0.125539 0.002681 -62.612513 1.578292 -16.291048 1.385125 32.552567 1.191958 74.944980 nan 3.871747 0.000030 719.194549 0.016922
329.503449 2014 287.082957 5.155046 875.410625 52.458061 0.118696 0.002316 -61.617872 1.510300 -17.578747 1.396297 27.005433 1.282294 69.545281 nan 3.871747 0.000030 719.194393 0.016985
336.503449 2014 304.695311 5.775722 926.552668 74.731068 0.120806 0.003905 -66.424691 1.471571 -18.659448 1.541445 25.564660 1.611319 67.244008 nan 3.871747 0.000031 719.194450 0.017184
343.503449 2014 1087.276952 18.384171 3038.352452 97.871464 0.129887 0.003107 -65.820372 1.462897 -17.836979 1.526897 30.407561 1.590898 68.490439 nan 3.871748 0.000031 719.193882 0.017377
350.503449 2014 550.833599 9.460460 1506.353244 83.062975 0.123956 0.002967 -61.571048 1.325518 -17.917193 1.441441 27.089509 1.557365 62.763257 nan 3.871750 0.000032 719.192763 0.017560
357.503449 2014 662.212139 14.267077 2203.678254 178.894459 0.114446 0.003664 -56.727072 1.200333 -17.860091 1.378535 20.747670 1.556736 56.204107 nan 3.871752 0.000032 719.191697 0.017688
6.503449 2015 1059.641804 22.792057 4142.093625 335.586060 0.119159 0.003868 -49.701993 1.141525 -14.200766 1.205617 22.539042 1.269708 52.597517 nan 3.871756 0.000034 719.189898 0.018900
13.503449 2015 258.791989 4.505539 606.854487 38.868174 0.143918 0.013855 -45.854214 0.775414 -13.203722 1.283053 22.401206 1.790693 52.706747 nan 3.871758 0.000035 719.188499 0.019317
20.503449 2015 134.770441 2.548810 427.639153 37.704665 -0.219797 0.105342 -41.303327 1.745775 -13.789732 3.194143 31.977400 4.642511 39.514851 nan 3.871761 0.000035 719.187214 0.019671
34.503449 2015 1008.241625 13.365825 2233.401964 91.662050 0.142422 0.011174 -37.481333 0.504968 -6.850301 1.403717 33.514699 2.302466 55.212193 nan 3.871535 0.000034 719.313076 0.018824
41.503449 2015 267.451509 5.167764 713.083552 61.714099 0.115918 0.002972 -36.792103 0.672200 -4.008576 0.816558 33.847555 0.960917 53.249824 nan 3.871764 0.000037 719.185711 0.020703
48.503449 2015 419.720913 10.284273 1656.618902 172.472102 0.086272 0.011545 -34.429879 2.667455 -0.218884 2.107455 35.355085 1.547456 46.166417 nan 3.871759 0.000039 719.188625 0.021929
55.503449 2015 508.941931 11.192704 1385.709921 154.113434 0.130261 0.009684 -37.227750 0.629224 -2.623182 1.619353 39.067366 2.609482 57.676093 nan 3.871762 0.000039 719.187058 0.021484
62.503449 2015 1038.195515 20.212467 3222.786259 259.460746 0.134459 0.009612 -41.589348 0.905625 -2.041400 1.850711 42.014812 2.795797 62.051071 nan 3.871760 0.000039 719.188175 0.021575
69.503449 2015 522.295062 8.888630 1420.105825 83.194001 0.155466 0.017241 -41.289029 0.887579 -4.752586 2.973499 41.140745 5.059418 57.976865 nan 3.871758 0.000040 719.189337 0.022276
76.503449 2015 2043.169506 55.683514 12498.563735 876.092886 0.107120 0.017275 -46.111573 2.914975 -0.688785 2.874569 47.978164 2.834164 60.580467 nan 3.871755 0.000041 719.191288 0.023045
90.503449 2015 757.648526 13.705892 2691.234498 103.236669 0.115912 0.001323 -50.821619 1.365183 -2.490489 0.885636 35.022141 0.406089 69.625915 nan 3.871748 0.000042 719.195263 0.023329
97.503449 2015 544.592809 11.598885 1963.379770 246.134083 0.123582 0.003901 -56.533101 1.895199 -4.073580 1.481808 41.191839 1.068417 74.879470 nan 3.871745 0.000043 719.196887 0.023695
104.503449 2015 1515.750561 37.012492 5921.013785 757.332705 0.127162 0.008672 -61.497777 1.820276 -7.628450 2.090696 38.919422 2.361116 70.389538 nan 3.871742 0.000044 719.198774 0.024250
111.503449 2015 1415.938842 26.796624 4702.112757 337.911329 0.141534 0.009534 -62.602211 1.584269 -9.160995 2.096349 38.729628 2.608428 78.122664 nan 3.871739 0.000045 719.200812 0.025153
118.503449 2015 504.142964 9.271621 1673.399763 80.515082 0.112779 0.003069 -62.020751 1.587974 -11.464239 1.422556 37.057021 1.257138 69.404383 nan 3.871737 0.000046 719.201691 0.025475
125.503449 2015 441.936399 8.775308 1308.927206 118.560314 0.121835 0.002675 -61.434690 1.554244 -13.147815 1.219641 31.092582 0.885039 73.102871 nan 3.871736 0.000046 719.202166 0.025606
132.503449 2015 1078.690652 22.952491 3922.867112 318.816947 0.120291 0.004040 -60.106203 1.448058 -14.700813 1.397755 32.587986 1.347453 69.834206 nan 3.871735 0.000046 719.202766 0.025823
139.503449 2015 615.628109 11.588554 1756.893477 156.961884 0.129449 0.002483 -60.111802 0.903611 -16.289343 1.197559 35.450067 1.491506 72.826507 nan 3.871735 0.000047 719.202762 0.026033
146.503449 2015 140.332444 2.255202 363.378092 18.757867 0.094257 0.003835 -56.779131 1.251510 -19.555546 1.631878 24.221949 2.012247 53.239747 nan 3.871737 0.000047 719.202199 0.026259
153.503449 2015 91.154438 1.278971 206.170956 6.771323 0.061283 0.008171 -59.217763 2.257614 -22.563421 2.642043 25.005779 3.026472 32.808185 nan 3.871739 0.000048 719.200827 0.026587
160.503449 2015 821.420661 16.179488 2828.406392 162.154554 0.011319 0.056145 -58.808071 1.632716 -15.637772 2.101608 37.037898 2.570501 60.843582 nan 3.871741 0.000048 719.199627 0.026611
174.502361 2015 1772.134747 42.582448 9779.291893 829.362333 0.133467 0.005694 -55.377527 1.424569 -15.108361 1.686434 32.750185 1.948300 57.504049 nan 3.871747 0.000049 719.196843 0.027034
181.502361 2015 1095.818707 19.692626 3864.366429 171.642588 0.135123 0.001811 -50.561109 1.119682 -14.068032 1.273061 30.515743 1.426440 57.612568 nan 3.871750 0.000049 719.194951 0.027338
188.502361 2015 717.987777 15.240336 1979.802869 242.766037 0.126414 0.002900 -47.148474 1.158462 -12.761240 1.341574 32.713512 1.524686 53.137745 nan 3.871753 0.000049 719.193548 0.027495
195.502361 2015 1080.816778 22.952426 2921.706976 357.267549 0.135315 0.002542 -47.081092 0.926871 -10.644148 1.194911 31.292988 1.462951 55.149354 nan 3.871755 0.000050 719.192295 0.027614
202.502361 2015 733.443995 18.196572 2064.511638 266.484558 0.115797 0.005674 -42.382761 1.919768 -8.551836 1.659417 28.676112 1.399067 47.870748 nan 3.871758 0.000050 719.190907 0.027778
209.502361 2015 469.516524 7.241517 1265.287149 55.807975 0.130221 0.002236 -40.897008 0.712769 -6.626661 0.935476 29.949185 1.158182 54.019729 nan 3.871759 0.000050 719.189888 0.027853
216.502361 2015 468.235696 10.462986 1220.586250 126.757322 0.128200 0.009118 -38.958671 0.623100 -5.692317 1.270555 35.035988 1.918009 56.040171 nan 3.871760 0.000050 719.189608 0.027928
223.502361 2015 560.285899 10.931388 1796.519845 121.229931 0.128472 0.002164 -37.612621 0.659275 -3.288828 0.859900 33.175377 1.060525 56.797170 nan 3.871759 0.000050 719.190007 0.028027
230.502361 2015 2635.675531 52.003570 9526.241108 367.201652 0.138703 0.009617 -37.719409 0.692366 -3.127513 1.628086 36.719792 2.563807 57.018732 nan 3.871758 0.000050 719.190509 0.028082
237.502361 2015 1714.218819 41.057959 7682.073119 750.727995 0.116021 0.003722 -39.661896 1.286054 -0.175558 1.196308 35.636255 1.106562 56.455269 nan 3.871757 0.000051 719.191364 0.028159
244.502361 2015 1316.874210 26.515117 4880.803157 444.156588 0.139932 0.008759 -39.665082 2.455697 1.333031 1.550116 38.279799 0.644535 63.718650 nan 3.871754 0.000051 719.192992 0.028196
251.502361 2015 2457.602804 61.504981 11833.460283 1077.180733 0.129459 0.009260 -42.477736 2.396295 1.469902 1.705097 38.830989 1.013900 62.174420 nan 3.871750 0.000051 719.195251 0.028235
258.502361 2015 1646.537022 29.486130 5394.073902 313.142501 0.133771 0.002555 -48.317654 1.063028 -0.080428 0.853244 42.137948 0.643461 72.736949 nan 3.871746 0.000051 719.197339 0.028359
265.502361 2015 1261.431977 26.738837 4485.379663 479.588610 0.132558 0.002975 -47.869556 1.327505 -0.254568 1.022733 42.964607 0.717961 74.951651 nan 3.871742 0.000051 719.199537 0.028378
272.502361 2015 413.516507 6.732206 1237.492822 47.147406 0.121526 0.002407 nan 2.717846 nan nan nan nan nan nan nan nan nan nan
279.502361 2015 2427.437382 57.060548 8410.926387 938.971381 0.119815 0.008451 -56.904970 1.587256 -5.069397 2.081092 43.249966 2.574927 73.741063 nan 3.871733 0.000051 719.204890 0.028595
286.502361 2015 3054.004490 58.489294 10539.156392 411.617460 0.085066 0.015918 -55.788465 1.352208 -13.091824 3.136322 43.017853 4.920435 64.337870 nan 3.871729 0.000052 719.206838 0.028717
293.502361 2015 1194.108632 24.655590 4259.656500 420.171945 0.127031 0.002257 -54.925155 1.552592 -7.571240 1.227582 39.171207 0.902572 77.121321 nan 3.871723 0.000052 719.210218 0.029131
300.502361 2015 342.167253 6.395732 1149.137933 75.859259 0.108201 0.003476 -57.607782 1.742281 -10.097110 1.570798 33.243183 1.399314 66.208586 nan 3.871722 0.000053 719.211116 0.029295
307.502361 2015 1486.455929 39.203236 6724.692987 1135.715523 0.121835 0.004122 -62.521267 1.848177 -12.689603 1.770714 35.143210 1.693251 72.381556 nan 3.871721 0.000053 719.211700 0.029467
314.502361 2015 2951.601644 55.997551 10023.182014 399.511157 0.126513 0.008733 -65.281215 1.561803 -14.948798 1.855207 38.393746 2.148610 75.952442 nan 3.871720 0.000053 719.212456 0.029672
321.502361 2015 1487.910044 29.887518 5566.519978 309.879070 0.122864 0.003138 -60.550309 1.435494 -15.685506 1.412882 31.660288 1.390269 70.140368 nan 3.871720 0.000054 719.212570 0.029915
328.502361 2015 524.815421 11.022356 2316.638850 61.365331 0.100020 0.003302 -57.215544 1.357785 -18.588301 1.518304 23.210293 1.678824 56.006795 nan 3.871722 0.000054 719.211267 0.030150
335.502361 2015 495.199613 10.518364 1556.123143 154.336759 0.119308 0.004584 -61.594616 1.574720 -17.350912 1.613575 25.186488 1.652430 62.238912 nan 3.871725 0.000055 719.209714 0.030373
342.502361 2015 787.701208 12.579410 2225.079701 69.326758 0.099835 0.016705 -60.810450 1.346861 -18.247767 1.621938 25.494161 1.897015 63.728278 nan 3.871728 0.000055 719.208363 0.030575
349.502361 2015 611.545982 11.475380 1666.538230 130.427407 0.139083 0.010268 -57.183335 1.208215 -16.677278 1.449651 23.193299 1.691086 60.026490 nan 3.871730 0.000055 719.206936 0.030860
356.502361 2015 1745.369909 40.580585 7897.561981 805.543112 0.115969 0.010099 -53.224947 1.243589 -15.923588 1.444209 25.332411 1.644829 55.152840 nan 3.871734 0.000056 719.204793 0.031065
5.502361 2016 1445.385917 27.768853 4768.652771 396.755730 0.110068 0.016159 -44.770386 0.759467 -12.297148 1.319432 24.903717 1.879396 53.571508 nan 3.871805 0.000058 719.165839 0.032201
12.502361 2016 604.038504 9.202811 1544.429398 71.723719 0.144259 0.009381 -42.889131 0.723544 -9.928478 1.205305 27.044358 1.687067 53.379797 nan 3.871807 0.000059 719.164811 0.032623
19.502361 2016 861.961888 23.167021 3302.777816 495.340313 0.104044 0.010281 -39.298476 0.763375 -9.028834 1.550076 30.963946 2.336778 45.397128 nan 3.871809 0.000059 719.163520 0.033060
26.502361 2016 644.204260 10.774442 1621.193196 92.152403 0.133734 0.010169 -37.930028 0.865423 -5.972735 1.352266 30.774127 1.839109 50.303597 nan 3.871811 0.000060 719.162658 0.033462
33.502361 2016 240.270265 4.140285 722.780618 37.066805 0.114169 0.004044 -33.945827 0.848210 -3.337850 1.018350 34.344943 1.188490 49.705097 nan 3.871810 0.000061 719.163463 0.033894
40.502361 2016 446.675825 8.876384 1351.596395 83.098147 0.106767 0.013844 -34.255758 0.548150 -2.736375 1.200829 36.157846 1.853507 53.527287 nan 3.871808 0.000062 719.164661 0.034389
47.502361 2016 1636.028056 37.288506 7649.592477 342.656042 0.125747 0.026545 -37.634189 2.673697 -8.135295 3.971503 42.539321 5.269309 40.472799 nan 3.871806 0.000062 719.165823 0.034753
54.502361 2016 1373.254957 26.244076 4478.871903 221.797022 0.126574 0.001790 -38.270764 0.875798 0.547922 0.755468 37.949938 0.635137 62.660556 nan 3.871803 0.000063 719.167437 0.034882
61.502361 2016 566.400887 11.696221 2096.680618 108.213940 0.107286 0.003043 -39.802386 1.103959 1.379946 1.056474 45.342293 1.008989 56.443875 nan 3.871798 0.000064 719.170706 0.035547
68.502361 2016 1023.379613 20.332982 3502.217584 220.767867 0.098829 0.016928 -44.579018 2.850614 -0.689772 3.242132 39.234317 3.633651 54.874745 nan 3.871792 0.000065 719.173940 0.035977
75.502361 2016 1120.331120 21.319340 3445.547310 201.198267 0.129459 0.002582 -54.784016 1.613387 -0.616087 1.185659 41.481850 0.757930 71.667964 nan 3.871788 0.000065 719.176609 0.036396
82.502361 2016 879.333207 17.433032 2866.373809 182.979964 0.124491 0.001508 -49.837318 1.346157 -1.286292 0.856075 38.714991 0.365994 71.519659 nan 3.871783 0.000066 719.179225 0.036568
89.502361 2016 319.727179 4.531933 770.124632 26.326809 0.098138 0.016688 nan nan nan nan nan nan nan nan nan nan nan nan
96.502361 2016 824.088166 16.274107 2303.462516 202.637626 0.125128 0.002380 -57.340967 1.618302 -5.369454 1.197404 37.259082 0.776506 73.891683 nan 3.871772 0.000068 719.185647 0.037855
103.502361 2016 1102.201639 28.336898 4788.048093 588.981375 0.136031 0.009304 -59.256795 1.739751 -7.737768 2.051615 36.922051 2.363479 72.611355 nan 3.871769 0.000068 719.187597 0.037909
110.502361 2016 920.718762 18.070970 2912.216025 201.582963 0.123121 0.002221 -58.870776 1.352624 -9.549498 1.211393 36.045455 1.070162 72.860429 nan 3.871767 0.000069 719.188746 0.038338
117.502361 2016 328.436518 4.573519 728.136782 22.282954 0.134852 0.001773 -58.041161 1.019430 -10.913269 1.044901 37.261520 1.070372 78.019004 nan 3.871765 0.000069 719.189909 0.038577
124.502361 2016 1246.805801 24.485328 4026.893775 212.448655 0.129861 0.002686 -56.983139 1.002585 -13.329942 1.147397 34.581649 1.292209 73.334034 nan 3.871764 0.000070 719.190681 0.038965
131.502361 2016 2914.304628 58.099117 10854.506939 479.663079 0.133308 0.003747 -58.708685 1.009575 -13.905648 1.261441 36.530832 1.513308 71.740301 nan 3.871766 0.000070 719.189529 0.039213
138.502361 2016 1378.441570 26.143299 5007.576452 209.998351 0.127964 0.002231 -57.452959 0.879061 -15.834769 1.127253 31.361138 1.375444 67.911423 nan 3.871769 0.000071 719.188013 0.039403
145.502361 2016 617.671200 10.939725 2092.970856 73.981401 0.124704 0.002972 -59.829635 1.085414 -17.067844 1.358187 30.006276 1.630961 63.339143 nan 3.871771 0.000071 719.186864 0.039607
152.502361 2016 437.490869 6.444703 978.393635 38.959763 0.135230 0.002121 -56.781983 1.037515 -16.095937 1.219386 29.437703 1.401257 63.970803 nan 3.871775 0.000071 719.184850 0.039797
159.502361 2016 827.729707 17.382294 2521.446461 201.336820 0.128338 0.003641 -55.311354 1.210783 -16.469114 1.499586 30.898451 1.788389 58.323614 nan 3.871781 0.000072 719.181659 0.039927
166.502361 2016 525.895440 9.253928 1374.831647 87.234563 0.110488 0.014216 -51.143139 1.043945 -15.797872 1.369345 33.033745 1.694745 55.894340 nan 3.871786 0.000072 719.178822 0.040062
173.502361 2016 300.008675 4.843586 770.684088 53.997744 0.132879 0.002757 -50.707517 1.113907 -13.635407 1.252435 29.060377 1.390963 54.740027 nan 3.871790 0.000072 719.176806 0.040207
180.502361 2016 265.356994 4.448158 854.416740 39.974887 0.135984 0.002013 -48.769804 1.013807 -11.823957 1.150178 29.759425 1.286549 54.054882 nan 3.871794 0.000072 719.174608 0.040347
187.502361 2016 333.687241 8.933047 1007.983735 130.022731 0.118922 0.009318 -44.974395 0.931309 -11.216264 1.596015 27.535664 2.260722 48.357280 nan 3.871799 0.000073 719.171910 0.040444
194.502361 2016 779.612773 12.331801 2222.699036 79.823909 0.137116 0.013268 -41.394214 0.815152 -9.092543 1.508664 28.352461 2.202177 49.833274 nan 3.871802 0.000073 719.170380 0.040545
201.502361 2016 388.835545 6.477167 1140.459819 50.285264 0.125591 0.003931 -38.600582 1.097872 -5.615268 1.068183 30.420706 1.038494 49.954338 nan 3.871802 0.000073 719.170136 0.040628
208.502361 2016 729.665529 14.113492 2280.448446 141.323788 0.130941 0.002549 -35.457493 0.692456 -3.961381 0.883041 32.108026 1.073627 52.913994 nan 3.871802 0.000073 719.170128 0.040697
215.502361 2016 991.268306 20.839316 3172.858237 316.465618 0.113145 0.017942 -36.876185 3.228692 -0.221266 2.685658 34.621674 2.142624 47.655573 nan 3.871802 0.000073 719.170134 0.040743
222.502361 2016 1229.912412 19.741100 3378.250514 134.660064 0.166519 0.016476 -36.057857 2.695500 -1.235367 3.133724 35.581698 3.571948 51.095337 nan 3.871800 0.000073 719.171413 0.040733
229.502361 2016 578.570827 9.742790 1565.395120 86.382899 0.129398 0.002061 -36.028770 0.749168 0.519723 0.679422 34.678997 0.609676 59.482002 nan 3.871795 0.000073 719.174200 0.040749
236.502361 2016 690.962291 15.187023 2049.863486 241.536240 0.125694 0.004061 -39.368742 1.218303 1.460918 1.100565 38.893901 0.982828 60.784500 nan 3.871790 0.000073 719.176872 0.040761
243.502361 2016 1186.796584 31.551798 4852.414830 639.199930 0.138027 0.009918 -42.569414 2.571995 2.726310 1.676203 43.289150 0.780411 62.381453 nan 3.871786 0.000073 719.179290 0.040773
257.502361 2016 1204.032492 24.842338 4404.843682 249.428717 0.119468 0.002127 -42.138030 1.095056 0.734460 0.846651 38.252047 0.598246 65.794619 nan 3.871772 0.000073 719.186953 0.040914
264.502361 2016 484.423675 8.402143 1201.865539 83.516305 0.130942 0.003600 -47.500813 1.515337 -0.324029 1.324714 43.690459 1.134091 73.138355 nan 3.871767 0.000074 719.190097 0.041002
271.502361 2016 2341.212306 52.700074 9299.402205 657.381241 0.099152 0.014142 -55.628737 1.616439 -8.955026 3.255817 43.879679 4.895195 65.602509 nan 3.871763 0.000074 719.192401 0.041124
278.502361 2016 2683.010000 50.887687 9021.943386 321.240858 0.132537 0.002826 -50.209509 1.313886 -3.511505 1.217453 46.048362 1.121020 76.807579 nan 3.871758 0.000074 719.195180 0.041284
285.502361 2016 1462.108319 31.317371 5728.113594 508.964218 0.123636 0.003211 -52.433674 1.723666 -5.431940 1.397557 36.924083 1.071449 72.847361 nan 3.871753 0.000074 719.197673 0.041445
292.502361 2016 1859.275758 30.021117 5105.343918 179.483633 0.143907 0.002627 -59.327714 1.498059 -7.594886 1.269190 40.779809 1.040320 83.113678 nan 3.871752 0.000075 719.198445 0.041632
299.502361 2016 2710.891635 60.594854 10143.296870 1004.328334 0.112283 0.010789 -59.949733 1.645464 -12.374297 2.360868 40.466445 3.076272 69.678943 nan 3.871753 0.000075 719.198116 0.041758
306.502361 2016 2288.805501 44.794548 8041.935495 427.151978 0.130015 0.003201 -60.678387 1.437171 -12.253117 1.429867 34.205432 1.422563 73.915691 nan 3.871753 0.000075 719.197898 0.041965
313.502361 2016 850.538211 16.676681 3075.629758 158.969513 0.116896 0.003631 -60.589967 1.817932 -14.714993 1.610192 30.069663 1.402452 65.294374 nan 3.871755 0.000076 719.197258 0.042158
327.502361 2016 609.538163 13.330760 1962.920231 168.334144 0.123262 0.004206 -59.556819 1.264675 -15.810526 1.489452 28.498720 1.714229 63.198888 nan 3.871765 0.000076 719.191852 0.042592
334.502361 2016 634.893758 10.029601 1885.878703 48.120850 0.134215 0.002199 -57.714984 1.086623 -15.526354 1.216156 26.120025 1.345688 63.942918 nan 3.871769 0.000077 719.189446 0.042875
341.502361 2016 545.651103 9.946715 1671.017885 97.373668 0.125025 0.004005 -53.252121 1.026192 -15.010328 1.282882 25.639801 1.539572 57.042141 nan 3.871774 0.000078 719.187164 0.043410
348.502361 2016 617.316358 9.325705 1757.757502 50.207367 0.144687 0.009351 -49.824562 0.993208 -14.194801 1.187598 23.254063 1.381987 57.493104 nan 3.871780 0.000079 719.183557 0.043794
355.502361 2016 859.546661 18.525418 2732.128570 272.149336 0.124305 0.005541 -44.352048 2.933346 -10.556415 2.288266 41.146981 1.643186 50.776323 nan 3.871786 0.000079 719.180402 0.043824
362.502361 2016 1173.511312 19.186762 3277.639631 99.976684 0.136653 0.003437 -42.599020 0.819372 -10.172396 0.956162 26.134944 1.092952 53.329276 nan 3.871790 0.000079 719.178529 0.044220
