77.502813 2014 48.608481 1.583591 212.723238 25.660352 1.141493 0.069841 -40.224889 2.905134 30.348173 2.650355 44.017458 2.395577 5.487208 nan 3.871729 0.000008 719.203119 0.004296
84.502813 2014 77.699244 1.782775 337.451973 19.523476 -0.031657 0.020669 -42.470197 4.183746 2.320295 4.133414 42.769770 4.083082 16.114267 nan 3.871731 0.000009 719.202036 0.004785
91.502813 2014 57.877662 1.651945 264.491362 21.016640 -0.284298 0.075781 -41.832951 4.338130 -1.929902 4.210040 41.832951 4.081949 24.869324 nan 3.871733 0.000007 719.201065 0.004094
98.502813 2014 211.736696 9.929351 739.078308 187.491449 -0.088465 0.040538 -39.490754 3.875287 -7.817433 4.055773 37.861454 4.236259 15.422345 nan 3.871735 0.000008 719.200076 0.004579
105.502813 2014 479.928773 10.672494 1213.541881 135.949210 0.120751 0.002037 -40.841621 0.685819 -3.761004 0.960739 34.727505 1.235659 59.349098 nan 3.871737 0.000010 719.198800 0.005530
112.502813 2014 421.293024 8.404259 1229.973564 102.219807 0.132345 0.002378 -38.441553 0.557588 -3.806584 0.935865 34.322828 1.314142 61.394384 nan 3.871739 0.000010 719.197902 0.005499
126.502813 2014 504.922501 11.316223 1599.542945 157.171731 0.106916 0.012166 -34.033482 0.573982 -3.442505 1.124213 29.929220 1.674444 49.818480 nan 3.871742 0.000011 719.195976 0.006315
140.502813 2014 152.285237 4.945460 698.305958 136.731049 -2.642376 0.413567 -28.733552 2.109621 -11.391817 2.862182 32.050871 3.614744 17.508677 nan 3.871746 0.000013 719.194081 0.007216
154.502813 2014 60.822459 1.761174 249.908353 25.652222 -1.535027 0.200217 -28.195135 2.569633 1.373466 2.167286 33.075555 1.764938 22.565297 nan 3.871748 0.000014 719.193051 0.007892
168.502813 2014 162.277529 4.358211 739.879375 76.657640 -0.791824 0.163870 -36.420989 3.460334 4.702406 2.937364 42.259484 2.414393 38.562082 nan 3.871750 0.000015 719.192005 0.008544
175.502813 2014 57.890126 1.319539 222.634215 14.906233 -1.164120 0.194836 -28.490128 3.190430 -2.455850 2.937346 39.360838 2.684263 10.939215 nan 3.871751 0.000016 719.191401 0.009083
189.503276 2014 32.480760 1.057006 172.665174 13.981014 -1.591039 0.228198 -42.407826 3.502644 8.061745 3.329088 44.866623 3.155531 27.108894 nan 3.871752 0.000017 719.190662 0.009448
203.503276 2014 8.619779 0.423574 77.227921 5.029115 0.369255 0.011179 -48.421875 2.326273 -16.194196 1.593799 49.790366 0.861325 56.655712 nan 3.871753 0.000018 719.190232 0.010092
210.503276 2014 44.695787 1.711892 210.110417 26.266660 -1.785260 0.211959 -42.952120 4.059017 -7.235285 3.528627 51.737670 2.998237 23.431665 nan 3.871755 0.000018 719.189197 0.010212
217.503276 2014 184.293642 3.777550 775.884110 30.731803 0.047320 0.006572 -36.006878 4.105655 14.497445 3.825090 54.889713 3.544526 24.885134 nan 3.871756 0.000019 719.188689 0.010330
224.503276 2014 110.868426 2.474172 464.857972 27.592165 0.008414 0.012218 -36.158799 4.049409 12.626843 3.852980 55.327670 3.656551 15.858657 nan 3.871756 0.000019 719.188565 0.010395
231.503276 2014 136.215063 3.358898 697.330745 48.209053 -0.941684 0.175910 -37.821340 3.239692 -1.361622 3.634183 52.981055 4.028674 21.428409 nan 3.871758 0.000019 719.187458 0.010552
238.503276 2014 586.042363 15.729478 3154.710709 256.007519 0.028791 0.021329 -37.178605 4.412318 9.503219 4.314731 50.932404 4.217143 30.110501 nan 3.871762 0.000019 719.185487 0.010795
245.503276 2014 684.143769 11.767479 2012.713959 91.808770 0.128215 0.002638 -39.574385 1.101974 6.843157 1.073945 51.273271 1.045916 71.628099 nan 3.871764 0.000020 719.184332 0.010867
259.503276 2014 428.466787 10.178876 1971.023741 161.750133 -0.302250 0.128037 -35.968199 0.699041 -4.592434 2.783628 45.320108 4.868214 48.441920 nan 3.871769 0.000020 719.181359 0.010993
266.503276 2014 639.468230 13.287612 2045.241354 156.265519 0.121475 0.005361 -39.911843 1.572423 0.541826 2.030296 50.148068 2.488169 66.872846 nan 3.871773 0.000020 719.179279 0.011019
273.503276 2014 653.933163 11.000240 2116.033207 48.998461 0.124063 0.002539 -39.171898 0.559612 -0.682529 1.016293 45.705428 1.472974 67.113486 nan 3.871781 0.000020 719.174666 0.011209
280.503276 2014 396.202665 7.142108 1214.408248 68.783382 0.119108 0.002950 -39.385382 0.729781 -2.087622 1.083547 42.722989 1.437313 62.576970 nan 3.871785 0.000020 719.172367 0.011197
287.503276 2014 544.454501 11.777817 1474.440399 149.742716 0.117136 0.008927 -39.724007 0.648650 -4.108171 1.477928 43.180019 2.307205 61.354705 nan 3.871786 0.000020 719.171942 0.011090
294.503276 2014 921.058243 17.136982 2926.664837 181.765732 0.129038 0.002854 -38.588585 0.521658 -2.931485 0.940075 40.899241 1.358493 61.590523 nan 3.871788 0.000020 719.170843 0.011066
301.503276 2014 597.548891 10.182728 1830.405413 62.960730 0.122555 0.001857 -36.131066 0.518883 -3.064694 0.806232 35.980107 1.093582 56.344261 nan 3.871795 0.000020 719.166828 0.011022
308.503276 2014 698.808266 15.504694 2038.749655 228.298959 0.129032 0.009322 -33.819700 0.591271 -3.066108 1.403276 31.846780 2.215281 50.156106 nan 3.871796 0.000020 719.166572 0.010893
315.503276 2014 589.838893 13.442755 1702.688339 211.238320 0.138694 0.012493 -32.817757 0.758270 -2.646712 1.756565 30.551268 2.754859 45.875567 nan 3.871795 0.000019 719.166746 0.010833
322.503276 2014 743.171070 12.102996 2480.892331 89.765108 0.141695 0.013245 -28.855912 3.032317 2.186097 2.020054 30.742777 1.007791 47.482107 nan 3.872292 0.000020 718.890034 0.010978
329.503276 2014 287.728220 4.960514 856.909059 49.444018 0.121989 0.001888 -26.382381 0.712014 3.169134 0.641471 30.547999 0.570929 46.486729 nan 3.871800 0.000019 719.163989 0.010705
336.503276 2014 326.808122 6.155803 1016.521170 83.445743 0.149003 0.017677 -23.928772 2.651800 7.818153 1.733378 35.120247 0.814957 40.295314 nan 3.871801 0.000019 719.163765 0.010556
343.503276 2014 1125.641444 18.755303 3168.841596 102.383920 0.171183 0.019260 -25.836332 2.820273 10.686469 1.740616 37.506771 0.660959 42.631242 nan 3.871799 0.000019 719.164712 0.010472
350.503276 2014 562.057067 9.287043 1504.444657 75.208231 0.127589 0.001675 -22.908609 1.002653 9.728551 0.919728 41.813886 0.836803 47.788580 nan 3.871799 0.000019 719.164486 0.010441
357.503276 2014 679.285849 14.027162 2355.163697 154.564877 0.124803 0.010361 -21.871577 1.439836 12.914243 1.168727 42.217429 0.897617 44.494033 nan 3.871803 0.000019 719.162332 0.010444
6.503276 2015 1072.459763 23.207079 4115.484392 368.129666 0.115043 0.005368 -26.079365 1.322331 13.083973 1.993650 49.377321 2.664969 49.443380 nan 3.871801 0.000019 719.163423 0.010497
13.503276 2015 265.225374 4.545821 614.501292 37.794851 0.129604 0.002132 -26.078540 1.462025 14.829722 1.220803 53.661278 0.979581 58.452975 nan 3.871803 0.000019 719.162413 0.010618
20.503276 2015 143.078955 2.710965 483.045696 41.621751 -0.167420 0.099978 -37.984883 3.148601 11.402243 3.394627 56.471239 3.640652 47.221846 nan 3.871804 0.000019 719.161741 0.010715
27.503276 2015 295.202625 5.329936 949.540109 47.248029 0.120960 0.002812 -24.544066 1.475896 14.936849 1.353820 57.332518 1.231744 61.493999 nan 3.871804 0.000019 719.161668 0.010771
34.503276 2015 780.398569 13.242999 2192.140749 89.181656 0.137741 0.010311 -30.454393 2.008872 14.304326 1.689375 60.250265 1.369878 66.703284 nan 3.871683 0.000019 719.229519 0.010797
41.503276 2015 272.921146 5.306140 717.713920 63.535647 0.115661 0.003406 -30.208038 1.488705 12.727589 1.447624 57.732734 1.406542 63.372040 nan 3.871685 0.000020 719.228336 0.011055
48.503276 2015 413.700774 10.098447 1597.362326 162.352010 0.099711 0.005996 -31.802635 2.046164 10.854108 2.168542 54.681995 2.290919 56.178754 nan 3.871691 0.000021 719.225243 0.011438
55.503276 2015 512.947396 11.603492 1388.664382 162.164173 0.081961 0.016720 -37.524080 3.554383 11.526247 2.535544 55.303471 1.516705 60.169741 nan 3.871690 0.000020 719.225412 0.011300
62.503276 2015 1033.117589 20.763239 3221.987282 263.940412 0.124047 0.003612 -39.065165 1.455142 5.743304 1.415993 48.879300 1.376843 70.494133 nan 3.871693 0.000021 719.223744 0.011578
69.503276 2015 513.349173 8.934260 1391.791343 87.475015 0.128498 0.003367 -42.387305 0.987496 3.320568 1.318991 49.129591 1.650487 72.310217 nan 3.871695 0.000021 719.222663 0.011789
76.503276 2015 2092.433207 56.798592 12948.111995 856.079532 0.104187 0.013589 -41.281725 3.141123 4.182442 2.480117 47.394914 1.819112 63.282401 nan 3.871699 0.000022 719.220336 0.012169
83.503276 2015 2329.030695 49.092429 9114.591721 787.144072 0.118336 0.017066 -42.847496 0.773644 -3.400171 2.310151 44.507606 3.846658 65.083881 nan 3.871704 0.000022 719.217893 0.012504
90.503276 2015 765.094537 13.716306 2628.027276 99.684152 0.117384 0.001806 -38.013029 0.511823 -0.965930 0.852035 38.296517 1.192247 62.402458 nan 3.871706 0.000023 719.216487 0.012757
97.503276 2015 570.624684 13.022970 2065.592412 309.436392 0.113551 0.010340 -39.928656 1.243512 -2.880750 1.896282 40.611232 2.549052 59.706584 nan 3.871708 0.000023 719.215481 0.013080
104.503276 2015 1543.449027 37.065401 5854.681730 718.633707 0.112820 0.014998 -35.429780 2.939176 0.005727 2.545541 37.326282 2.151905 53.400874 nan 3.871711 0.000024 719.213921 0.013432
111.503276 2015 1449.379420 27.111817 4925.975489 338.264983 0.136807 0.002544 -38.376770 0.488842 -1.794541 0.669806 37.615660 0.850770 62.190071 nan 3.871715 0.000025 719.211669 0.013867
118.503276 2015 515.905391 9.342073 1702.066391 78.511282 0.114735 0.003028 -34.715222 0.773854 -0.922671 0.814524 35.056488 0.855194 51.151938 nan 3.871717 0.000025 719.211002 0.014162
125.503276 2015 463.032585 9.544353 1378.525925 166.625257 0.124613 0.002393 -30.403813 0.812478 0.682556 0.721243 32.824790 0.630009 52.356576 nan 3.871717 0.000026 719.210777 0.014494
132.503276 2015 1197.911239 27.647437 4568.300902 582.739765 0.123533 0.003086 -28.248037 0.711099 2.201402 0.742765 34.625176 0.774431 49.635250 nan 3.871719 0.000027 719.209981 0.014842
139.503276 2015 653.292755 12.291567 1916.571978 158.603162 0.132485 0.002177 -28.281086 0.809309 3.452786 0.814227 35.510722 0.819146 51.208812 nan 3.871720 0.000027 719.209019 0.015167
146.503276 2015 145.330159 2.264561 361.498966 16.319731 0.099865 0.004120 -22.836187 1.216992 6.609898 1.114148 34.256077 1.011305 39.265188 nan 3.871720 0.000028 719.209110 0.015501
153.503276 2015 93.896291 1.288554 209.478327 6.979299 0.063438 0.008610 -20.724476 1.953625 9.434766 1.733656 36.688870 1.513688 24.750359 nan 3.871721 0.000029 719.208767 0.016023
160.503276 2015 841.166325 16.172298 2870.191641 148.499233 0.266411 0.238973 -27.750848 2.736080 12.992008 2.040058 42.882451 1.344036 38.891996 nan 3.871720 0.000029 719.209499 0.016112
167.503276 2015 773.826170 14.390646 2186.288801 141.051762 0.133520 0.001961 -26.311827 1.325032 11.614467 1.150563 45.329701 0.976094 51.912410 nan 3.871721 0.000029 719.208902 0.016438
175.300498 2015 948.770531 31.417107 6882.166714 1227.696594 0.132538 0.005994 -28.626234 2.438327 12.533828 1.881503 48.920682 1.324678 53.255931 nan 3.871070 0.000021 719.571113 0.011969
181.501910 2015 1102.715785 19.609557 3845.046585 160.431064 0.136085 0.002051 -28.866010 1.507287 14.375515 1.277569 49.589653 1.047851 57.345165 nan 3.871720 0.000031 719.209739 0.017000
188.501910 2015 730.463333 15.467712 2023.793418 246.579000 0.128729 0.002708 -27.299000 1.524579 15.551246 1.294523 51.946880 1.064468 57.248095 nan 3.871721 0.000031 719.209070 0.017271
195.501910 2015 1105.410463 22.282092 2981.323111 331.705050 0.137321 0.002569 -32.660963 1.634572 15.457259 1.342664 55.439359 1.050755 63.659586 nan 3.871722 0.000031 719.208521 0.017490
202.501910 2015 732.501969 17.973264 2032.729031 257.443412 0.122143 0.003283 -31.759957 1.809992 16.569171 1.396627 56.606452 0.983263 60.874459 nan 3.871722 0.000032 719.208428 0.017732
209.500521 2015 333.776978 7.032924 1358.014840 63.969390 0.134504 0.003403 -32.483933 1.947586 14.759543 1.504711 58.010619 1.061837 68.313677 nan 3.871981 0.000027 719.063758 0.014878
216.501910 2015 472.532169 10.635221 1286.841288 136.260873 0.136447 0.003809 -35.677871 1.545549 13.419154 1.133436 57.850636 0.721322 71.606375 nan 3.871725 0.000032 719.206797 0.017988
223.501910 2015 561.484834 11.342957 1772.046122 119.882418 0.069837 0.021902 -36.502566 2.661316 13.252145 2.294843 56.273084 1.928370 59.691033 nan 3.871729 0.000033 719.204859 0.018114
230.501910 2015 2677.111727 52.477180 9594.092332 362.946639 0.114103 0.013310 -37.101209 2.963252 12.246608 1.981861 55.382943 1.000470 69.375441 nan 3.871731 0.000033 719.203572 0.018201
237.501910 2015 1883.146530 50.041656 8691.307839 1296.310810 0.109000 0.010345 -38.004946 1.854126 8.340624 2.351025 55.054714 2.847924 65.601489 nan 3.871734 0.000033 719.202098 0.018277
244.501910 2015 1341.070521 26.991584 4911.179001 455.442221 0.130804 0.002769 nan 2.706029 nan nan nan nan nan nan nan nan nan nan
251.501910 2015 2524.985876 62.956370 12047.323092 1338.323163 0.091062 0.014901 -38.463517 4.393845 9.624336 2.970473 54.940200 1.547102 59.592831 nan 3.871744 0.000033 719.196531 0.018392
258.501910 2015 1697.010801 30.498031 5500.566126 333.151089 0.142584 0.009580 -40.706718 2.905060 3.489646 2.224327 53.431214 1.543594 72.307398 nan 3.871748 0.000033 719.194356 0.018403
265.501910 2015 1261.562059 25.935652 4358.281303 474.599216 0.152345 0.013861 -40.786843 3.076100 0.333226 3.290578 51.550638 3.505057 67.006303 nan 3.871751 0.000033 719.192613 0.018408
272.501910 2015 423.410041 6.894231 1241.981276 58.830588 0.112522 0.010730 nan 3.158166 nan nan nan nan nan nan nan nan nan nan
279.501910 2015 2484.626802 58.455018 9160.328602 979.668044 0.087387 0.017131 -40.288529 3.111272 0.857630 2.958856 48.076516 2.806439 56.948684 nan 3.871761 0.000033 719.186835 0.018350
286.501910 2015 3064.330194 58.394373 10504.306125 403.568959 0.121800 0.014643 -41.105724 3.493714 0.228568 2.923037 45.019902 2.352361 58.581884 nan 3.871763 0.000033 719.185683 0.018310
293.501910 2015 1205.713034 25.003924 4283.487816 418.901575 0.145862 0.013267 -37.315460 0.562158 -3.858121 2.064888 40.131521 3.567617 55.417153 nan 3.871766 0.000033 719.184277 0.018270
300.501910 2015 344.558286 6.323290 1171.157274 72.790182 0.111699 0.003589 -34.298110 0.956245 -0.241771 1.014388 33.961894 1.072531 51.385883 nan 3.871769 0.000033 719.182558 0.018216
307.501910 2015 1542.627344 38.223628 7209.969904 823.178150 0.150493 0.016837 -32.847733 3.825870 4.185410 2.459756 33.752367 1.093643 45.236525 nan 3.871771 0.000033 719.181289 0.018126
314.501910 2015 3092.847930 60.790506 11145.994053 745.697974 0.161664 0.016611 -29.024354 3.514987 6.116852 2.175099 35.939118 0.835211 47.016369 nan 3.871771 0.000032 719.181119 0.018016
321.501910 2015 1518.167592 30.334336 5668.053453 326.434229 0.123121 0.018649 -29.001803 2.839005 7.491749 1.722848 33.929378 0.606690 44.431929 nan 3.871771 0.000032 719.181157 0.017942
328.501910 2015 528.324879 10.980235 2310.179443 62.459500 0.101142 0.003412 -22.288354 1.117133 7.001802 0.935638 33.280241 0.754143 40.473556 nan 3.871773 0.000032 719.180432 0.017842
335.501910 2015 489.216751 8.885788 1512.452469 76.268483 0.122781 0.005098 -23.770229 1.151043 8.497276 1.123983 39.637746 1.096923 46.672622 nan 3.871773 0.000032 719.180350 0.017768
342.501910 2015 820.538694 12.659107 2312.790717 69.115619 0.190514 0.022003 -25.402341 2.761624 13.619687 1.774272 43.366031 0.786919 47.972984 nan 3.871771 0.000032 719.181156 0.017680
349.501910 2015 656.732242 12.300001 1730.518485 149.770747 0.152056 0.013571 -22.386654 1.746134 13.622470 1.360321 46.220620 0.974507 50.495910 nan 3.871770 0.000032 719.181848 0.017668
356.501910 2015 1765.813454 39.667460 8203.657047 605.095323 0.127494 0.010791 -22.644639 2.848873 15.949478 2.030549 53.488569 1.212225 49.632216 nan 3.871769 0.000032 719.182375 0.017664
5.501910 2016 1465.389701 27.559855 4716.524536 379.321525 0.150137 0.009308 -28.583840 1.737520 15.521774 1.378535 56.707300 1.019549 63.270171 nan 3.871770 0.000032 719.181566 0.017681
12.501910 2016 615.594988 9.317087 1565.225836 76.600547 0.136859 0.002787 -27.098358 1.496751 16.051455 1.277091 59.382565 1.057432 65.805613 nan 3.871771 0.000032 719.181522 0.017764
19.501910 2016 814.204614 19.644941 3015.932289 378.033763 0.117410 0.004269 -27.127406 1.863853 16.995495 1.565422 62.700526 1.266991 61.124887 nan 3.871773 0.000032 719.180365 0.017845
26.501910 2016 655.350471 11.128851 1652.420572 98.531187 0.127700 0.004598 -32.510680 1.680611 15.257831 1.532484 62.751251 1.384356 67.969519 nan 3.871775 0.000032 719.178830 0.017938
33.501910 2016 242.380895 4.247213 763.221663 37.529605 0.113860 0.004411 -31.108273 1.926047 14.701254 1.744480 61.926726 1.562912 64.129581 nan 3.871777 0.000032 719.177740 0.018050
40.501910 2016 458.693996 9.124407 1370.276863 95.849720 0.099780 0.014557 -31.417413 2.259194 10.547656 2.867229 58.095381 3.475264 62.803223 nan 3.871780 0.000033 719.176103 0.018227
47.501910 2016 1607.574173 36.849350 6666.628252 410.526363 0.129913 0.003657 -40.034744 1.411523 10.128613 1.440940 59.497003 1.470356 75.510556 nan 3.871785 0.000033 719.173640 0.018386
54.501910 2016 1370.531569 26.276162 4411.546228 224.213621 0.126260 0.002287 -35.944219 0.913155 7.756739 1.187776 53.863061 1.462396 73.931866 nan 3.871788 0.000033 719.171628 0.018457
61.501910 2016 570.619131 11.754838 2097.109673 107.609114 0.103119 0.002845 -37.344264 1.145639 5.980890 1.314087 47.949378 1.482535 61.114088 nan 3.871793 0.000034 719.168916 0.018778
68.501910 2016 1062.844525 20.855472 3637.504161 281.060386 0.112831 0.008987 -40.001349 2.625255 4.912650 2.118213 49.085359 1.611170 67.661409 nan 3.871798 0.000034 719.166636 0.019072
75.501910 2016 1153.510347 21.772834 3754.943003 200.862954 0.129246 0.002908 -40.999969 0.772387 1.819909 1.061977 48.603774 1.351567 72.570470 nan 3.871803 0.000035 719.163682 0.019356
82.501910 2016 901.361970 17.638690 2878.030130 182.841409 0.127055 0.001886 -40.030944 0.478381 0.401861 0.833012 42.543583 1.187643 69.687554 nan 3.871807 0.000035 719.161687 0.019489
89.501910 2016 334.333848 4.662509 808.302493 26.260642 0.136726 0.003238 nan nan nan nan nan nan nan nan nan nan nan nan
96.501910 2016 843.384569 16.391761 2399.782438 183.818302 0.126157 0.002369 -36.968282 0.547958 -0.756766 0.805898 39.396279 1.063839 63.999524 nan 3.871816 0.000037 719.156882 0.020556
103.501910 2016 1085.855741 24.944835 4532.056693 361.476456 0.129604 0.002975 -37.273822 0.687641 0.003040 0.833593 40.497126 0.979545 62.409583 nan 3.871816 0.000037 719.156474 0.020574
110.501910 2016 984.145913 19.214872 3091.729378 251.053639 0.136031 0.009322 -33.918558 0.675407 -0.676504 1.535027 39.530607 2.394647 56.526876 nan 3.871820 0.000038 719.154636 0.020981
117.501910 2016 351.725097 4.782351 784.488201 24.418224 0.139688 0.001730 -36.378095 0.732951 1.596298 0.689372 38.055930 0.645793 60.658267 nan 3.871820 0.000038 719.154715 0.021197
124.501910 2016 1325.520955 27.640243 4337.914386 414.401631 0.133205 0.002238 -32.047694 0.894669 2.998529 0.827216 36.771976 0.759762 55.929158 nan 3.871820 0.000039 719.154533 0.021686
131.501910 2016 3010.227353 59.097549 11004.179659 579.512161 0.126414 0.014790 -28.839694 3.074423 7.523416 1.975338 37.939967 0.876254 47.857425 nan 3.871821 0.000040 719.154142 0.022018
138.501910 2016 1415.773218 26.243343 5075.347049 210.684857 0.132986 0.001955 -35.620763 1.275761 6.736811 1.012115 38.821921 0.748469 52.560464 nan 3.871821 0.000040 719.154286 0.022331
145.501910 2016 629.424628 10.996356 2065.753874 74.023737 0.127700 0.002864 -26.511874 1.243235 9.067387 1.021823 43.448062 0.800412 50.351264 nan 3.871819 0.000041 719.155450 0.022660
152.501910 2016 454.905759 6.635803 983.589476 39.823225 0.136993 0.001257 -28.138043 1.277227 10.647368 1.108130 44.828040 0.939033 53.739224 nan 3.871818 0.000041 719.156261 0.023015
159.501910 2016 868.774194 17.967935 2547.919722 217.526911 0.132345 0.003219 -33.423769 1.682401 12.253122 1.351837 46.985143 1.021274 53.582235 nan 3.871817 0.000042 719.156629 0.023301
166.501910 2016 540.787469 9.405091 1401.621128 93.620710 0.133787 0.002257 -27.795179 1.511337 14.344834 1.297787 49.233364 1.084236 55.743864 nan 3.871816 0.000042 719.157106 0.023591
173.501910 2016 303.863911 4.761251 751.646242 51.419959 0.137527 0.002169 -31.152678 1.602724 15.035958 1.412301 53.300497 1.221878 59.233276 nan 3.871815 0.000043 719.158146 0.023905
180.501910 2016 268.854425 4.416026 828.036572 38.287945 0.138608 0.002623 -31.775471 1.493350 16.119723 1.321012 54.833566 1.148675 62.013658 nan 3.871814 0.000043 719.158538 0.024207
187.501910 2016 207.827577 1.994126 461.858584 19.274411 0.136323 0.003312 -30.083854 2.111557 16.876464 1.786233 57.096816 1.460908 64.387457 nan 3.870419 0.000040 719.936165 0.022400
194.501910 2016 790.435490 12.266410 2229.277088 80.192795 0.140151 0.003141 -35.923757 1.445513 16.637036 1.272820 60.995155 1.100128 69.411288 nan 3.871817 0.000044 719.157148 0.024671
201.501910 2016 394.724606 6.474875 1098.011933 51.664160 0.129089 0.003558 -33.289268 1.404042 16.141592 1.248038 60.111374 1.092034 67.890975 nan 3.871818 0.000045 719.156693 0.024887
208.501910 2016 750.404445 14.073750 2276.591648 140.589227 0.133617 0.004078 -34.511482 1.489636 15.209346 1.218993 59.895035 0.948351 72.882167 nan 3.871820 0.000045 719.155326 0.025093
215.501910 2016 982.158764 20.269165 2931.803847 253.475874 0.120283 0.011523 -38.193947 2.805049 15.566396 1.886531 58.124859 0.968013 72.179207 nan 3.871826 0.000045 719.152035 0.025341
222.501910 2016 1242.296557 19.475812 3340.178103 86.053554 0.147196 0.009162 -39.201957 2.291196 12.794144 1.641044 59.899346 0.990892 77.382321 nan 3.871829 0.000045 719.150476 0.025331
229.501910 2016 588.766237 9.793653 1607.969905 89.628862 0.130047 0.002538 -36.706846 0.789685 10.358628 1.042669 58.756899 1.295653 76.967849 nan 3.871676 0.000046 719.235981 0.025594
236.501910 2016 680.081133 14.379111 1844.662647 186.658699 0.131334 0.011032 -39.946062 2.940676 9.091583 2.189910 58.334543 1.439144 70.143428 nan 3.871680 0.000046 719.233836 0.025638
243.501910 2016 1271.694176 38.872343 5827.022441 1066.438549 0.138861 0.010104 -39.921670 2.775802 7.124192 2.199292 59.021802 1.622782 74.019838 nan 3.871686 0.000046 719.229975 0.025735
257.501910 2016 1210.628146 24.573562 4367.503351 232.016376 0.121783 0.002511 -37.698372 0.623793 2.503128 1.051741 52.542794 1.479689 70.937958 nan 3.871695 0.000046 719.225073 0.025835
264.501910 2016 500.814470 8.624414 1257.577816 89.126780 0.114486 0.016969 -43.320730 4.697810 5.760658 3.142970 51.044721 1.588130 63.802646 nan 3.871699 0.000046 719.223059 0.025872
271.501910 2016 2371.990374 52.498159 8993.387463 630.793810 0.147418 0.022605 -39.395455 5.152528 3.221762 4.692712 50.648421 4.232896 52.945760 nan 3.871705 0.000046 719.219824 0.025836
278.501910 2016 2764.918107 52.327652 9331.475217 349.899199 0.140733 0.015446 -43.326992 4.426784 3.685573 2.798645 46.476359 1.170507 60.696018 nan 3.871708 0.000046 719.218270 0.025794
285.501910 2016 1532.950038 33.306043 6075.936682 623.511078 0.135176 0.009401 -38.942439 2.611047 1.271875 1.911957 40.976570 1.212866 60.578924 nan 3.871709 0.000046 719.217523 0.025793
292.501910 2016 1881.849228 30.028266 5001.821493 179.829092 0.098362 0.031042 -37.735924 4.650245 -0.249483 4.714769 38.383439 4.779292 37.554243 nan 3.871711 0.000046 719.216373 0.025736
299.501910 2016 2682.581974 57.958915 9698.768967 841.493240 0.176866 0.021126 -32.438048 4.729608 8.525296 2.823639 38.203477 0.917670 44.674282 nan 3.871712 0.000046 719.215532 0.025653
306.501910 2016 2377.137198 45.805159 8208.608532 440.670246 0.098848 0.018259 -36.288117 3.605680 5.274210 3.214731 37.428881 2.823781 46.025076 nan 3.871712 0.000046 719.215658 0.025577
313.501910 2016 887.192402 16.799325 3029.804514 145.770545 0.125747 0.017937 -27.769511 2.636428 7.614490 1.707886 35.562820 0.779345 44.992584 nan 3.871711 0.000046 719.216514 0.025521
320.501910 2016 547.324755 8.255615 1563.933506 45.039240 0.165733 0.023178 -30.440969 3.567161 11.523503 2.080836 39.707056 0.594510 47.618885 nan 3.871710 0.000046 719.216806 0.025453
327.501910 2016 666.448790 14.965988 2100.335492 187.066998 0.141811 0.014061 -24.323460 1.888557 10.971394 1.395169 42.781752 0.901781 47.344632 nan 3.871709 0.000046 719.217083 0.025378
334.501910 2016 655.312396 10.026033 1900.531741 48.820609 0.166096 0.016898 -23.967193 2.230860 13.227162 1.512812 44.536245 0.794764 51.521005 nan 3.871707 0.000045 719.218171 0.025338
77.502813 2014 48.608481 1.583591 212.723238 25.660352 1.141493 0.069841 -40.224889 2.905134 30.348173 2.650355 44.017458 2.395577 5.487208 nan 3.871729 0.000008 719.203119 0.004296
84.502813 2014 77.699244 1.782775 337.451973 19.523476 -0.031657 0.020669 -42.470197 4.183746 2.320295 4.133414 42.769770 4.083082 16.114267 nan 3.871731 0.000009 719.202036 0.004785
91.502813 2014 57.877662 1.651945 264.491362 21.016640 -0.284298 0.075781 -41.832951 4.338130 -1.929902 4.210040 41.832951 4.081949 24.869324 nan 3.871733 0.000007 719.201065 0.004094
98.502813 2014 211.736696 9.929351 739.078308 187.491449 -0.088465 0.040538 -39.490754 3.875287 -7.817433 4.055773 37.861454 4.236259 15.422345 nan 3.871735 0.000008 719.200076 0.004579
105.502813 2014 479.928773 10.672494 1213.541881 135.949210 0.120751 0.002037 -40.841621 0.685819 -3.761004 0.960739 34.727505 1.235659 59.349098 nan 3.871737 0.000010 719.198800 0.005530
112.502813 2014 421.293024 8.404259 1229.973564 102.219807 0.132345 0.002378 -38.441553 0.557588 -3.806584 0.935865 34.322828 1.314142 61.394384 nan 3.871739 0.000010 719.197902 0.005499
126.502813 2014 504.922501 11.316223 1599.542945 157.171731 0.106916 0.012166 -34.033482 0.573982 -3.442505 1.124213 29.929220 1.674444 49.818480 nan 3.871742 0.000011 719.195976 0.006315
140.502813 2014 152.285237 4.945460 698.305958 136.731049 -2.642376 0.413567 -28.733552 2.109621 -11.391817 2.862182 32.050871 3.614744 17.508677 nan 3.871746 0.000013 719.194081 0.007216
154.502813 2014 60.822459 1.761174 249.908353 25.652222 -1.535027 0.200217 -28.195135 2.569633 1.373466 2.167286 33.075555 1.764938 22.565297 nan 3.871748 0.000014 719.193051 0.007892
168.502813 2014 162.277529 4.358211 739.879375 76.657640 -0.791824 0.163870 -36.420989 3.460334 4.702406 2.937364 42.259484 2.414393 38.562082 nan 3.871750 0.000015 719.192005 0.008544
175.502813 2014 57.890126 1.319539 222.634215 14.906233 -1.164120 0.194836 -28.490128 3.190430 -2.455850 2.937346 39.360838 2.684263 10.939215 nan 3.871751 0.000016 719.191401 0.009083
189.503276 2014 32.480760 1.057006 172.665174 13.981014 -1.591039 0.228198 -42.407826 3.502644 8.061745 3.329088 44.866623 3.155531 27.108894 nan 3.871752 0.000017 719.190662 0.009448
203.503276 2014 8.619779 0.423574 77.227921 5.029115 0.369255 0.011179 -48.421875 2.326273 -16.194196 1.593799 49.790366 0.861325 56.655712 nan 3.871753 0.000018 719.190232 0.010092
210.503276 2014 44.695787 1.711892 210.110417 26.266660 -1.785260 0.211959 -42.952120 4.059017 -7.235285 3.528627 51.737670 2.998237 23.431665 nan 3.871755 0.000018 719.189197 0.010212
217.503276 2014 184.293642 3.777550 775.884110 30.731803 0.047320 0.006572 -36.006878 4.105655 14.497445 3.825090 54.889713 3.544526 24.885134 nan 3.871756 0.000019 719.188689 0.010330
224.503276 2014 110.868426 2.474172 464.857972 27.592165 0.008414 0.012218 -36.158799 4.049409 12.626843 3.852980 55.327670 3.656551 15.858657 nan 3.871756 0.000019 719.188565 0.010395
231.503276 2014 136.215063 3.358898 697.330745 48.209053 -0.941684 0.175910 -37.821340 3.239692 -1.361622 3.634183 52.981055 4.028674 21.428409 nan 3.871758 0.000019 719.187458 0.010552
238.503276 2014 586.042363 15.729478 3154.710709 256.007519 0.028791 0.021329 -37.178605 4.412318 9.503219 4.314731 50.932404 4.217143 30.110501 nan 3.871762 0.000019 719.185487 0.010795
245.503276 2014 684.143769 11.767479 2012.713959 91.808770 0.128215 0.002638 -39.574385 1.101974 6.843157 1.073945 51.273271 1.045916 71.628099 nan 3.871764 0.000020 719.184332 0.010867
259.503276 2014 428.466787 10.178876 1971.023741 161.750133 -0.302250 0.128037 -35.968199 0.699041 -4.592434 2.783628 45.320108 4.868214 48.441920 nan 3.871769 0.000020 719.181359 0.010993
266.503276 2014 639.468230 13.287612 2045.241354 156.265519 0.121475 0.005361 -39.911843 1.572423 0.541826 2.030296 50.148068 2.488169 66.872846 nan 3.871773 0.000020 719.179279 0.011019
273.503276 2014 653.933163 11.000240 2116.033207 48.998461 0.124063 0.002539 -39.171898 0.559612 -0.682529 1.016293 45.705428 1.472974 67.113486 nan 3.871781 0.000020 719.174666 0.011209
280.503276 2014 396.202665 7.142108 1214.408248 68.783382 0.119108 0.002950 -39.385382 0.729781 -2.087622 1.083547 42.722989 1.437313 62.576970 nan 3.871785 0.000020 719.172367 0.011197
287.503276 2014 544.454501 11.777817 1474.440399 149.742716 0.117136 0.008927 -39.724007 0.648650 -4.108171 1.477928 43.180019 2.307205 61.354705 nan 3.871786 0.000020 719.171942 0.011090
294.503276 2014 921.058243 17.136982 2926.664837 181.765732 0.129038 0.002854 -38.588585 0.521658 -2.931485 0.940075 40.899241 1.358493 61.590523 nan 3.871788 0.000020 719.170843 0.011066
301.503276 2014 597.548891 10.182728 1830.405413 62.960730 0.122555 0.001857 -36.131066 0.518883 -3.064694 0.806232 35.980107 1.093582 56.344261 nan 3.871795 0.000020 719.166828 0.011022
308.503276 2014 698.808266 15.504694 2038.749655 228.298959 0.129032 0.009322 -33.819700 0.591271 -3.066108 1.403276 31.846780 2.215281 50.156106 nan 3.871796 0.000020 719.166572 0.010893
315.503276 2014 589.838893 13.442755 1702.688339 211.238320 0.138694 0.012493 -32.817757 0.758270 -2.646712 1.756565 30.551268 2.754859 45.875567 nan 3.871795 0.000019 719.166746 0.010833
322.503276 2014 743.171070 12.102996 2480.892331 89.765108 0.141695 0.013245 -28.855912 3.032317 2.186097 2.020054 30.742777 1.007791 47.482107 nan 3.872292 0.000020 718.890034 0.010978
329.503276 2014 287.728220 4.960514 856.909059 49.444018 0.121989 0.001888 -26.382381 0.712014 3.169134 0.641471 30.547999 0.570929 46.486729 nan 3.871800 0.000019 719.163989 0.010705
336.503276 2014 326.808122 6.155803 1016.521170 83.445743 0.149003 0.017677 -23.928772 2.651800 7.818153 1.733378 35.120247 0.814957 40.295314 nan 3.871801 0.000019 719.163765 0.010556
343.503276 2014 1125.641444 18.755303 3168.841596 102.383920 0.171183 0.019260 -25.836332 2.820273 10.686469 1.740616 37.506771 0.660959 42.631242 nan 3.871799 0.000019 719.164712 0.010472
350.503276 2014 562.057067 9.287043 1504.444657 75.208231 0.127589 0.001675 -22.908609 1.002653 9.728551 0.919728 41.813886 0.836803 47.788580 nan 3.871799 0.000019 719.164486 0.010441
357.503276 2014 679.285849 14.027162 2355.163697 154.564877 0.124803 0.010361 -21.871577 1.439836 12.914243 1.168727 42.217429 0.897617 44.494033 nan 3.871803 0.000019 719.162332 0.010444
6.503276 2015 1072.459763 23.207079 4115.484392 368.129666 0.115043 0.005368 -26.079365 1.322331 13.083973 1.993650 49.377321 2.664969 49.443380 nan 3.871801 0.000019 719.163423 0.010497
13.503276 2015 265.225374 4.545821 614.501292 37.794851 0.129604 0.002132 -26.078540 1.462025 14.829722 1.220803 53.661278 0.979581 58.452975 nan 3.871803 0.000019 719.162413 0.010618
20.503276 2015 143.078955 2.710965 483.045696 41.621751 -0.167420 0.099978 -37.984883 3.148601 11.402243 3.394627 56.471239 3.640652 47.221846 nan 3.871804 0.000019 719.161741 0.010715
27.503276 2015 295.202625 5.329936 949.540109 47.248029 0.120960 0.002812 -24.544066 1.475896 14.936849 1.353820 57.332518 1.231744 61.493999 nan 3.871804 0.000019 719.161668 0.010771
34.503276 2015 780.398569 13.242999 2192.140749 89.181656 0.137741 0.010311 -30.454393 2.008872 14.304326 1.689375 60.250265 1.369878 66.703284 nan 3.871683 0.000019 719.229519 0.010797
41.503276 2015 272.921146 5.306140 717.713920 63.535647 0.115661 0.003406 -30.208038 1.488705 12.727589 1.447624 57.732734 1.406542 63.372040 nan 3.871685 0.000020 719.228336 0.011055
48.503276 2015 413.700774 10.098447 1597.362326 162.352010 0.099711 0.005996 -31.802635 2.046164 10.854108 2.168542 54.681995 2.290919 56.178754 nan 3.871691 0.000021 719.225243 0.011438
55.503276 2015 512.947396 11.603492 1388.664382 162.164173 0.081961 0.016720 -37.524080 3.554383 11.526247 2.535544 55.303471 1.516705 60.169741 nan 3.871690 0.000020 719.225412 0.011300
62.503276 2015 1033.117589 20.763239 3221.987282 263.940412 0.124047 0.003612 -39.065165 1.455142 5.743304 1.415993 48.879300 1.376843 70.494133 nan 3.871693 0.000021 719.223744 0.011578
69.503276 2015 513.349173 8.934260 1391.791343 87.475015 0.128498 0.003367 -42.387305 0.987496 3.320568 1.318991 49.129591 1.650487 72.310217 nan 3.871695 0.000021 719.222663 0.011789
76.503276 2015 2092.433207 56.798592 12948.111995 856.079532 0.104187 0.013589 -41.281725 3.141123 4.182442 2.480117 47.394914 1.819112 63.282401 nan 3.871699 0.000022 719.220336 0.012169
83.503276 2015 2329.030695 49.092429 9114.591721 787.144072 0.118336 0.017066 -42.847496 0.773644 -3.400171 2.310151 44.507606 3.846658 65.083881 nan 3.871704 0.000022 719.217893 0.012504
90.503276 2015 765.094537 13.716306 2628.027276 99.684152 0.117384 0.001806 -38.013029 0.511823 -0.965930 0.852035 38.296517 1.192247 62.402458 nan 3.871706 0.000023 719.216487 0.012757
97.503276 2015 570.624684 13.022970 2065.592412 309.436392 0.113551 0.010340 -39.928656 1.243512 -2.880750 1.896282 40.611232 2.549052 59.706584 nan 3.871708 0.000023 719.215481 0.013080
104.503276 2015 1543.449027 37.065401 5854.681730 718.633707 0.112820 0.014998 -35.429780 2.939176 0.005727 2.545541 37.326282 2.151905 53.400874 nan 3.871711 0.000024 719.213921 0.013432
111.503276 2015 1449.379420 27.111817 4925.975489 338.264983 0.136807 0.002544 -38.376770 0.488842 -1.794541 0.669806 37.615660 0.850770 62.190071 nan 3.871715 0.000025 719.211669 0.013867
118.503276 2015 515.905391 9.342073 1702.066391 78.511282 0.114735 0.003028 -34.715222 0.773854 -0.922671 0.814524 35.056488 0.855194 51.151938 nan 3.871717 0.000025 719.211002 0.014162
125.503276 2015 463.032585 9.544353 1378.525925 166.625257 0.124613 0.002393 -30.403813 0.812478 0.682556 0.721243 32.824790 0.630009 52.356576 nan 3.871717 0.000026 719.210777 0.014494
132.503276 2015 1197.911239 27.647437 4568.300902 582.739765 0.123533 0.003086 -28.248037 0.711099 2.201402 0.742765 34.625176 0.774431 49.635250 nan 3.871719 0.000027 719.209981 0.014842
139.503276 2015 653.292755 12.291567 1916.571978 158.603162 0.132485 0.002177 -28.281086 0.809309 3.452786 0.814227 35.510722 0.819146 51.208812 nan 3.871720 0.000027 719.209019 0.015167
146.503276 2015 145.330159 2.264561 361.498966 16.319731 0.099865 0.004120 -22.836187 1.216992 6.609898 1.114148 34.256077 1.011305 39.265188 nan 3.871720 0.000028 719.209110 0.015501
153.503276 2015 93.896291 1.288554 209.478327 6.979299 0.063438 0.008610 -20.724476 1.953625 9.434766 1.733656 36.688870 1.513688 24.750359 nan 3.871721 0.000029 719.208767 0.016023
160.503276 2015 841.166325 16.172298 2870.191641 148.499233 0.266411 0.238973 -27.750848 2.736080 12.992008 2.040058 42.882451 1.344036 38.891996 nan 3.871720 0.000029 719.209499 0.016112
167.503276 2015 773.826170 14.390646 2186.288801 141.051762 0.133520 0.001961 -26.311827 1.325032 11.614467 1.150563 45.329701 0.976094 51.912410 nan 3.871721 0.000029 719.208902 0.016438
175.300498 2015 948.770531 31.417107 6882.166714 1227.696594 0.132538 0.005994 -28.626234 2.438327 12.533828 1.881503 48.920682 1.324678 53.255931 nan 3.871070 0.000021 719.571113 0.011969
181.501910 2015 1102.715785 19.609557 3845.046585 160.431064 0.136085 0.002051 -28.866010 1.507287 14.375515 1.277569 49.589653 1.047851 57.345165 nan 3.871720 0.000031 719.209739 0.017000
188.501910 2015 730.463333 15.467712 2023.793418 246.579000 0.128729 0.002708 -27.299000 1.524579 15.551246 1.294523 51.946880 1.064468 57.248095 nan 3.871721 0.000031 719.209070 0.017271
195.501910 2015 1105.410463 22.282092 2981.323111 331.705050 0.137321 0.002569 -32.660963 1.634572 15.457259 1.342664 55.439359 1.050755 63.659586 nan 3.871722 0.000031 719.208521 0.017490
202.501910 2015 732.501969 17.973264 2032.729031 257.443412 0.122143 0.003283 -31.759957 1.809992 16.569171 1.396627 56.606452 0.983263 60.874459 nan 3.871722 0.000032 719.208428 0.017732
209.500521 2015 333.776978 7.032924 1358.014840 63.969390 0.134504 0.003403 -32.483933 1.947586 14.759543 1.504711 58.010619 1.061837 68.313677 nan 3.871981 0.000027 719.063758 0.014878
216.501910 2015 472.532169 10.635221 1286.841288 136.260873 0.136447 0.003809 -35.677871 1.545549 13.419154 1.133436 57.850636 0.721322 71.606375 nan 3.871725 0.000032 719.206797 0.017988
223.501910 2015 561.484834 11.342957 1772.046122 119.882418 0.069837 0.021902 -36.502566 2.661316 13.252145 2.294843 56.273084 1.928370 59.691033 nan 3.871729 0.000033 719.204859 0.018114
230.501910 2015 2677.111727 52.477180 9594.092332 362.946639 0.114103 0.013310 -37.101209 2.963252 12.246608 1.981861 55.382943 1.000470 69.375441 nan 3.871731 0.000033 719.203572 0.018201
237.501910 2015 1883.146530 50.041656 8691.307839 1296.310810 0.109000 0.010345 -38.004946 1.854126 8.340624 2.351025 55.054714 2.847924 65.601489 nan 3.871734 0.000033 719.202098 0.018277
244.501910 2015 1341.070521 26.991584 4911.179001 455.442221 0.130804 0.002769 nan 2.706029 nan nan nan nan nan nan nan nan nan nan
251.501910 2015 2524.985876 62.956370 12047.323092 1338.323163 0.091062 0.014901 -38.463517 4.393845 9.624336 2.970473 54.940200 1.547102 59.592831 nan 3.871744 0.000033 719.196531 0.018392
258.501910 2015 1697.010801 30.498031 5500.566126 333.151089 0.142584 0.009580 -40.706718 2.905060 3.489646 2.224327 53.431214 1.543594 72.307398 nan 3.871748 0.000033 719.194356 0.018403
265.501910 2015 1261.562059 25.935652 4358.281303 474.599216 0.152345 0.013861 -40.786843 3.076100 0.333226 3.290578 51.550638 3.505057 67.006303 nan 3.871751 0.000033 719.192613 0.018408
272.501910 2015 423.410041 6.894231 1241.981276 58.830588 0.112522 0.010730 nan 3.158166 nan nan nan nan nan nan nan nan nan nan
279.501910 2015 2484.626802 58.455018 9160.328602 979.668044 0.087387 0.017131 -40.288529 3.111272 0.857630 2.958856 48.076516 2.806439 56.948684 nan 3.871761 0.000033 719.186835 0.018350
286.501910 2015 3064.330194 58.394373 10504.306125 403.568959 0.121800 0.014643 -41.105724 3.493714 0.228568 2.923037 45.019902 2.352361 58.581884 nan 3.871763 0.000033 719.185683 0.018310
293.501910 2015 1205.713034 25.003924 4283.487816 418.901575 0.145862 0.013267 -37.315460 0.562158 -3.858121 2.064888 40.131521 3.567617 55.417153 nan 3.871766 0.000033 719.184277 0.018270
300.501910 2015 344.558286 6.323290 1171.157274 72.790182 0.111699 0.003589 -34.298110 0.956245 -0.241771 1.014388 33.961894 1.072531 51.385883 nan 3.871769 0.000033 719.182558 0.018216
307.501910 2015 1542.627344 38.223628 7209.969904 823.178150 0.150493 0.016837 -32.847733 3.825870 4.185410 2.459756 33.752367 1.093643 45.236525 nan 3.871771 0.000033 719.181289 0.018126
314.501910 2015 3092.847930 60.790506 11145.994053 745.697974 0.161664 0.016611 -29.024354 3.514987 6.116852 2.175099 35.939118 0.835211 47.016369 nan 3.871771 0.000032 719.181119 0.018016
321.501910 2015 1518.167592 30.334336 5668.053453 326.434229 0.123121 0.018649 -29.001803 2.839005 7.491749 1.722848 33.929378 0.606690 44.431929 nan 3.871771 0.000032 719.181157 0.017942
328.501910 2015 528.324879 10.980235 2310.179443 62.459500 0.101142 0.003412 -22.288354 1.117133 7.001802 0.935638 33.280241 0.754143 40.473556 nan 3.871773 0.000032 719.180432 0.017842
335.501910 2015 489.216751 8.885788 1512.452469 76.268483 0.122781 0.005098 -23.770229 1.151043 8.497276 1.123983 39.637746 1.096923 46.672622 nan 3.871773 0.000032 719.180350 0.017768
342.501910 2015 820.538694 12.659107 2312.790717 69.115619 0.190514 0.022003 -25.402341 2.761624 13.619687 1.774272 43.366031 0.786919 47.972984 nan 3.871771 0.000032 719.181156 0.017680
349.501910 2015 656.732242 12.300001 1730.518485 149.770747 0.152056 0.013571 -22.386654 1.746134 13.622470 1.360321 46.220620 0.974507 50.495910 nan 3.871770 0.000032 719.181848 0.017668
356.501910 2015 1765.813454 39.667460 8203.657047 605.095323 0.127494 0.010791 -22.644639 2.848873 15.949478 2.030549 53.488569 1.212225 49.632216 nan 3.871769 0.000032 719.182375 0.017664
5.501910 2016 1465.389701 27.559855 4716.524536 379.321525 0.150137 0.009308 -28.583840 1.737520 15.521774 1.378535 56.707300 1.019549 63.270171 nan 3.871770 0.000032 719.181566 0.017681
12.501910 2016 615.594988 9.317087 1565.225836 76.600547 0.136859 0.002787 -27.098358 1.496751 16.051455 1.277091 59.382565 1.057432 65.805613 nan 3.871771 0.000032 719.181522 0.017764
19.501910 2016 814.204614 19.644941 3015.932289 378.033763 0.117410 0.004269 -27.127406 1.863853 16.995495 1.565422 62.700526 1.266991 61.124887 nan 3.871773 0.000032 719.180365 0.017845
26.501910 2016 655.350471 11.128851 1652.420572 98.531187 0.127700 0.004598 -32.510680 1.680611 15.257831 1.532484 62.751251 1.384356 67.969519 nan 3.871775 0.000032 719.178830 0.017938
33.501910 2016 242.380895 4.247213 763.221663 37.529605 0.113860 0.004411 -31.108273 1.926047 14.701254 1.744480 61.926726 1.562912 64.129581 nan 3.871777 0.000032 719.177740 0.018050
40.501910 2016 458.693996 9.124407 1370.276863 95.849720 0.099780 0.014557 -31.417413 2.259194 10.547656 2.867229 58.095381 3.475264 62.803223 nan 3.871780 0.000033 719.176103 0.018227
47.501910 2016 1607.574173 36.849350 6666.628252 410.526363 0.129913 0.003657 -40.034744 1.411523 10.128613 1.440940 59.497003 1.470356 75.510556 nan 3.871785 0.000033 719.173640 0.018386
54.501910 2016 1370.531569 26.276162 4411.546228 224.213621 0.126260 0.002287 -35.944219 0.913155 7.756739 1.187776 53.863061 1.462396 73.931866 nan 3.871788 0.000033 719.171628 0.018457
61.501910 2016 570.619131 11.754838 2097.109673 107.609114 0.103119 0.002845 -37.344264 1.145639 5.980890 1.314087 47.949378 1.482535 61.114088 nan 3.871793 0.000034 719.168916 0.018778
68.501910 2016 1062.844525 20.855472 3637.504161 281.060386 0.112831 0.008987 -40.001349 2.625255 4.912650 2.118213 49.085359 1.611170 67.661409 nan 3.871798 0.000034 719.166636 0.019072
75.501910 2016 1153.510347 21.772834 3754.943003 200.862954 0.129246 0.002908 -40.999969 0.772387 1.819909 1.061977 48.603774 1.351567 72.570470 nan 3.871803 0.000035 719.163682 0.019356
82.501910 2016 901.361970 17.638690 2878.030130 182.841409 0.127055 0.001886 -40.030944 0.478381 0.401861 0.833012 42.543583 1.187643 69.687554 nan 3.871807 0.000035 719.161687 0.019489
89.501910 2016 334.333848 4.662509 808.302493 26.260642 0.136726 0.003238 nan nan nan nan nan nan nan nan nan nan nan nan
96.501910 2016 843.384569 16.391761 2399.782438 183.818302 0.126157 0.002369 -36.968282 0.547958 -0.756766 0.805898 39.396279 1.063839 63.999524 nan 3.871816 0.000037 719.156882 0.020556
103.501910 2016 1085.855741 24.944835 4532.056693 361.476456 0.129604 0.002975 -37.273822 0.687641 0.003040 0.833593 40.497126 0.979545 62.409583 nan 3.871816 0.000037 719.156474 0.020574
110.501910 2016 984.145913 19.214872 3091.729378 251.053639 0.136031 0.009322 -33.918558 0.675407 -0.676504 1.535027 39.530607 2.394647 56.526876 nan 3.871820 0.000038 719.154636 0.020981
117.501910 2016 351.725097 4.782351 784.488201 24.418224 0.139688 0.001730 -36.378095 0.732951 1.596298 0.689372 38.055930 0.645793 60.658267 nan 3.871820 0.000038 719.154715 0.021197
124.501910 2016 1325.520955 27.640243 4337.914386 414.401631 0.133205 0.002238 -32.047694 0.894669 2.998529 0.827216 36.771976 0.759762 55.929158 nan 3.871820 0.000039 719.154533 0.021686
131.501910 2016 3010.227353 59.097549 11004.179659 579.512161 0.126414 0.014790 -28.839694 3.074423 7.523416 1.975338 37.939967 0.876254 47.857425 nan 3.871821 0.000040 719.154142 0.022018
138.501910 2016 1415.773218 26.243343 5075.347049 210.684857 0.132986 0.001955 -35.620763 1.275761 6.736811 1.012115 38.821921 0.748469 52.560464 nan 3.871821 0.000040 719.154286 0.022331
145.501910 2016 629.424628 10.996356 2065.753874 74.023737 0.127700 0.002864 -26.511874 1.243235 9.067387 1.021823 43.448062 0.800412 50.351264 nan 3.871819 0.000041 719.155450 0.022660
152.501910 2016 454.905759 6.635803 983.589476 39.823225 0.136993 0.001257 -28.138043 1.277227 10.647368 1.108130 44.828040 0.939033 53.739224 nan 3.871818 0.000041 719.156261 0.023015
159.501910 2016 868.774194 17.967935 2547.919722 217.526911 0.132345 0.003219 -33.423769 1.682401 12.253122 1.351837 46.985143 1.021274 53.582235 nan 3.871817 0.000042 719.156629 0.023301
166.501910 2016 540.787469 9.405091 1401.621128 93.620710 0.133787 0.002257 -27.795179 1.511337 14.344834 1.297787 49.233364 1.084236 55.743864 nan 3.871816 0.000042 719.157106 0.023591
173.501910 2016 303.863911 4.761251 751.646242 51.419959 0.137527 0.002169 -31.152678 1.602724 15.035958 1.412301 53.300497 1.221878 59.233276 nan 3.871815 0.000043 719.158146 0.023905
180.501910 2016 268.854425 4.416026 828.036572 38.287945 0.138608 0.002623 -31.775471 1.493350 16.119723 1.321012 54.833566 1.148675 62.013658 nan 3.871814 0.000043 719.158538 0.024207
187.501910 2016 207.827577 1.994126 461.858584 19.274411 0.136323 0.003312 -30.083854 2.111557 16.876464 1.786233 57.096816 1.460908 64.387457 nan 3.870419 0.000040 719.936165 0.022400
194.501910 2016 790.435490 12.266410 2229.277088 80.192795 0.140151 0.003141 -35.923757 1.445513 16.637036 1.272820 60.995155 1.100128 69.411288 nan 3.871817 0.000044 719.157148 0.024671
201.501910 2016 394.724606 6.474875 1098.011933 51.664160 0.129089 0.003558 -33.289268 1.404042 16.141592 1.248038 60.111374 1.092034 67.890975 nan 3.871818 0.000045 719.156693 0.024887
208.501910 2016 750.404445 14.073750 2276.591648 140.589227 0.133617 0.004078 -34.511482 1.489636 15.209346 1.218993 59.895035 0.948351 72.882167 nan 3.871820 0.000045 719.155326 0.025093
215.501910 2016 982.158764 20.269165 2931.803847 253.475874 0.120283 0.011523 -38.193947 2.805049 15.566396 1.886531 58.124859 0.968013 72.179207 nan 3.871826 0.000045 719.152035 0.025341
222.501910 2016 1242.296557 19.475812 3340.178103 86.053554 0.147196 0.009162 -39.201957 2.291196 12.794144 1.641044 59.899346 0.990892 77.382321 nan 3.871829 0.000045 719.150476 0.025331
229.501910 2016 588.766237 9.793653 1607.969905 89.628862 0.130047 0.002538 -36.706846 0.789685 10.358628 1.042669 58.756899 1.295653 76.967849 nan 3.871676 0.000046 719.235981 0.025594
236.501910 2016 680.081133 14.379111 1844.662647 186.658699 0.131334 0.011032 -39.946062 2.940676 9.091583 2.189910 58.334543 1.439144 70.143428 nan 3.871680 0.000046 719.233836 0.025638
243.501910 2016 1271.694176 38.872343 5827.022441 1066.438549 0.138861 0.010104 -39.921670 2.775802 7.124192 2.199292 59.021802 1.622782 74.019838 nan 3.871686 0.000046 719.229975 0.025735
257.501910 2016 1210.628146 24.573562 4367.503351 232.016376 0.121783 0.002511 -37.698372 0.623793 2.503128 1.051741 52.542794 1.479689 70.937958 nan 3.871695 0.000046 719.225073 0.025835
264.501910 2016 500.814470 8.624414 1257.577816 89.126780 0.114486 0.016969 -43.320730 4.697810 5.760658 3.142970 51.044721 1.588130 63.802646 nan 3.871699 0.000046 719.223059 0.025872
271.501910 2016 2371.990374 52.498159 8993.387463 630.793810 0.147418 0.022605 -39.395455 5.152528 3.221762 4.692712 50.648421 4.232896 52.945760 nan 3.871705 0.000046 719.219824 0.025836
278.501910 2016 2764.918107 52.327652 9331.475217 349.899199 0.140733 0.015446 -43.326992 4.426784 3.685573 2.798645 46.476359 1.170507 60.696018 nan 3.871708 0.000046 719.218270 0.025794
285.501910 2016 1532.950038 33.306043 6075.936682 623.511078 0.135176 0.009401 -38.942439 2.611047 1.271875 1.911957 40.976570 1.212866 60.578924 nan 3.871709 0.000046 719.217523 0.025793
292.501910 2016 1881.849228 30.028266 5001.821493 179.829092 0.098362 0.031042 -37.735924 4.650245 -0.249483 4.714769 38.383439 4.779292 37.554243 nan 3.871711 0.000046 719.216373 0.025736
299.501910 2016 2682.581974 57.958915 9698.768967 841.493240 0.176866 0.021126 -32.438048 4.729608 8.525296 2.823639 38.203477 0.917670 44.674282 nan 3.871712 0.000046 719.215532 0.025653
306.501910 2016 2377.137198 45.805159 8208.608532 440.670246 0.098848 0.018259 -36.288117 3.605680 5.274210 3.214731 37.428881 2.823781 46.025076 nan 3.871712 0.000046 719.215658 0.025577
313.501910 2016 887.192402 16.799325 3029.804514 145.770545 0.125747 0.017937 -27.769511 2.636428 7.614490 1.707886 35.562820 0.779345 44.992584 nan 3.871711 0.000046 719.216514 0.025521
320.501910 2016 547.324755 8.255615 1563.933506 45.039240 0.165733 0.023178 -30.440969 3.567161 11.523503 2.080836 39.707056 0.594510 47.618885 nan 3.871710 0.000046 719.216806 0.025453
327.501910 2016 666.448790 14.965988 2100.335492 187.066998 0.141811 0.014061 -24.323460 1.888557 10.971394 1.395169 42.781752 0.901781 47.344632 nan 3.871709 0.000046 719.217083 0.025378
334.501910 2016 655.312396 10.026033 1900.531741 48.820609 0.166096 0.016898 -23.967193 2.230860 13.227162 1.512812 44.536245 0.794764 51.521005 nan 3.871707 0.000045 719.218171 0.025338
