336.501991 2014 209.547981 5.372924 933.350950 101.408080 0.115954 0.004880 -50.415186 1.459163 -0.210929 2.688861 59.829788 3.918559 78.431740 nan 3.871593 0.000016 719.279414 0.009015
350.501563 2014 546.622366 9.279419 1484.924535 74.046754 0.123956 0.001899 -43.209226 0.557656 8.411566 1.100506 67.584817 1.643356 86.253951 nan 3.871674 0.000019 719.234520 0.010581
357.501563 2014 663.728111 14.301717 2360.592018 187.370871 0.106142 0.009322 -44.855643 2.944930 7.703275 2.176193 58.577940 1.407455 77.743738 nan 3.871678 0.000019 719.232261 0.010495
6.501563 2015 1044.987034 22.411073 4195.665624 353.512468 0.107114 0.009418 -53.163675 3.121299 -0.547822 3.184022 62.535128 3.246746 78.488101 nan 3.871691 0.000018 719.224633 0.010186
13.501563 2015 257.257450 4.558349 631.477048 43.710352 0.126465 0.001860 -59.627345 1.217660 -3.356043 1.148800 48.667507 1.079939 87.911444 nan 3.871693 0.000018 719.223857 0.010065
20.501563 2015 136.210657 2.564465 431.646271 38.200506 -0.604184 0.206971 -60.271313 3.073906 -7.649126 3.267791 42.374565 3.461676 73.323893 nan 3.871695 0.000018 719.222835 0.010161
27.501563 2015 294.703593 5.282976 951.654769 53.505152 0.122298 0.001307 -58.693554 1.391047 -6.230535 0.985262 39.349987 0.579478 82.486107 nan 3.871697 0.000019 719.221753 0.010536
34.501563 2015 763.052723 12.758849 2132.586837 70.758641 0.130016 0.002285 -59.118470 1.649412 -6.593256 1.237712 43.423244 0.826013 85.217730 nan 3.871702 0.000019 719.218937 0.010718
41.501563 2015 272.741956 5.309194 711.834210 61.600185 0.115609 0.002977 nan nan nan nan nan nan nan nan nan nan nan nan
48.501563 2015 396.623075 9.682997 1504.392733 145.365479 0.097190 0.006040 -52.310876 2.138102 -7.117349 2.179958 35.585872 2.221814 60.703622 nan 3.871709 0.000018 719.214967 0.009807
55.501563 2015 760.439365 19.455554 2111.351541 329.250267 0.122747 0.003258 -52.754135 1.666919 -5.919041 1.361273 38.270959 1.055626 73.255782 nan 3.871710 0.000018 719.214225 0.009858
62.501563 2015 43039.843419 466.802313 74332.442569 2172.135113 0.415360 nan -53.470157 nan -46.611433 nan -39.752709 nan 13.717449 nan 3.871713 0.000019 719.212830 0.010851
69.501563 2015 14254.369998 238.596954 37785.539513 2430.290350 0.082655 0.066799 -51.031584 4.840519 -9.606506 10.978505 51.736288 17.116491 66.742083 nan 3.871717 0.000018 719.210398 0.010252
76.501563 2015 1344.614680 34.712193 7631.929394 543.334903 0.113164 0.014101 -48.989040 2.982176 -1.149483 3.278133 41.081095 3.574091 57.898513 nan 3.871719 0.000018 719.209330 0.010052
90.501563 2015 464.916385 8.364664 1607.541660 63.090040 0.109584 0.002084 -37.359279 1.441272 4.586554 1.324225 47.274968 1.207179 60.916290 nan 3.871723 0.000017 719.207100 0.009319
97.501563 2015 332.834396 7.054268 1155.045636 123.859944 0.107943 0.005330 -39.770354 1.880242 6.873632 1.814765 47.652912 1.749288 60.285889 nan 3.871726 0.000017 719.205323 0.009640
104.501563 2015 973.943147 23.158194 3409.552899 409.432747 0.113243 0.003077 -35.631409 1.410696 8.552788 1.376347 51.928810 1.341999 64.031724 nan 3.871729 0.000018 719.203804 0.010068
111.501563 2015 1204.391418 16.392365 3520.571551 173.750921 0.123782 0.003439 -36.559117 1.362044 10.127066 1.397972 54.864439 1.433901 70.773696 nan 3.871234 0.000018 719.479327 0.010304
118.501563 2015 1308.134323 20.387779 3410.981426 252.647703 0.242201 0.100869 -56.890667 6.231353 30.480629 6.827088 64.975254 7.422824 22.367103 nan 3.871735 0.000018 719.200296 0.009872
125.501563 2015 302.996715 5.891459 897.763862 79.951303 0.105229 0.010418 -58.599101 2.769967 8.080372 4.046455 58.752170 5.322943 59.510653 nan 3.871739 0.000018 719.198139 0.009851
132.501563 2015 716.649218 15.866936 2725.922182 264.873121 0.112059 0.004653 -34.211025 1.816287 13.827782 1.749281 63.645262 1.682276 71.037712 nan 3.871742 0.000018 719.196285 0.009835
139.501563 2015 392.096186 7.338516 1141.649533 93.810177 0.121166 0.002140 -34.817020 0.814108 13.087263 1.150865 64.625537 1.487623 79.282102 nan 3.871744 0.000018 719.195225 0.009819
146.501563 2015 86.286948 1.402848 221.323848 10.763381 0.043939 0.003211 -27.761723 1.570481 12.907476 1.502577 44.237814 1.434672 29.941209 nan 3.871747 0.000018 719.193431 0.009820
160.501563 2015 530.475718 10.350831 1796.515825 91.252058 1.094903 0.435426 -41.418100 5.263405 16.021253 3.331155 65.217863 1.398904 69.822789 nan 3.871757 0.000017 719.188160 0.009487
167.501563 2015 479.546544 9.018617 1368.048023 92.609175 0.124063 0.001875 -46.716142 0.977886 6.579317 1.338930 68.697570 1.699975 87.344996 nan 3.871761 0.000017 719.185882 0.009420
174.500174 2015 2942.418075 36.593447 6339.841753 572.070879 0.115622 0.022986 -59.545473 7.120176 3.277576 7.235311 66.198466 7.350446 61.575765 nan 3.871359 0.000014 719.409787 0.007979
188.502848 2015 457.676488 10.010487 1298.682809 162.250678 0.123101 0.009297 -56.864734 1.455036 -4.205753 2.330009 50.423476 3.204981 77.284326 nan 3.871777 0.000016 719.177045 0.008941
195.502848 2015 688.352707 13.961971 1833.696035 194.499562 0.137100 0.008912 -65.250775 1.600751 -6.347964 2.465077 52.250191 3.329403 85.640777 nan 3.871780 0.000016 719.174979 0.008862
202.502848 2015 460.653072 11.534688 1262.398983 166.937287 0.111082 0.003631 -62.957294 1.897908 -7.005665 1.615395 44.881299 1.332883 76.329895 nan 3.871787 0.000016 719.171473 0.008708
209.502848 2015 289.209748 4.379881 753.381106 29.937557 0.123790 0.002515 -66.184023 1.881374 -7.776433 1.443903 42.250260 1.006433 82.840763 nan 3.871789 0.000015 719.170129 0.008618
216.502848 2015 293.102035 6.813169 768.275714 84.769683 0.127906 0.002544 -64.613811 1.590207 -8.811021 1.137562 40.055713 0.684918 82.695350 nan 3.871793 0.000015 719.168000 0.008302
223.502848 2015 350.979797 7.042058 1103.428022 77.960876 0.129459 0.008900 -60.608004 1.411981 -9.693669 1.905034 35.627502 2.398087 73.877640 nan 3.871796 0.000014 719.166059 0.007943
230.502848 2015 1675.999602 32.933334 5986.538372 242.956929 0.136360 0.009719 -58.879257 1.494913 -9.123929 2.035105 37.166192 2.575296 74.513210 nan 3.871799 0.000014 719.164374 0.007797
237.502848 2015 1126.278436 27.175272 5105.692671 517.262215 0.118412 0.010135 -55.131692 1.877089 -7.829992 2.191554 36.864143 2.506019 62.769365 nan 3.871803 0.000014 719.162330 0.007580
244.502848 2015 834.730971 16.848282 3074.137253 287.840780 0.133916 0.009525 -52.030373 1.485663 -6.479688 1.962574 38.413586 2.439485 68.956654 nan 3.871806 0.000013 719.160710 0.007209
251.502848 2015 1504.007412 36.114945 6905.932690 661.908214 0.120003 0.004284 -48.735140 1.425188 -3.263154 1.335452 44.070127 1.245715 66.651092 nan 3.871808 0.000012 719.159652 0.006861
258.502848 2015 1045.032003 18.668417 3363.652310 191.824929 0.128444 0.012275 -46.130382 2.811106 -1.954450 2.824952 45.288611 2.838799 65.528921 nan 3.871813 0.000012 719.156521 0.006518
265.502848 2015 792.795183 16.772930 2861.400584 329.618370 0.127162 0.002967 -44.779385 1.315620 0.849423 1.286286 47.430289 1.256953 68.892627 nan 3.871813 0.000012 719.156427 0.006493
272.502848 2015 259.398794 4.275939 777.120989 38.647827 0.110118 0.004100 -39.789041 1.577125 2.893388 1.594753 46.562316 1.612381 60.390650 nan 3.871815 0.000011 719.155201 0.006230
279.502848 2015 1505.116429 35.373767 5523.906730 617.304187 0.121320 0.004971 -44.786336 1.566247 4.936752 1.663985 53.398899 1.761723 66.293402 nan 3.871818 0.000011 719.153585 0.005937
286.502848 2015 1885.941911 36.046915 6600.217725 231.013760 0.115201 0.008069 -37.109412 2.670533 8.315774 1.974609 53.591879 1.278685 66.534970 nan 3.871822 0.000010 719.151636 0.005741
293.502848 2015 738.976779 15.541819 2666.883999 276.444852 0.119365 0.002510 -34.732443 1.159840 9.174120 1.290165 56.042411 1.420491 68.841698 nan 3.871832 0.000009 719.145742 0.004967
300.502848 2015 209.932529 3.957375 693.526693 47.432043 0.087775 0.004435 -29.165243 1.531517 11.293650 1.688431 52.715997 1.845344 52.935522 nan 3.871836 0.000009 719.143681 0.004817
307.502848 2015 926.360541 25.544532 4443.708542 745.203207 0.111956 0.005662 -34.814977 1.892894 11.446819 1.988121 63.345443 2.083348 69.122936 nan 3.871840 0.000008 719.141294 0.004658
314.502848 2015 1824.279085 34.553929 6147.591791 251.799909 0.120014 0.009044 -37.315484 2.516350 13.340713 2.155051 63.802719 1.793753 79.109798 nan 3.871843 0.000008 719.139490 0.004547
321.502848 2015 926.297129 18.677299 3476.496790 200.160948 0.116844 0.002181 -34.672888 0.673878 11.989759 1.159064 63.778964 1.644250 77.138832 nan 3.871847 0.000008 719.137436 0.004441
328.502848 2015 322.599708 6.772299 1419.728633 37.021073 0.087784 0.002899 -26.082400 0.964544 11.086008 1.268263 54.773291 1.571982 59.680401 nan 3.871852 0.000008 719.134560 0.004319
335.502848 2015 314.021664 7.273803 1018.492026 133.293551 0.102078 0.011299 -37.847683 2.723294 9.977257 2.521541 63.007329 2.319788 74.801168 nan 3.871857 0.000008 719.132004 0.004234
342.502848 2015 491.395722 7.878189 1405.795607 41.306470 0.128658 0.002093 -54.968248 0.994032 6.064484 1.267168 59.530902 1.540305 89.702457 nan 3.871860 0.000008 719.130528 0.004202
349.502848 2015 390.792035 7.322913 1065.070179 79.976086 0.123422 0.002154 -49.801232 1.196586 4.281235 1.252191 57.309857 1.307795 86.834047 nan 3.871663 0.000007 719.239804 0.003692
356.502848 2015 1099.237137 26.443011 5232.788744 604.385935 0.106817 0.008853 -47.392002 3.119367 2.525616 2.268038 51.095898 1.416709 78.275983 nan 3.871666 0.000007 719.238367 0.003672
5.502848 2016 903.827575 17.424336 2963.583456 247.288331 0.129655 0.001179 -59.437606 1.275741 -4.983877 1.012711 46.340304 0.749682 90.396054 nan 3.871675 0.000006 719.233314 0.003543
12.502848 2016 374.701309 5.705156 945.188864 39.508956 0.126568 0.001456 -63.529951 1.516987 -7.226459 1.081559 43.599647 0.646131 87.188290 nan 3.871678 0.000006 719.231660 0.003468
19.502848 2016 527.577238 13.448277 2106.288376 283.842575 0.106606 0.004274 -62.801863 2.053797 -8.807382 1.708378 38.931262 1.362958 72.199694 nan 3.871682 0.000006 719.229422 0.003372
26.502848 2016 403.206030 6.836483 999.379555 60.958634 0.127002 0.010950 -62.744906 3.893607 -8.564916 2.788447 39.227063 1.683288 74.771350 nan 3.871686 0.000006 719.227186 0.003266
33.502848 2016 146.689249 2.655677 480.062429 24.317817 0.100586 0.004753 -57.561617 2.296659 -10.055465 1.794130 33.332565 1.291602 64.850396 nan 3.871688 0.000006 719.225839 0.003185
40.502848 2016 286.087504 5.767468 849.100530 55.594994 0.069782 0.023092 -59.008358 3.365561 -9.604923 2.994090 33.822330 2.622620 64.544483 nan 3.871692 0.000006 719.223832 0.003074
47.502848 2016 1012.409647 23.168533 4661.278017 358.273306 0.117881 0.004954 -59.021495 2.332506 -8.391253 2.315556 38.109901 2.298605 70.651056 nan 3.871696 0.000005 719.221855 0.002968
54.502848 2016 850.546820 16.274948 2711.678510 138.391524 0.118388 0.002074 -55.426310 1.493760 -7.207355 1.238811 34.855855 0.983862 69.204260 nan 3.871697 0.000005 719.220964 0.002914
61.502848 2016 905.549480 25.396343 3024.293075 411.853616 0.116979 0.016718 -46.049462 2.644706 -3.636627 3.140624 54.394991 3.636542 53.765619 nan 3.871702 0.000005 719.218417 0.002798
68.502848 2016 2144.328242 68.355281 8373.520235 1195.607352 0.093722 0.031885 -52.442127 5.644855 -5.187055 5.314985 53.016150 4.985115 41.942898 nan 3.871705 0.000005 719.216655 0.002724
75.502848 2016 718.907396 13.437082 2298.434178 115.523922 0.113140 0.009697 -47.760288 2.867558 0.112886 2.026950 41.340486 1.186343 65.441302 nan 3.871709 0.000005 719.214344 0.002638
82.502848 2016 560.387869 10.982592 1724.896193 114.573190 0.115609 0.001994 -42.621306 1.270055 1.777347 1.227749 42.760541 1.185444 64.132188 nan 3.871710 0.000005 719.213535 0.002612
89.502848 2016 1042.310264 75.278916 12963.807226 4185.904335 0.144536 0.023591 nan nan nan nan nan nan nan nan nan nan nan nan
96.502848 2016 5557.860142 105.153582 13097.764267 1140.893666 0.781057 0.258576 29.241205 4.659624 41.405704 3.746305 54.220456 2.832987 10.547493 nan 3.871722 0.000005 719.207366 0.002543
103.502848 2016 964.230561 20.860146 3364.905324 291.365822 0.090968 0.021013 -38.725394 3.966343 10.547487 3.834966 54.719820 3.703588 58.037379 nan 3.871721 0.000005 719.207424 0.002543
110.502848 2016 594.528565 11.685628 1905.210338 148.644643 0.116330 0.002885 -37.772425 1.224748 9.719526 1.209343 54.403557 1.193938 69.579238 nan 3.871726 0.000005 719.204649 0.002536
117.502848 2016 222.063951 2.983164 489.444639 13.493477 0.136031 0.009137 -39.441918 2.135365 10.469107 1.699237 59.643992 1.263109 76.236763 nan 3.871729 0.000005 719.203485 0.002568
124.502848 2016 800.967197 15.673413 2616.151405 134.207456 0.131470 0.009500 -36.514243 2.474695 11.156735 1.975199 62.148885 1.475704 75.174526 nan 3.871733 0.000005 719.201018 0.002579
131.502848 2016 1806.113100 35.944572 6486.402666 357.820469 0.126521 0.003835 -41.356129 1.281344 11.006416 1.532008 66.663972 1.782671 82.454272 nan 3.871737 0.000005 719.198641 0.002559
138.502848 2016 866.072179 16.248652 3114.258876 135.912310 0.129915 0.009035 -37.205604 2.622840 11.295564 2.109905 65.951610 1.596971 78.768636 nan 3.871741 0.000005 719.196625 0.002555
145.502848 2016 391.023460 6.875423 1304.692502 47.176026 0.101615 0.015754 -37.752457 4.162510 11.945247 2.883096 65.950273 1.603682 68.726535 nan 3.871744 0.000005 719.195135 0.002555
152.502848 2016 277.917926 4.085233 616.357788 23.879824 0.135416 0.009142 -46.506777 3.164771 7.615546 2.385784 68.146014 1.606797 84.877388 nan 3.871747 0.000005 719.193124 0.002511
159.502848 2016 528.494351 11.167443 1613.308894 126.835318 0.119094 0.003691 -51.149905 1.700710 3.638006 1.789821 63.202893 1.878933 83.831772 nan 3.871752 0.000004 719.190647 0.002447
166.502848 2016 339.645734 5.894009 908.667461 61.074855 0.140861 0.012528 -53.869356 4.723013 4.529114 2.981280 58.146938 1.239548 79.695433 nan 3.871755 0.000004 719.188650 0.002376
173.502848 2016 192.511161 3.049007 480.078533 32.775642 0.138527 0.013578 -58.327217 3.835347 -3.504767 4.252023 54.961919 4.668699 77.401406 nan 3.871758 0.000004 719.186975 0.002302
180.502848 2016 165.230965 2.734850 521.197263 25.549513 0.163257 0.018566 -62.951486 1.430348 -11.479972 3.967013 49.306977 6.503678 71.151906 nan 3.871762 0.000004 719.185049 0.002202
194.503368 2016 495.857042 7.697818 1435.875435 51.073663 0.190646 0.022931 -69.813302 1.259403 -17.337064 4.142971 42.830181 7.026538 63.755580 nan 3.871770 0.000003 719.180573 0.001950
201.503368 2016 236.375313 3.947135 688.402787 32.399920 0.067709 0.037871 -67.236087 1.863439 -12.551748 2.509614 38.909874 3.155789 77.464525 nan 3.871772 0.000003 719.179002 0.001821
208.503368 2016 393.878045 8.816251 1514.951546 100.492217 0.131044 0.010629 -65.353141 1.789550 -11.389827 2.074502 36.608519 2.359454 76.196388 nan 3.871749 0.000003 719.192030 0.001664
215.503368 2016 610.014984 12.373022 1910.190930 164.197434 0.152114 0.015575 -62.975642 1.503043 -14.028396 2.699034 37.464433 3.895024 70.768105 nan 3.871784 0.000003 719.172822 0.001530
222.503368 2016 770.037557 12.075920 2079.954547 56.538128 0.149277 0.013033 -59.629873 1.251938 -12.287553 2.327551 37.195317 3.403164 73.742859 nan 3.871783 0.000003 719.172829 0.001520
229.503368 2016 371.886319 6.208282 1002.827398 54.592391 0.113500 0.007614 -55.961357 1.438005 -11.156442 1.909949 35.969486 2.381893 69.096711 nan 3.871786 0.000003 719.171224 0.001472
236.503368 2016 730.847367 12.702822 2050.496289 180.616287 0.269411 0.052727 -64.313371 6.853155 -14.932008 7.598108 66.995832 8.343061 52.397678 nan 3.871789 0.000003 719.169869 0.001480
243.503368 2016 1624.858036 29.652662 4984.636110 425.784524 0.329232 0.113508 -52.756585 11.426472 -9.483754 10.830556 53.986367 10.234641 18.350089 nan 3.871795 0.000003 719.166605 0.001601
257.503368 2016 829.310570 15.587963 2782.317734 153.948388 0.059294 0.020724 -46.143117 5.075876 5.782204 4.596694 59.028926 4.117512 41.807622 nan 3.871801 0.000003 719.163004 0.001923
264.503368 2016 538.606881 7.344504 1121.082842 78.487212 0.222197 0.073919 -61.985573 7.212178 -3.356190 7.705397 54.304781 8.198616 43.115425 nan 3.871803 0.000004 719.161704 0.002042
271.503368 2016 4923.860930 97.974290 15504.485566 1456.315755 0.129698 0.043554 -37.469297 10.475291 11.029094 8.655568 64.054508 6.835845 44.346046 nan 3.871810 0.000004 719.158198 0.002378
306.503368 2016 1634.954648 29.755574 5305.745915 317.792264 0.140387 0.014273 -34.986191 3.470691 11.000285 2.775926 61.481636 2.081162 76.243994 nan 3.871829 0.000006 719.147677 0.003536
313.503368 2016 539.008160 10.489564 1903.081979 95.674173 0.091397 0.011483 -37.984787 3.302147 11.319812 2.570607 58.098490 1.839068 66.688369 nan 3.871832 0.000007 719.145852 0.003727
320.503368 2016 332.995419 5.193218 963.227698 28.074742 0.130193 0.001866 -42.383014 0.595464 8.427759 1.071832 62.686006 1.548200 87.459186 nan 3.871835 0.000007 719.143913 0.003900
327.503368 2016 383.185252 8.539598 1231.105244 115.228620 0.105628 0.008842 -43.350035 3.096628 8.828459 2.461729 59.043027 1.826830 75.666658 nan 3.871840 0.000007 719.141583 0.004060
334.503368 2016 399.691677 6.283974 1176.803746 29.720824 0.127376 0.001330 -45.401170 0.665784 4.287249 0.983870 58.929787 1.301957 88.721610 nan 3.871842 0.000007 719.140134 0.004148
341.503368 2016 340.368966 6.369679 1097.267368 62.546227 0.084308 0.016505 -56.909961 4.071224 5.530668 2.804266 58.268736 1.537307 72.347558 nan 3.871847 0.000008 719.137375 0.004308
348.503368 2016 389.447944 5.885315 1109.402457 31.239737 0.107753 0.012551 -61.787836 5.711165 4.173514 3.464425 55.697086 1.217685 82.571515 nan 3.871852 0.000008 719.134942 0.004366
355.503368 2016 529.989928 11.642520 1741.220344 160.214371 0.118285 0.003014 -60.434997 1.638383 -4.416913 1.344393 49.458775 1.050402 83.029205 nan 3.871851 0.000008 719.135286 0.004373
362.503368 2016 742.299787 12.196349 2063.332097 71.128827 0.127803 0.001772 -62.021725 1.424175 -6.940095 1.227420 46.472372 1.030665 89.138020 nan 3.871853 0.000008 719.134093 0.004379
336.501991 2014 209.547981 5.372924 933.350950 101.408080 0.115954 0.004880 -50.415186 1.459163 -0.210929 2.688861 59.829788 3.918559 78.431740 nan 3.871593 0.000016 719.279414 0.009015
350.501563 2014 546.622366 9.279419 1484.924535 74.046754 0.123956 0.001899 -43.209226 0.557656 8.411566 1.100506 67.584817 1.643356 86.253951 nan 3.871674 0.000019 719.234520 0.010581
357.501563 2014 663.728111 14.301717 2360.592018 187.370871 0.106142 0.009322 -44.855643 2.944930 7.703275 2.176193 58.577940 1.407455 77.743738 nan 3.871678 0.000019 719.232261 0.010495
6.501563 2015 1044.987034 22.411073 4195.665624 353.512468 0.107114 0.009418 -53.163675 3.121299 -0.547822 3.184022 62.535128 3.246746 78.488101 nan 3.871691 0.000018 719.224633 0.010186
13.501563 2015 257.257450 4.558349 631.477048 43.710352 0.126465 0.001860 -59.627345 1.217660 -3.356043 1.148800 48.667507 1.079939 87.911444 nan 3.871693 0.000018 719.223857 0.010065
20.501563 2015 136.210657 2.564465 431.646271 38.200506 -0.604184 0.206971 -60.271313 3.073906 -7.649126 3.267791 42.374565 3.461676 73.323893 nan 3.871695 0.000018 719.222835 0.010161
27.501563 2015 294.703593 5.282976 951.654769 53.505152 0.122298 0.001307 -58.693554 1.391047 -6.230535 0.985262 39.349987 0.579478 82.486107 nan 3.871697 0.000019 719.221753 0.010536
34.501563 2015 763.052723 12.758849 2132.586837 70.758641 0.130016 0.002285 -59.118470 1.649412 -6.593256 1.237712 43.423244 0.826013 85.217730 nan 3.871702 0.000019 719.218937 0.010718
41.501563 2015 272.741956 5.309194 711.834210 61.600185 0.115609 0.002977 nan nan nan nan nan nan nan nan nan nan nan nan
48.501563 2015 396.623075 9.682997 1504.392733 145.365479 0.097190 0.006040 -52.310876 2.138102 -7.117349 2.179958 35.585872 2.221814 60.703622 nan 3.871709 0.000018 719.214967 0.009807
55.501563 2015 760.439365 19.455554 2111.351541 329.250267 0.122747 0.003258 -52.754135 1.666919 -5.919041 1.361273 38.270959 1.055626 73.255782 nan 3.871710 0.000018 719.214225 0.009858
62.501563 2015 43039.843419 466.802313 74332.442569 2172.135113 0.415360 nan -53.470157 nan -46.611433 nan -39.752709 nan 13.717449 nan 3.871713 0.000019 719.212830 0.010851
69.501563 2015 14254.369998 238.596954 37785.539513 2430.290350 0.082655 0.066799 -51.031584 4.840519 -9.606506 10.978505 51.736288 17.116491 66.742083 nan 3.871717 0.000018 719.210398 0.010252
76.501563 2015 1344.614680 34.712193 7631.929394 543.334903 0.113164 0.014101 -48.989040 2.982176 -1.149483 3.278133 41.081095 3.574091 57.898513 nan 3.871719 0.000018 719.209330 0.010052
90.501563 2015 464.916385 8.364664 1607.541660 63.090040 0.109584 0.002084 -37.359279 1.441272 4.586554 1.324225 47.274968 1.207179 60.916290 nan 3.871723 0.000017 719.207100 0.009319
97.501563 2015 332.834396 7.054268 1155.045636 123.859944 0.107943 0.005330 -39.770354 1.880242 6.873632 1.814765 47.652912 1.749288 60.285889 nan 3.871726 0.000017 719.205323 0.009640
104.501563 2015 973.943147 23.158194 3409.552899 409.432747 0.113243 0.003077 -35.631409 1.410696 8.552788 1.376347 51.928810 1.341999 64.031724 nan 3.871729 0.000018 719.203804 0.010068
111.501563 2015 1204.391418 16.392365 3520.571551 173.750921 0.123782 0.003439 -36.559117 1.362044 10.127066 1.397972 54.864439 1.433901 70.773696 nan 3.871234 0.000018 719.479327 0.010304
118.501563 2015 1308.134323 20.387779 3410.981426 252.647703 0.242201 0.100869 -56.890667 6.231353 30.480629 6.827088 64.975254 7.422824 22.367103 nan 3.871735 0.000018 719.200296 0.009872
125.501563 2015 302.996715 5.891459 897.763862 79.951303 0.105229 0.010418 -58.599101 2.769967 8.080372 4.046455 58.752170 5.322943 59.510653 nan 3.871739 0.000018 719.198139 0.009851
132.501563 2015 716.649218 15.866936 2725.922182 264.873121 0.112059 0.004653 -34.211025 1.816287 13.827782 1.749281 63.645262 1.682276 71.037712 nan 3.871742 0.000018 719.196285 0.009835
139.501563 2015 392.096186 7.338516 1141.649533 93.810177 0.121166 0.002140 -34.817020 0.814108 13.087263 1.150865 64.625537 1.487623 79.282102 nan 3.871744 0.000018 719.195225 0.009819
146.501563 2015 86.286948 1.402848 221.323848 10.763381 0.043939 0.003211 -27.761723 1.570481 12.907476 1.502577 44.237814 1.434672 29.941209 nan 3.871747 0.000018 719.193431 0.009820
160.501563 2015 530.475718 10.350831 1796.515825 91.252058 1.094903 0.435426 -41.418100 5.263405 16.021253 3.331155 65.217863 1.398904 69.822789 nan 3.871757 0.000017 719.188160 0.009487
167.501563 2015 479.546544 9.018617 1368.048023 92.609175 0.124063 0.001875 -46.716142 0.977886 6.579317 1.338930 68.697570 1.699975 87.344996 nan 3.871761 0.000017 719.185882 0.009420
174.500174 2015 2942.418075 36.593447 6339.841753 572.070879 0.115622 0.022986 -59.545473 7.120176 3.277576 7.235311 66.198466 7.350446 61.575765 nan 3.871359 0.000014 719.409787 0.007979
188.502848 2015 457.676488 10.010487 1298.682809 162.250678 0.123101 0.009297 -56.864734 1.455036 -4.205753 2.330009 50.423476 3.204981 77.284326 nan 3.871777 0.000016 719.177045 0.008941
195.502848 2015 688.352707 13.961971 1833.696035 194.499562 0.137100 0.008912 -65.250775 1.600751 -6.347964 2.465077 52.250191 3.329403 85.640777 nan 3.871780 0.000016 719.174979 0.008862
202.502848 2015 460.653072 11.534688 1262.398983 166.937287 0.111082 0.003631 -62.957294 1.897908 -7.005665 1.615395 44.881299 1.332883 76.329895 nan 3.871787 0.000016 719.171473 0.008708
209.502848 2015 289.209748 4.379881 753.381106 29.937557 0.123790 0.002515 -66.184023 1.881374 -7.776433 1.443903 42.250260 1.006433 82.840763 nan 3.871789 0.000015 719.170129 0.008618
216.502848 2015 293.102035 6.813169 768.275714 84.769683 0.127906 0.002544 -64.613811 1.590207 -8.811021 1.137562 40.055713 0.684918 82.695350 nan 3.871793 0.000015 719.168000 0.008302
223.502848 2015 350.979797 7.042058 1103.428022 77.960876 0.129459 0.008900 -60.608004 1.411981 -9.693669 1.905034 35.627502 2.398087 73.877640 nan 3.871796 0.000014 719.166059 0.007943
230.502848 2015 1675.999602 32.933334 5986.538372 242.956929 0.136360 0.009719 -58.879257 1.494913 -9.123929 2.035105 37.166192 2.575296 74.513210 nan 3.871799 0.000014 719.164374 0.007797
237.502848 2015 1126.278436 27.175272 5105.692671 517.262215 0.118412 0.010135 -55.131692 1.877089 -7.829992 2.191554 36.864143 2.506019 62.769365 nan 3.871803 0.000014 719.162330 0.007580
244.502848 2015 834.730971 16.848282 3074.137253 287.840780 0.133916 0.009525 -52.030373 1.485663 -6.479688 1.962574 38.413586 2.439485 68.956654 nan 3.871806 0.000013 719.160710 0.007209
251.502848 2015 1504.007412 36.114945 6905.932690 661.908214 0.120003 0.004284 -48.735140 1.425188 -3.263154 1.335452 44.070127 1.245715 66.651092 nan 3.871808 0.000012 719.159652 0.006861
258.502848 2015 1045.032003 18.668417 3363.652310 191.824929 0.128444 0.012275 -46.130382 2.811106 -1.954450 2.824952 45.288611 2.838799 65.528921 nan 3.871813 0.000012 719.156521 0.006518
265.502848 2015 792.795183 16.772930 2861.400584 329.618370 0.127162 0.002967 -44.779385 1.315620 0.849423 1.286286 47.430289 1.256953 68.892627 nan 3.871813 0.000012 719.156427 0.006493
272.502848 2015 259.398794 4.275939 777.120989 38.647827 0.110118 0.004100 -39.789041 1.577125 2.893388 1.594753 46.562316 1.612381 60.390650 nan 3.871815 0.000011 719.155201 0.006230
279.502848 2015 1505.116429 35.373767 5523.906730 617.304187 0.121320 0.004971 -44.786336 1.566247 4.936752 1.663985 53.398899 1.761723 66.293402 nan 3.871818 0.000011 719.153585 0.005937
286.502848 2015 1885.941911 36.046915 6600.217725 231.013760 0.115201 0.008069 -37.109412 2.670533 8.315774 1.974609 53.591879 1.278685 66.534970 nan 3.871822 0.000010 719.151636 0.005741
293.502848 2015 738.976779 15.541819 2666.883999 276.444852 0.119365 0.002510 -34.732443 1.159840 9.174120 1.290165 56.042411 1.420491 68.841698 nan 3.871832 0.000009 719.145742 0.004967
300.502848 2015 209.932529 3.957375 693.526693 47.432043 0.087775 0.004435 -29.165243 1.531517 11.293650 1.688431 52.715997 1.845344 52.935522 nan 3.871836 0.000009 719.143681 0.004817
307.502848 2015 926.360541 25.544532 4443.708542 745.203207 0.111956 0.005662 -34.814977 1.892894 11.446819 1.988121 63.345443 2.083348 69.122936 nan 3.871840 0.000008 719.141294 0.004658
314.502848 2015 1824.279085 34.553929 6147.591791 251.799909 0.120014 0.009044 -37.315484 2.516350 13.340713 2.155051 63.802719 1.793753 79.109798 nan 3.871843 0.000008 719.139490 0.004547
321.502848 2015 926.297129 18.677299 3476.496790 200.160948 0.116844 0.002181 -34.672888 0.673878 11.989759 1.159064 63.778964 1.644250 77.138832 nan 3.871847 0.000008 719.137436 0.004441
328.502848 2015 322.599708 6.772299 1419.728633 37.021073 0.087784 0.002899 -26.082400 0.964544 11.086008 1.268263 54.773291 1.571982 59.680401 nan 3.871852 0.000008 719.134560 0.004319
335.502848 2015 314.021664 7.273803 1018.492026 133.293551 0.102078 0.011299 -37.847683 2.723294 9.977257 2.521541 63.007329 2.319788 74.801168 nan 3.871857 0.000008 719.132004 0.004234
342.502848 2015 491.395722 7.878189 1405.795607 41.306470 0.128658 0.002093 -54.968248 0.994032 6.064484 1.267168 59.530902 1.540305 89.702457 nan 3.871860 0.000008 719.130528 0.004202
349.502848 2015 390.792035 7.322913 1065.070179 79.976086 0.123422 0.002154 -49.801232 1.196586 4.281235 1.252191 57.309857 1.307795 86.834047 nan 3.871663 0.000007 719.239804 0.003692
356.502848 2015 1099.237137 26.443011 5232.788744 604.385935 0.106817 0.008853 -47.392002 3.119367 2.525616 2.268038 51.095898 1.416709 78.275983 nan 3.871666 0.000007 719.238367 0.003672
5.502848 2016 903.827575 17.424336 2963.583456 247.288331 0.129655 0.001179 -59.437606 1.275741 -4.983877 1.012711 46.340304 0.749682 90.396054 nan 3.871675 0.000006 719.233314 0.003543
12.502848 2016 374.701309 5.705156 945.188864 39.508956 0.126568 0.001456 -63.529951 1.516987 -7.226459 1.081559 43.599647 0.646131 87.188290 nan 3.871678 0.000006 719.231660 0.003468
19.502848 2016 527.577238 13.448277 2106.288376 283.842575 0.106606 0.004274 -62.801863 2.053797 -8.807382 1.708378 38.931262 1.362958 72.199694 nan 3.871682 0.000006 719.229422 0.003372
26.502848 2016 403.206030 6.836483 999.379555 60.958634 0.127002 0.010950 -62.744906 3.893607 -8.564916 2.788447 39.227063 1.683288 74.771350 nan 3.871686 0.000006 719.227186 0.003266
33.502848 2016 146.689249 2.655677 480.062429 24.317817 0.100586 0.004753 -57.561617 2.296659 -10.055465 1.794130 33.332565 1.291602 64.850396 nan 3.871688 0.000006 719.225839 0.003185
40.502848 2016 286.087504 5.767468 849.100530 55.594994 0.069782 0.023092 -59.008358 3.365561 -9.604923 2.994090 33.822330 2.622620 64.544483 nan 3.871692 0.000006 719.223832 0.003074
47.502848 2016 1012.409647 23.168533 4661.278017 358.273306 0.117881 0.004954 -59.021495 2.332506 -8.391253 2.315556 38.109901 2.298605 70.651056 nan 3.871696 0.000005 719.221855 0.002968
54.502848 2016 850.546820 16.274948 2711.678510 138.391524 0.118388 0.002074 -55.426310 1.493760 -7.207355 1.238811 34.855855 0.983862 69.204260 nan 3.871697 0.000005 719.220964 0.002914
61.502848 2016 905.549480 25.396343 3024.293075 411.853616 0.116979 0.016718 -46.049462 2.644706 -3.636627 3.140624 54.394991 3.636542 53.765619 nan 3.871702 0.000005 719.218417 0.002798
68.502848 2016 2144.328242 68.355281 8373.520235 1195.607352 0.093722 0.031885 -52.442127 5.644855 -5.187055 5.314985 53.016150 4.985115 41.942898 nan 3.871705 0.000005 719.216655 0.002724
75.502848 2016 718.907396 13.437082 2298.434178 115.523922 0.113140 0.009697 -47.760288 2.867558 0.112886 2.026950 41.340486 1.186343 65.441302 nan 3.871709 0.000005 719.214344 0.002638
82.502848 2016 560.387869 10.982592 1724.896193 114.573190 0.115609 0.001994 -42.621306 1.270055 1.777347 1.227749 42.760541 1.185444 64.132188 nan 3.871710 0.000005 719.213535 0.002612
89.502848 2016 1042.310264 75.278916 12963.807226 4185.904335 0.144536 0.023591 nan nan nan nan nan nan nan nan nan nan nan nan
96.502848 2016 5557.860142 105.153582 13097.764267 1140.893666 0.781057 0.258576 29.241205 4.659624 41.405704 3.746305 54.220456 2.832987 10.547493 nan 3.871722 0.000005 719.207366 0.002543
103.502848 2016 964.230561 20.860146 3364.905324 291.365822 0.090968 0.021013 -38.725394 3.966343 10.547487 3.834966 54.719820 3.703588 58.037379 nan 3.871721 0.000005 719.207424 0.002543
110.502848 2016 594.528565 11.685628 1905.210338 148.644643 0.116330 0.002885 -37.772425 1.224748 9.719526 1.209343 54.403557 1.193938 69.579238 nan 3.871726 0.000005 719.204649 0.002536
117.502848 2016 222.063951 2.983164 489.444639 13.493477 0.136031 0.009137 -39.441918 2.135365 10.469107 1.699237 59.643992 1.263109 76.236763 nan 3.871729 0.000005 719.203485 0.002568
124.502848 2016 800.967197 15.673413 2616.151405 134.207456 0.131470 0.009500 -36.514243 2.474695 11.156735 1.975199 62.148885 1.475704 75.174526 nan 3.871733 0.000005 719.201018 0.002579
131.502848 2016 1806.113100 35.944572 6486.402666 357.820469 0.126521 0.003835 -41.356129 1.281344 11.006416 1.532008 66.663972 1.782671 82.454272 nan 3.871737 0.000005 719.198641 0.002559
138.502848 2016 866.072179 16.248652 3114.258876 135.912310 0.129915 0.009035 -37.205604 2.622840 11.295564 2.109905 65.951610 1.596971 78.768636 nan 3.871741 0.000005 719.196625 0.002555
145.502848 2016 391.023460 6.875423 1304.692502 47.176026 0.101615 0.015754 -37.752457 4.162510 11.945247 2.883096 65.950273 1.603682 68.726535 nan 3.871744 0.000005 719.195135 0.002555
152.502848 2016 277.917926 4.085233 616.357788 23.879824 0.135416 0.009142 -46.506777 3.164771 7.615546 2.385784 68.146014 1.606797 84.877388 nan 3.871747 0.000005 719.193124 0.002511
159.502848 2016 528.494351 11.167443 1613.308894 126.835318 0.119094 0.003691 -51.149905 1.700710 3.638006 1.789821 63.202893 1.878933 83.831772 nan 3.871752 0.000004 719.190647 0.002447
166.502848 2016 339.645734 5.894009 908.667461 61.074855 0.140861 0.012528 -53.869356 4.723013 4.529114 2.981280 58.146938 1.239548 79.695433 nan 3.871755 0.000004 719.188650 0.002376
173.502848 2016 192.511161 3.049007 480.078533 32.775642 0.138527 0.013578 -58.327217 3.835347 -3.504767 4.252023 54.961919 4.668699 77.401406 nan 3.871758 0.000004 719.186975 0.002302
180.502848 2016 165.230965 2.734850 521.197263 25.549513 0.163257 0.018566 -62.951486 1.430348 -11.479972 3.967013 49.306977 6.503678 71.151906 nan 3.871762 0.000004 719.185049 0.002202
194.503368 2016 495.857042 7.697818 1435.875435 51.073663 0.190646 0.022931 -69.813302 1.259403 -17.337064 4.142971 42.830181 7.026538 63.755580 nan 3.871770 0.000003 719.180573 0.001950
201.503368 2016 236.375313 3.947135 688.402787 32.399920 0.067709 0.037871 -67.236087 1.863439 -12.551748 2.509614 38.909874 3.155789 77.464525 nan 3.871772 0.000003 719.179002 0.001821
208.503368 2016 393.878045 8.816251 1514.951546 100.492217 0.131044 0.010629 -65.353141 1.789550 -11.389827 2.074502 36.608519 2.359454 76.196388 nan 3.871749 0.000003 719.192030 0.001664
215.503368 2016 610.014984 12.373022 1910.190930 164.197434 0.152114 0.015575 -62.975642 1.503043 -14.028396 2.699034 37.464433 3.895024 70.768105 nan 3.871784 0.000003 719.172822 0.001530
222.503368 2016 770.037557 12.075920 2079.954547 56.538128 0.149277 0.013033 -59.629873 1.251938 -12.287553 2.327551 37.195317 3.403164 73.742859 nan 3.871783 0.000003 719.172829 0.001520
229.503368 2016 371.886319 6.208282 1002.827398 54.592391 0.113500 0.007614 -55.961357 1.438005 -11.156442 1.909949 35.969486 2.381893 69.096711 nan 3.871786 0.000003 719.171224 0.001472
236.503368 2016 730.847367 12.702822 2050.496289 180.616287 0.269411 0.052727 -64.313371 6.853155 -14.932008 7.598108 66.995832 8.343061 52.397678 nan 3.871789 0.000003 719.169869 0.001480
243.503368 2016 1624.858036 29.652662 4984.636110 425.784524 0.329232 0.113508 -52.756585 11.426472 -9.483754 10.830556 53.986367 10.234641 18.350089 nan 3.871795 0.000003 719.166605 0.001601
257.503368 2016 829.310570 15.587963 2782.317734 153.948388 0.059294 0.020724 -46.143117 5.075876 5.782204 4.596694 59.028926 4.117512 41.807622 nan 3.871801 0.000003 719.163004 0.001923
264.503368 2016 538.606881 7.344504 1121.082842 78.487212 0.222197 0.073919 -61.985573 7.212178 -3.356190 7.705397 54.304781 8.198616 43.115425 nan 3.871803 0.000004 719.161704 0.002042
271.503368 2016 4923.860930 97.974290 15504.485566 1456.315755 0.129698 0.043554 -37.469297 10.475291 11.029094 8.655568 64.054508 6.835845 44.346046 nan 3.871810 0.000004 719.158198 0.002378
306.503368 2016 1634.954648 29.755574 5305.745915 317.792264 0.140387 0.014273 -34.986191 3.470691 11.000285 2.775926 61.481636 2.081162 76.243994 nan 3.871829 0.000006 719.147677 0.003536
313.503368 2016 539.008160 10.489564 1903.081979 95.674173 0.091397 0.011483 -37.984787 3.302147 11.319812 2.570607 58.098490 1.839068 66.688369 nan 3.871832 0.000007 719.145852 0.003727
320.503368 2016 332.995419 5.193218 963.227698 28.074742 0.130193 0.001866 -42.383014 0.595464 8.427759 1.071832 62.686006 1.548200 87.459186 nan 3.871835 0.000007 719.143913 0.003900
327.503368 2016 383.185252 8.539598 1231.105244 115.228620 0.105628 0.008842 -43.350035 3.096628 8.828459 2.461729 59.043027 1.826830 75.666658 nan 3.871840 0.000007 719.141583 0.004060
334.503368 2016 399.691677 6.283974 1176.803746 29.720824 0.127376 0.001330 -45.401170 0.665784 4.287249 0.983870 58.929787 1.301957 88.721610 nan 3.871842 0.000007 719.140134 0.004148
341.503368 2016 340.368966 6.369679 1097.267368 62.546227 0.084308 0.016505 -56.909961 4.071224 5.530668 2.804266 58.268736 1.537307 72.347558 nan 3.871847 0.000008 719.137375 0.004308
348.503368 2016 389.447944 5.885315 1109.402457 31.239737 0.107753 0.012551 -61.787836 5.711165 4.173514 3.464425 55.697086 1.217685 82.571515 nan 3.871852 0.000008 719.134942 0.004366
355.503368 2016 529.989928 11.642520 1741.220344 160.214371 0.118285 0.003014 -60.434997 1.638383 -4.416913 1.344393 49.458775 1.050402 83.029205 nan 3.871851 0.000008 719.135286 0.004373
362.503368 2016 742.299787 12.196349 2063.332097 71.128827 0.127803 0.001772 -62.021725 1.424175 -6.940095 1.227420 46.472372 1.030665 89.138020 nan 3.871853 0.000008 719.134093 0.004379
