346.587755 2006 414.874373 10.011295 1844.929875 98.063970 0.134451 0.002116 -71.483872 2.607578 -11.779842 1.920062 45.251598 1.232547 92.014299 nan 3.868723 0.000063 720.886832 0.034913
353.502616 2006 3245.876764 62.821971 12224.859257 591.616988 0.139997 0.002008 -72.623153 1.714781 -14.070505 1.196040 40.607306 0.677299 92.808668 nan 3.871823 0.000063 719.156831 0.035363
360.502616 2006 1967.556477 34.251167 6795.826363 108.497945 0.142415 0.002041 -71.362035 1.572387 -15.164781 1.257331 42.552568 0.942276 91.259808 nan 3.871832 0.000064 719.151949 0.035555
9.502616 2007 602.436186 9.473365 1856.552356 48.141988 0.142028 0.009322 -69.388207 1.568622 -17.050956 1.765777 32.085302 1.962933 78.486995 nan 3.871842 0.000064 719.145963 0.035907
16.502616 2007 653.403965 9.870714 1793.240212 57.053008 0.129604 0.008373 -66.594027 1.305953 -16.766111 1.897097 35.922326 2.488240 76.346971 nan 3.871845 0.000065 719.144654 0.036145
23.502616 2007 510.301445 7.228342 1350.979499 36.298973 0.163619 0.017361 -63.974868 1.419341 -17.227446 2.338544 31.988398 3.257747 69.441390 nan 3.871852 0.000065 719.140670 0.036394
30.502616 2007 739.287641 12.694210 2009.269134 112.914594 0.133039 0.005011 -59.055949 1.263114 -13.673834 1.551390 33.812591 1.839667 70.077618 nan 3.871850 0.000066 719.142152 0.036610
37.502616 2007 407.938651 6.127188 1083.652577 48.545491 0.143832 0.009669 -56.120442 0.964530 -11.946645 1.591331 36.592637 2.218131 68.509070 nan 3.871856 0.000066 719.138459 0.036771
44.502616 2007 485.343160 9.750077 1865.468281 121.580286 0.130635 0.011583 -50.951784 1.617055 -9.988303 2.139850 37.073475 2.662645 60.872075 nan 3.871853 0.000066 719.140281 0.036983
51.502616 2007 273.866031 4.235436 818.541094 27.108054 0.129913 0.002523 -49.398949 0.839782 -7.173892 1.095615 34.562738 1.351449 66.507638 nan 3.871848 0.000066 719.143222 0.036982
58.502616 2007 409.953347 8.027073 1419.152778 99.344971 0.133360 0.010666 -45.198268 1.248505 -5.586016 2.012721 41.851197 2.776937 62.129341 nan 3.871843 0.000066 719.145798 0.036962
65.502616 2007 478.235000 7.954719 1457.574871 63.520064 0.155760 0.012830 -43.867600 0.576775 -6.046127 2.065782 44.347927 3.554790 67.059668 nan 3.871848 0.000067 719.143191 0.037270
72.502616 2007 471.823317 7.437915 1293.111859 54.350546 0.172509 0.020202 -42.439287 0.636776 -8.198478 3.130105 42.920466 5.623434 59.115657 nan 3.871854 0.000068 719.140248 0.037800
86.502616 2007 554.245216 10.661108 1359.313721 120.532477 0.151298 0.019649 -41.696391 6.055618 7.642010 3.679515 51.652743 1.303411 62.386959 nan 3.871852 0.000069 719.141733 0.038239
93.502616 2007 1171.380305 19.248076 3569.215426 71.667159 0.156855 0.014014 -46.793800 4.838580 5.716733 3.152348 57.309662 1.466115 74.151351 nan 3.871859 0.000069 719.137885 0.038374
100.502616 2007 505.829984 12.225072 2545.298730 67.665207 0.137528 0.017918 -40.118889 5.575464 5.976011 3.690583 51.831824 1.805702 69.480128 nan 3.873689 0.000064 718.117776 0.035397
107.502616 2007 254.704211 4.132696 743.231595 34.570031 0.139958 0.014080 -50.463035 4.606108 6.013774 3.123463 61.768703 1.640819 70.654381 nan 3.871865 0.000069 719.134558 0.038677
114.502616 2007 416.712076 10.617056 1586.287865 205.037152 0.103243 0.021868 -54.382178 1.115061 0.178712 2.218462 62.604485 3.321863 81.835863 nan 3.871861 0.000069 719.136504 0.038694
121.502778 2007 1140.693057 18.725766 3539.790871 76.828080 0.155976 0.012776 -59.552842 5.316711 3.969731 3.354371 61.527639 1.392031 84.365924 nan 3.871831 0.000069 719.153182 0.038664
128.502778 2007 464.471708 8.392642 1380.733677 121.143901 0.148140 0.018205 -60.465857 1.406954 -8.850925 3.987717 55.248808 6.568481 73.750142 nan 3.871831 0.000069 719.153568 0.038680
135.502778 2007 159.686153 2.585364 465.549848 30.612665 0.083190 0.024585 -56.900393 1.901575 -5.585538 2.573491 44.439633 3.245406 61.840180 nan 3.871844 0.000069 719.146187 0.038658
142.502778 2007 1109.703452 26.556633 5537.105737 430.841140 0.211292 0.024521 -62.137928 1.109980 -18.426492 4.830093 44.252895 8.550206 60.714682 nan 3.871844 0.000069 719.146015 0.038527
149.502778 2007 1711.598368 27.385630 4902.567493 61.029902 0.187727 0.021200 -70.132415 1.436220 -17.092197 4.251455 42.136718 7.066690 72.955486 nan 3.871857 0.000069 719.138773 0.038385
156.502778 2007 1036.854727 18.717578 3211.334586 111.078568 0.146196 0.012411 -70.801545 1.916331 -12.987848 2.670105 41.971569 3.423879 81.646572 nan 3.871863 0.000069 719.135590 0.038296
163.502778 2007 553.183089 8.662065 1509.585679 51.915564 0.157381 0.015561 -69.425141 1.690453 -16.090246 2.898933 40.393173 4.107413 77.689164 nan 3.871878 0.000069 719.127076 0.038194
170.502778 2007 353.197748 5.412596 908.834029 66.298289 0.199276 0.024064 -65.552143 1.280137 -22.329134 3.513317 34.288364 5.746496 68.277783 nan 3.871880 0.000068 719.125589 0.038002
177.502778 2007 206.274246 3.438719 536.539708 38.585065 0.114713 0.006568 -64.176760 2.182037 -17.066790 2.255080 31.094937 2.328123 71.493707 nan 3.871891 0.000068 719.119563 0.037798
184.502778 2007 202.929316 3.962978 708.409980 61.120114 0.067958 0.029493 -66.225688 4.041022 -17.061802 4.176087 32.390139 4.311152 45.337355 nan 3.871894 0.000068 719.117787 0.037635
191.502778 2007 365.814275 9.008297 1334.512238 161.870349 0.119735 0.026176 -65.504579 2.342522 -19.862233 3.508053 33.678797 4.673584 66.659231 nan 3.871903 0.000067 719.112669 0.037459
198.502778 2007 564.577515 9.523868 1625.699304 78.958481 0.176298 0.019818 -63.690534 1.397279 -19.716383 2.586351 33.846957 3.775423 68.453485 nan 3.871902 0.000067 719.113335 0.037214
205.502778 2007 277.554199 4.379883 760.432269 43.108598 0.140039 0.002434 -60.818126 1.113815 -14.076613 1.244653 33.050268 1.375490 72.842239 nan 3.871909 0.000066 719.109338 0.036926
212.502778 2007 322.775329 5.586523 1049.656116 49.585429 0.152060 0.009164 -56.198059 1.134030 -13.461491 1.680204 38.594545 2.226377 70.899216 nan 3.871906 0.000066 719.110786 0.036689
219.502778 2007 445.317169 7.774382 1232.017115 70.955249 0.149015 0.017732 -56.020862 3.155641 -14.159096 3.607393 37.516017 4.059144 56.050098 nan 3.871909 0.000065 719.108914 0.036437
226.502778 2007 303.364471 4.920045 868.407807 42.217879 0.138402 0.002180 -50.925353 0.970439 -9.348848 1.197293 35.922384 1.424147 68.181785 nan 3.871909 0.000065 719.109154 0.036150
240.502778 2007 252.966368 4.909738 899.928935 52.728645 0.123140 0.008850 -48.358992 3.116070 -4.857969 3.168689 38.540888 3.221308 60.589211 nan 3.871728 0.000062 719.209412 0.034597
247.502778 2007 750.105445 14.169978 2195.706010 167.862049 0.143341 0.003024 -48.223077 0.743776 -3.643613 1.166536 43.253133 1.589295 72.359767 nan 3.871729 0.000062 719.208562 0.034378
268.502778 2007 529.563159 12.805764 1461.104147 148.785583 0.150564 0.009248 -43.888322 3.003428 2.694343 2.312839 52.674824 1.622250 76.585120 nan 3.871731 0.000061 719.207412 0.033833
275.502778 2007 890.588080 14.306599 2722.313343 72.930031 0.140787 0.001800 -46.240722 0.652713 1.615397 0.976770 51.760247 1.300827 82.422557 nan 3.871731 0.000060 719.207280 0.033695
282.502778 2007 578.537076 9.448405 1824.037376 23.963751 0.123529 0.002330 -42.070460 0.692318 2.042617 0.960862 50.788486 1.229406 75.869369 nan 3.871737 0.000060 719.203786 0.033560
296.502778 2007 477.025871 9.681726 1378.238799 142.234668 0.136498 0.002341 -52.111392 1.026738 0.885520 1.163963 54.306706 1.301188 88.350394 nan 3.871747 0.000060 719.198556 0.033402
303.502778 2007 534.655085 9.020281 1624.126849 91.064968 0.142106 0.001933 -58.169115 1.186500 -0.421340 1.215745 58.293581 1.244990 93.729891 nan 3.871749 0.000060 719.196956 0.033317
310.502778 2007 185.304146 2.871679 562.260893 12.339340 0.112677 0.001777 -52.215593 1.106518 -2.574285 0.975174 44.830845 0.843830 76.249883 nan 3.871756 0.000060 719.193367 0.033266
317.502778 2007 155.867905 2.205305 382.904650 15.808744 0.123327 0.005021 -66.430387 2.242649 -4.282808 1.969099 55.289368 1.695549 83.776848 nan 3.871761 0.000060 719.190610 0.033284
324.502778 2007 637.272782 13.577561 2511.356523 143.682242 0.095987 0.019446 -65.968299 1.894831 -10.539471 2.820984 46.858001 3.747137 82.998709 nan 3.871773 0.000060 719.183629 0.033324
331.502778 2007 499.189504 7.576078 1289.115487 55.603141 0.135572 0.001878 -68.272376 1.660764 -9.995864 1.281647 48.816228 0.902529 91.756656 nan 3.871774 0.000060 719.183213 0.033357
338.502778 2007 279.472129 4.490218 747.230676 9.482159 0.055046 0.013440 -63.225981 6.308551 -6.335950 5.103775 63.678390 3.898999 55.732574 nan 3.871788 0.000060 719.175372 0.033431
345.502778 2007 263.876661 4.607051 812.982374 43.224184 0.066241 0.015839 -68.980069 5.604361 -15.145406 5.316706 77.199828 5.029052 62.694974 nan 3.871792 0.000060 719.173279 0.033605
352.502778 2007 606.149729 10.381668 2011.837793 74.480258 0.092320 0.016391 -75.339466 5.105627 -16.131411 4.767623 59.902457 4.429619 73.897227 nan 3.871808 0.000061 719.164545 0.033809
359.502778 2007 371.060913 5.254343 989.439358 47.998050 0.083747 0.014563 -72.299631 6.200064 -14.693659 5.951705 71.289092 5.703346 55.421098 nan 3.871806 0.000061 719.165786 0.033970
8.502778 2008 378.289655 6.237742 1273.510217 36.522642 0.153975 0.009429 -66.706087 1.153813 -16.711965 1.579247 32.615057 2.004682 77.411951 nan 3.871815 0.000062 719.160676 0.034430
15.502778 2008 503.303288 7.750010 1503.673375 49.968503 0.133658 0.009588 -61.961772 1.105795 -15.427690 1.485769 32.814086 1.865743 73.729685 nan 3.871824 0.000062 719.155616 0.034714
22.502778 2008 382.143768 5.739703 1027.219951 48.465531 0.143992 0.008458 -58.421549 0.967732 -14.511617 1.381582 31.896938 1.795433 68.988978 nan 3.871821 0.000063 719.157656 0.034908
29.502778 2008 356.385539 8.468227 924.316699 124.291245 0.127494 0.003126 -53.765745 1.063548 -12.481219 1.308995 32.501931 1.554442 64.584972 nan 3.871831 0.000063 719.152189 0.035082
36.502778 2008 543.173895 8.895160 1612.784048 63.268613 0.042015 0.016216 -52.159157 3.842792 -13.243439 3.798195 52.794261 3.753597 44.651824 nan 3.871831 0.000063 719.152431 0.035323
43.502778 2008 673.374231 9.915332 1814.919971 59.606796 0.132785 0.022625 -53.076425 5.042656 -11.343606 5.373067 52.684622 5.703477 46.777259 nan 3.871838 0.000064 719.148466 0.035584
50.502778 2008 552.205552 7.738901 1359.536207 51.189866 0.178115 0.023871 -44.888657 0.596915 -13.389091 2.885231 44.172392 5.173546 55.470417 nan 3.871829 0.000064 719.153492 0.035776
57.502778 2008 751.520432 20.367360 2712.435457 557.292090 0.160660 0.016587 -42.999810 0.603577 -8.383383 2.333530 43.514810 4.063482 59.510819 nan 3.871835 0.000065 719.150002 0.035955
64.502778 2008 840.670986 13.612300 2620.332094 85.203982 0.184127 0.021411 -45.200246 0.515315 -10.669103 3.052581 42.787298 5.589847 55.790341 nan 3.871826 0.000065 719.155497 0.036202
71.502778 2008 1099.230600 16.910878 3044.885021 90.599165 0.208082 0.025673 -42.396522 0.679815 -13.315375 4.135172 39.060629 7.590528 50.375547 nan 3.871830 0.000065 719.152853 0.036474
78.502778 2008 807.136134 13.117243 2241.567192 118.448237 0.163606 0.023264 -42.733723 3.411794 -5.376022 4.779679 50.969973 6.147565 58.247670 nan 3.871825 0.000066 719.156042 0.036662
92.502778 2008 2587.654802 32.842941 5636.675227 55.889883 0.195525 0.025582 -46.648948 9.162595 11.390281 5.152145 53.411761 1.141696 60.687617 nan 3.871924 0.000058 719.099280 0.032549
99.502778 2008 998.187016 13.966485 2423.219415 45.295112 0.173162 0.028193 -50.371476 7.730801 7.612241 6.486177 55.709414 5.241554 54.042608 nan 3.871836 0.000067 719.150008 0.037152
106.502778 2008 635.557776 9.189652 1507.200770 62.590246 0.184127 0.021304 -51.788966 6.503517 2.517367 6.008814 56.441324 5.514112 63.739533 nan 3.871843 0.000067 719.146294 0.037211
113.502778 2008 662.568566 13.583872 2920.782211 120.823013 0.165009 0.018338 -60.500115 4.073719 -3.455585 4.933712 59.061803 5.793706 67.935698 nan 3.871843 0.000067 719.146292 0.037213
120.516667 2008 862.923773 11.284864 2668.486739 92.999303 0.176684 0.022440 -64.286702 6.046400 -4.381924 6.558201 56.407337 7.070002 72.250276 nan 3.870858 0.000060 719.694308 0.033570
127.502778 2008 502.577270 6.567407 1177.085209 31.457520 0.201164 0.022678 -65.520653 1.197323 -15.199786 4.814034 57.223289 8.430746 65.809609 nan 3.871852 0.000067 719.141001 0.037212
141.502778 2008 264.444702 4.456065 724.160355 50.486636 0.129192 0.010953 -69.639826 2.295694 -10.735367 2.736509 43.190875 3.177323 76.997161 nan 3.871867 0.000066 719.132667 0.037022
148.502778 2008 196.714785 3.021908 617.251231 17.933567 0.163632 0.015441 -68.538904 1.436143 -15.124364 2.931842 40.833675 4.427541 80.730732 nan 3.871876 0.000066 719.127761 0.036907
155.502778 2008 149.395203 2.430565 453.707090 25.031433 0.106155 0.038888 -66.236224 2.398090 -18.285633 3.516550 34.988746 4.635010 69.942497 nan 3.871886 0.000066 719.122127 0.036829
162.502778 2008 130.317491 2.130623 415.548417 22.573487 0.099355 0.049909 -66.853725 1.171415 -21.546548 2.762752 34.402040 4.354090 74.249170 nan 3.871894 0.000066 719.117282 0.036667
169.502778 2008 575.851956 9.035816 1648.139898 57.775053 0.168632 0.021811 -67.604244 1.160045 -20.880826 2.930361 39.724523 4.700677 73.772505 nan 3.871902 0.000066 719.112807 0.036506
176.502778 2008 272.560713 4.165431 768.345378 30.065093 0.114992 0.021939 -67.084773 1.629993 -20.446253 2.407866 33.637833 3.185740 67.229104 nan 3.871905 0.000065 719.111140 0.036330
190.502778 2008 118.730176 4.661496 661.308123 207.752592 0.568495 0.051768 -46.122082 2.103893 -10.228199 1.816046 29.679689 1.528199 39.817858 nan 3.871912 0.000064 719.107460 0.035934
197.502778 2008 400.232533 6.506892 1173.274678 50.677613 0.181497 0.018127 -59.247261 1.192359 -18.414715 2.318505 33.393660 3.444651 66.820932 nan 3.871912 0.000064 719.106996 0.035707
204.502778 2008 332.949004 6.385895 1007.069368 74.525043 0.140923 0.003291 -56.030858 1.008625 -13.466440 1.353808 35.282996 1.698992 68.639923 nan 3.871920 0.000064 719.102461 0.035475
211.502778 2008 151.018423 2.290152 421.847117 19.836134 0.127340 0.003022 -51.969747 0.965591 -12.837772 1.334289 35.631127 1.702987 61.720754 nan 3.871920 0.000063 719.102292 0.035231
225.502778 2008 406.663826 7.526513 1102.883689 73.501119 0.142158 0.002479 -49.232735 0.974203 -7.778710 1.233552 36.629918 1.492902 66.664825 nan 3.871920 0.000062 719.102139 0.034686
232.502778 2008 310.350396 6.099042 991.534509 84.828728 0.138196 0.003472 -47.504250 0.792912 -6.070980 1.162099 37.257044 1.531286 65.893971 nan 3.871923 0.000062 719.100879 0.034469
239.502778 2008 132.106914 2.108826 419.241339 10.878165 0.115146 0.002144 -41.440605 0.694839 -4.876021 0.990939 33.547088 1.287038 57.967982 nan 3.871916 0.000061 719.104687 0.034249
253.502778 2008 310.069421 4.375041 798.045904 27.593805 0.141283 0.002007 -44.802200 0.517186 -1.263245 0.866837 43.802100 1.216487 73.926046 nan 3.871915 0.000061 719.105101 0.033842
260.502778 2008 292.580440 5.895658 914.427470 67.851088 0.131810 0.003653 -42.693407 1.037441 0.075885 1.231146 45.695132 1.424851 72.106787 nan 3.871802 0.000059 719.167891 0.033079
274.502778 2008 237.654871 7.000314 1749.060870 124.157057 1.812860 0.219985 -45.479565 0.496495 2.451614 0.588589 50.818967 0.680683 81.231078 nan 3.871705 0.000058 719.221607 0.032203
281.502778 2008 416.949906 9.780621 1321.288299 106.294508 0.129553 0.005831 -49.487894 2.239118 0.872455 2.183088 51.470680 2.127059 79.376389 nan 3.871701 0.000058 719.223883 0.032110
288.502778 2008 569.162307 11.361225 1550.502840 120.396397 0.130730 0.008577 -52.544081 3.297370 1.517721 2.093595 51.843116 0.889820 84.560222 nan 3.871715 0.000058 719.215981 0.032094
295.502778 2008 170.598957 2.619086 390.147013 23.323893 0.126774 0.002472 -54.392664 1.312870 -1.054781 1.155399 47.385860 0.997929 82.173439 nan 3.871709 0.000057 719.219134 0.032032
302.502778 2008 198.773605 3.923043 791.931847 57.056789 -0.380918 0.141450 -61.321451 4.306481 0.748762 3.377796 52.174462 2.449112 62.830413 nan 3.871721 0.000057 719.212513 0.031944
309.502778 2008 140.797950 3.042865 465.259643 42.433317 0.014097 0.061877 -61.859991 1.530554 -6.686857 1.196484 46.724851 0.862414 84.147591 nan 3.871721 0.000057 719.212266 0.031939
316.502778 2008 187.263027 3.765039 690.113164 33.793414 0.048129 0.005639 -64.730527 4.936339 -8.795625 4.980798 44.768713 5.025256 31.762512 nan 3.871735 0.000057 719.204868 0.032036
337.502778 2008 78.691868 3.128405 362.908495 64.415135 1.579955 0.170907 -70.033494 3.491554 -30.235501 3.736420 33.651680 3.981286 17.673310 nan 3.871754 0.000058 719.194019 0.032268
34.502778 2009 119.866943 3.331772 531.246135 64.559469 1.976837 0.222254 -44.523611 2.369001 -8.652826 2.551697 30.537390 2.734394 46.548558 nan 3.871795 0.000062 719.171748 0.034292
41.502778 2009 71.227691 2.986637 308.709081 58.799468 -4.551663 0.286856 -41.647608 1.787779 -32.301876 1.926872 29.307065 2.065964 4.337525 nan 3.871795 0.000062 719.171991 0.034508
48.502778 2009 198.868570 4.096888 662.898900 50.875252 0.062314 0.012455 -44.507437 3.779167 -7.301600 3.853284 36.250758 3.927401 21.879121 nan 3.871791 0.000062 719.174281 0.034699
55.502778 2009 93.547323 2.033497 346.784353 27.336755 -0.638817 0.131455 -38.495208 3.683201 -2.176136 3.622025 40.305808 3.560849 9.336768 nan 3.871790 0.000063 719.175158 0.034928
62.502778 2009 71.537070 1.559741 295.123634 12.670612 -0.055006 0.031782 -38.780146 4.012563 -4.594731 4.039593 42.454015 4.066623 14.816791 nan 3.871787 0.000063 719.176616 0.035223
69.502778 2009 127.815257 3.160642 496.044817 42.955250 0.345902 0.300501 -42.762144 4.181113 -8.725259 4.490769 46.126182 4.800425 24.853726 nan 3.871791 0.000064 719.174742 0.035428
76.502778 2009 137.103812 3.010128 541.733456 36.216859 0.018683 0.014502 -42.031135 3.790773 -2.278473 3.878087 48.419445 3.965401 17.922792 nan 3.871789 0.000064 719.175680 0.035611
83.502778 2009 96.712697 2.010305 405.009524 14.043360 0.020172 0.013840 -43.956116 4.453930 -3.567700 4.519938 52.040578 4.585945 14.397293 nan 3.871796 0.000064 719.171842 0.035792
97.502778 2009 69.300242 2.657319 739.678996 62.390172 0.047597 0.013687 -46.303380 7.422228 2.626752 7.390742 50.248695 7.359255 19.784151 nan 3.871800 0.000065 719.169620 0.036054
104.502778 2009 83.183077 2.161879 384.651654 29.930639 -0.173913 0.059249 -51.962000 4.548018 -6.288300 4.623394 42.938024 4.698769 14.301787 nan 3.871800 0.000065 719.169985 0.036103
125.502778 2009 102.133294 3.815597 794.437069 91.430000 1.062596 0.266292 -65.140997 5.792347 -8.368728 5.879165 41.776720 5.965984 38.495436 nan 3.871820 0.000065 719.158665 0.036106
174.502778 2009 16.415061 0.758528 215.193814 16.992527 0.049571 0.129509 -61.894414 7.657253 -10.423983 7.769020 48.736689 7.880787 6.280926 nan 3.871862 0.000064 719.134974 0.035430
195.502778 2009 68.287538 1.732201 329.132760 21.271406 1.361591 0.294941 -53.570657 3.402916 -10.885457 4.161239 44.825116 4.919563 31.910141 nan 3.871880 0.000063 719.124720 0.034865
202.502778 2009 216.819029 10.028340 1143.859423 354.393528 -0.190446 0.061697 -51.988302 4.389536 -13.967119 4.826336 36.908384 5.263135 26.076839 nan 3.870791 0.000055 719.730648 0.030532
209.502778 2009 137.761872 2.239342 353.950210 20.788952 -0.033430 0.059133 -50.699213 2.892586 -7.611453 2.028558 29.416691 1.164531 49.897484 nan 3.871884 0.000062 719.122351 0.034365
216.502778 2009 113.167036 2.458528 398.975915 32.796301 0.860733 0.341544 -46.988200 4.217641 -6.838437 4.003997 34.036995 3.790354 25.635711 nan 3.871883 0.000061 719.122619 0.034107
230.502778 2009 102.907147 3.130968 689.915307 67.408384 1.830178 0.227049 -43.305759 2.796807 -4.024433 2.997950 36.914044 3.199094 52.287357 nan 3.871878 0.000061 719.125685 0.033803
293.502778 2009 95.409303 3.538602 970.131154 75.272424 0.024542 0.053675 -55.989503 7.421887 -0.609820 6.190868 42.802762 4.959850 67.731057 nan 3.871901 0.000059 719.112155 0.032874
300.502778 2009 118.844582 3.055803 500.730643 49.406366 -0.650212 0.144365 -60.255076 4.426830 -16.054862 4.567700 44.602380 4.708570 24.386074 nan 3.871909 0.000059 719.107755 0.032838
321.502778 2009 42.828694 1.288508 241.958938 16.067557 -0.959298 0.233223 -72.562472 4.233532 -22.276333 4.937572 50.116684 5.641612 50.085743 nan 3.871806 0.000061 719.165809 0.033734
328.502778 2009 43.540632 1.276689 234.388111 16.273749 -1.390554 0.214927 -66.766853 4.341368 -23.862508 4.087547 40.466270 3.833726 32.316986 nan 3.871727 0.000061 719.209587 0.034173
19.502778 2010 94.795129 2.757126 412.678730 45.355110 1.921384 0.244134 -47.027710 2.022764 -6.324189 2.514918 28.003856 3.007071 47.006123 nan 3.871769 0.000064 719.187116 0.035789
33.502778 2010 84.760359 2.161035 412.837332 26.649347 1.277918 0.316395 -43.421001 3.579664 -6.522457 3.554599 33.006011 3.529535 21.537186 nan 3.871763 0.000065 719.190305 0.036231
47.502778 2010 178.291305 4.352561 716.293283 69.803846 1.461472 0.383089 -38.947034 3.997647 2.512697 3.733488 37.737401 3.469328 23.233602 nan 3.871763 0.000066 719.190777 0.036720
68.502778 2010 106.900984 2.866715 475.369475 41.831104 0.005819 0.133673 -41.197601 3.830832 -5.975853 4.121780 41.946083 4.412728 18.411826 nan 3.871758 0.000067 719.193677 0.037349
75.502778 2010 70.008871 1.721516 303.858204 22.898812 -0.865559 0.171379 -43.383929 4.207281 12.532034 4.192098 45.911858 4.176915 9.260413 nan 3.871767 0.000068 719.188501 0.037641
89.502778 2010 125.969049 3.588969 515.597218 61.739708 -0.111573 0.360994 -55.381267 4.190621 -1.079204 4.434647 51.512148 4.678673 49.506977 nan 3.871768 0.000068 719.187949 0.037898
96.502778 2010 4143.094293 91.008671 16520.780479 757.547929 0.130929 0.019194 -57.188942 4.328362 -4.110224 4.928375 53.794869 5.528389 59.331902 nan 3.871768 0.000068 719.188373 0.037947
103.502778 2010 1760.652274 45.156618 6971.246181 946.874883 0.146585 0.012227 -58.581104 1.577277 -5.567414 2.744367 44.516864 3.911457 75.168789 nan 3.871775 0.000068 719.184342 0.038122
110.502778 2010 726.737072 7.344620 1568.859225 65.310137 0.111332 0.003030 -54.923144 2.051722 -4.424004 1.652322 39.550146 1.252922 70.939116 nan 3.875010 0.000068 717.384420 0.037871
117.512500 2010 202.609617 3.722418 557.292642 43.327945 0.120939 0.019891 -51.402874 2.199047 -9.470172 3.569687 48.683708 4.940328 50.696205 nan 3.871808 0.000068 719.166073 0.038085
124.502778 2010 1407.236279 25.348366 4313.008405 154.320014 0.143528 0.019690 -63.147468 2.066119 -14.507600 3.459828 38.178712 4.853538 69.285008 nan 3.871795 0.000068 719.173279 0.038025
131.502778 2010 937.159402 15.362108 2643.983148 61.331462 0.148467 0.013638 -62.243401 1.386670 -14.406284 2.371828 36.640430 3.356986 76.002469 nan 3.871801 0.000068 719.169743 0.038114
145.502778 2010 340.610915 12.141412 1304.119843 255.155255 0.086609 0.004657 -63.212270 1.876681 -18.284652 1.716996 24.612170 1.557312 52.278219 nan 3.871819 0.000068 719.159945 0.037919
152.502778 2010 1427.472977 22.908818 3908.758168 99.454651 0.147863 0.023771 -65.835601 1.271853 -22.010030 2.787636 32.776048 4.303418 65.151728 nan 3.871825 0.000068 719.156412 0.037793
159.502778 2010 723.494686 11.630554 2074.818565 46.993224 0.137194 0.009773 -62.997356 1.160253 -18.699775 1.598388 29.305356 2.036523 69.029279 nan 3.871832 0.000068 719.152585 0.037840
166.502778 2010 468.111248 7.077128 1135.221435 34.586922 0.133627 0.010116 -60.097613 1.211103 -19.145748 1.694314 31.076442 2.177525 64.098141 nan 3.871834 0.000068 719.151449 0.037746
173.502778 2010 258.690822 3.645537 644.685557 18.004782 0.122195 0.004308 -58.292446 1.385774 -17.925422 1.513011 30.197412 1.640247 60.876467 nan 3.871839 0.000067 719.148282 0.037521
208.502778 2010 320.278976 6.357158 1169.626723 73.362864 0.982139 0.382392 -47.181515 3.740065 -6.895712 3.334759 42.106609 2.929453 51.437254 nan 3.871855 0.000066 719.139000 0.036630
215.502778 2010 1186.228929 29.831088 5606.382667 452.932642 0.136704 0.002959 -44.392775 0.789841 -7.155443 1.056036 32.600932 1.322231 59.312463 nan 3.871851 0.000066 719.141470 0.036553
222.502778 2010 734.265316 14.169909 2369.856388 204.173972 0.130736 0.001652 -41.372779 0.605971 -5.223410 0.848755 32.550645 1.091539 58.908764 nan 3.871852 0.000065 719.141082 0.036370
229.502778 2010 319.334050 5.165525 974.937429 30.984175 0.118079 0.003366 -38.295744 0.876224 -3.550514 1.030680 31.999027 1.185136 55.525004 nan 3.871847 0.000065 719.143772 0.036112
236.502778 2010 461.817205 8.467242 1605.438533 83.248638 0.090742 0.021408 -39.582457 1.255631 -4.865499 2.432077 37.706171 3.608522 54.664540 nan 3.871853 0.000065 719.140143 0.035998
243.502778 2010 414.700491 6.267382 1195.024848 47.570687 0.140947 0.002433 -41.010315 0.621553 -0.752336 0.765699 41.821563 0.909844 69.956020 nan 3.871852 0.000065 719.140707 0.036015
250.502778 2010 210.154484 2.806265 504.396905 14.508395 0.122452 0.008860 -40.835735 0.702223 -1.602351 1.665972 41.172447 2.629721 66.681775 nan 3.871855 0.000064 719.139005 0.035890
257.502778 2010 169.429107 3.054860 525.534989 43.745078 0.121475 0.005821 -42.271975 2.058469 0.460974 1.804148 41.815452 1.549826 66.616016 nan 3.871853 0.000064 719.140060 0.035717
264.502778 2010 118.948394 3.233231 492.305094 57.138749 -2.094416 0.224672 -44.189351 1.287595 -2.999220 1.776255 43.287670 2.264914 63.969588 nan 3.871861 0.000064 719.135371 0.035693
285.502778 2010 447.095585 9.404139 1638.523844 88.460210 1.775980 0.436423 -53.188013 2.402098 -1.160665 1.810081 40.865998 1.218064 66.899396 nan 3.871866 0.000064 719.132823 0.035507
292.502778 2010 202.123398 6.183837 719.755240 89.245411 -0.033447 0.044073 -54.533178 4.149009 -6.171463 4.140236 40.348203 4.131463 49.304017 nan 3.871877 0.000064 719.126800 0.035562
299.502778 2010 542.239140 9.806061 1533.784142 126.259810 0.129719 0.009703 -61.824700 4.078510 -6.145579 3.496067 58.938502 2.913623 83.222911 nan 3.871881 0.000064 719.124600 0.035657
306.502778 2010 196.569959 3.231123 538.635874 21.545481 0.101872 0.002721 -54.729199 1.560846 -10.638893 1.369194 32.102487 1.177543 65.149527 nan 3.871896 0.000064 719.116090 0.035615
313.502778 2010 274.610240 7.411825 1233.583784 162.923178 0.068924 0.021463 -64.227414 2.044318 -14.151450 2.479125 37.331662 2.913932 55.556703 nan 3.871900 0.000064 719.114020 0.035600
320.502778 2010 228.130263 3.585767 617.875277 37.931165 0.136726 0.002611 -67.422734 1.508331 -13.489089 1.344089 41.165648 1.179846 82.785219 nan 3.871912 0.000064 719.107259 0.035793
327.502778 2010 112.442422 1.675032 310.575469 13.932624 0.116636 0.006221 -66.888974 3.236939 -14.728490 2.580320 37.542595 1.923700 68.793731 nan 3.871914 0.000065 719.106055 0.036010
341.502778 2010 23.651197 0.870498 201.989504 14.978894 0.838976 0.241238 -61.079537 5.358316 -13.607784 6.168101 46.618914 6.977886 28.608350 nan 3.871925 0.000065 719.099820 0.036185
348.502778 2010 132.101608 3.119726 499.859475 41.316621 -0.201550 0.077217 -59.408499 3.867773 -11.280676 4.186918 45.546257 4.506062 24.033797 nan 3.871935 0.000065 719.094351 0.036490
4.502778 2011 62.027572 2.012866 214.872923 28.979116 -3.667424 0.365079 -48.507276 1.720250 -16.667680 1.586963 26.320998 1.453676 44.014411 nan 3.871945 0.000066 719.089210 0.036936
11.502778 2011 163.267709 2.915757 583.577433 16.882518 0.049431 0.007805 -49.245983 3.190534 -13.310869 3.365693 29.197607 3.540852 16.362121 nan 3.871949 0.000067 719.087192 0.037244
32.502778 2011 29.301061 0.944417 153.497160 15.330050 1.314371 0.171846 -37.366040 2.888272 -0.989594 2.922350 29.868000 2.956428 36.425483 nan 3.870021 0.000069 720.162830 0.038596
39.502778 2011 405.485071 7.258531 1275.444499 68.886538 0.143721 0.020128 -38.628414 0.725904 -8.622808 2.307220 34.729562 3.888536 49.218299 nan 3.871717 0.000069 719.216569 0.038567
46.502778 2011 200.855103 3.432505 529.715503 30.516929 0.128605 0.017165 -36.358242 2.555700 -6.294652 3.372622 37.315182 4.189544 42.363669 nan 3.871713 0.000070 719.219021 0.038839
60.502778 2011 798.273773 18.703898 3529.698287 150.182019 2.646482 0.358881 -35.499895 2.882935 2.962289 2.764923 38.285002 2.646911 45.110682 nan 3.871713 0.000070 719.219492 0.039139
81.501945 2011 244.400210 3.528220 578.415135 24.750789 0.142584 0.013607 -50.968328 4.315759 3.560736 2.761236 45.691406 1.206713 65.623667 nan 3.871720 0.000071 719.215819 0.039735
88.501945 2011 198.293780 6.777210 709.912512 149.686317 0.059940 0.015504 -38.939722 2.436055 0.412246 2.242342 39.356585 2.048630 33.502772 nan 3.871721 0.000072 719.215260 0.039853
95.501945 2011 799.943677 14.435623 2314.408657 121.215835 0.164344 0.023995 -50.883159 3.727600 -8.326519 4.970224 42.872011 6.212848 56.336542 nan 3.871725 0.000072 719.212669 0.040091
102.501945 2011 742.921989 14.831366 2057.051276 168.805287 0.148752 0.012757 -58.751589 1.478717 -7.027933 2.757714 42.595247 4.036711 73.682899 nan 3.871735 0.000072 719.207477 0.040166
109.501945 2011 292.952567 4.744804 804.284455 38.482233 0.128070 0.008682 -56.918621 1.428926 -7.558441 1.883925 38.233603 2.338924 71.760565 nan 3.871742 0.000072 719.203520 0.040077
116.501945 2011 235.998024 7.712298 1012.812197 206.690929 0.071995 0.054115 -58.358116 4.339379 -9.696187 4.291485 37.892308 4.243591 62.662808 nan 3.871752 0.000072 719.197641 0.040107
123.501945 2011 1263.943729 21.172813 3672.234655 105.206927 0.137848 0.001907 -60.064446 1.229671 -10.938888 1.109257 40.287980 0.988843 82.640495 nan 3.871757 0.000072 719.195065 0.040259
130.501945 2011 583.072595 9.835912 1787.375471 69.870077 0.135027 0.009265 -59.503258 1.243305 -14.279723 1.659345 33.177890 2.075384 73.562231 nan 3.871765 0.000072 719.190452 0.040233
137.501945 2011 350.315012 5.089031 776.298142 26.181363 0.137805 0.010039 -62.044512 1.357540 -15.282356 1.818409 36.171886 2.279279 72.096570 nan 3.871774 0.000072 719.185416 0.040086
144.501945 2011 366.876308 19.402081 1787.743084 641.649686 0.074037 0.010842 -56.623274 1.489689 -17.761370 1.673549 31.733179 1.857410 48.210324 nan 3.871778 0.000072 719.183360 0.040090
151.501945 2011 1538.753221 27.085632 4342.072950 216.910334 0.088907 0.018372 -62.482910 1.308925 -19.590127 2.390391 34.994990 3.471857 61.837268 nan 3.871780 0.000072 719.182072 0.040184
158.501945 2011 664.317471 15.306801 1981.632237 282.681230 0.128626 0.002721 -63.752820 1.297113 -17.525460 1.416479 28.042192 1.535845 65.502449 nan 3.871791 0.000072 719.175884 0.040085
165.501945 2011 252.633706 3.763587 659.431624 35.527709 0.104456 0.013213 -56.499030 1.009328 -18.105787 1.640336 27.934052 2.271345 58.899102 nan 3.871795 0.000072 719.173985 0.039892
172.501945 2011 317.965488 6.780042 1206.968240 111.411335 0.127700 0.005518 -57.725216 2.540818 -14.647702 2.110360 30.765788 1.679903 58.551085 nan 3.871802 0.000072 719.169977 0.039867
179.501945 2011 325.174648 5.633509 1056.185861 45.110138 0.116433 0.018237 -53.838190 1.071543 -14.284427 1.294503 25.467195 1.517463 58.492933 nan 3.871805 0.000072 719.168525 0.039858
186.501945 2011 412.200296 8.568879 1233.276230 94.705353 0.126363 0.002369 -50.321076 1.080354 -12.914472 1.261498 24.194471 1.442642 54.109143 nan 3.871811 0.000071 719.164996 0.039645
193.501945 2011 319.916203 4.768953 918.074295 29.072542 0.149869 0.009785 -50.275226 0.992772 -11.560787 1.579188 29.092483 2.165604 56.030894 nan 3.871804 0.000071 719.168525 0.039375
200.501945 2011 389.206663 7.108598 1330.204875 86.680429 0.137527 0.002731 -44.524633 0.837522 -8.464918 1.104054 28.448005 1.370586 56.485993 nan 3.871808 0.000071 719.166271 0.039300
207.501945 2011 300.003511 4.835695 940.044445 39.313109 0.128696 0.004257 -42.559369 0.743442 -7.808482 1.376146 28.114333 2.008851 53.810656 nan 3.871801 0.000070 719.170430 0.039241
214.501945 2011 394.264357 17.909733 1482.612462 353.804902 0.005503 0.067324 -38.601520 1.762742 -2.924607 1.388415 30.322454 1.014089 52.201107 nan 3.871806 0.000070 719.167130 0.038980
221.501945 2011 559.127099 9.319643 1292.105656 106.247556 0.147474 0.009760 -38.596818 0.607220 -4.397538 1.531951 32.405293 2.456681 57.929060 nan 3.871802 0.000070 719.169800 0.038756
228.501945 2011 313.007156 4.657552 780.243464 39.272068 0.134696 0.001569 -36.212884 0.561266 -1.156050 0.716777 37.265518 0.872288 61.514460 nan 3.871804 0.000070 719.168195 0.038773
235.501945 2011 128.841732 1.853196 296.391532 15.647041 0.071649 0.029620 -38.749526 3.844849 1.729166 3.468951 39.464741 3.093054 48.435780 nan 3.871803 0.000070 719.169150 0.038775
242.501945 2011 55.396576 1.231565 155.148657 15.808502 -2.256613 0.476278 -36.198775 4.415325 23.349717 3.814109 38.336976 3.212893 12.133878 nan 3.871801 0.000069 719.169745 0.038561
249.501945 2011 415.944245 16.934463 1368.176797 296.950981 0.059503 0.008558 -42.523253 4.260813 3.017862 4.101193 42.577704 3.941573 33.056543 nan 3.871802 0.000069 719.169164 0.038428
256.501945 2011 1752.468044 33.599409 5764.582800 279.694103 0.130016 0.002258 -42.184725 1.060971 1.784625 0.993378 48.370696 0.925786 71.136363 nan 3.871810 0.000069 719.164789 0.038508
263.501945 2011 471.616956 12.256901 1763.132771 287.751527 0.112111 0.004722 -44.063472 1.824671 0.447485 1.579850 40.938910 1.335029 64.237625 nan 3.871806 0.000069 719.167321 0.038529
270.501945 2011 1080.184961 23.935822 4752.571785 366.726040 0.090520 0.013625 -49.037991 3.582759 -2.655658 3.693519 55.166068 3.804279 60.326729 nan 3.871815 0.000069 719.162227 0.038343
277.501945 2011 783.803481 13.810547 1950.473104 175.183426 0.134286 0.002518 -52.952517 1.493898 -2.046999 1.100249 46.841508 0.706601 79.860419 nan 3.871815 0.000069 719.162288 0.038249
284.501945 2011 255.854256 4.644151 723.774640 49.410775 0.112316 0.003538 -53.080586 1.464396 -4.142607 1.352776 37.629673 1.241156 68.741429 nan 3.871827 0.000069 719.155641 0.038377
291.501945 2011 71.607357 1.087997 177.874686 5.859067 -1.056112 0.136905 -41.393320 2.101423 -8.769918 2.016761 38.662593 1.932099 24.454548 nan 3.871830 0.000069 719.153933 0.038422
298.501945 2011 370.851669 9.738052 1673.516334 260.757209 -0.755408 0.145514 -53.537263 1.895304 -2.040968 2.650899 49.132999 3.406493 71.208780 nan 3.871846 0.000069 719.144908 0.038289
305.501945 2011 458.504142 10.986813 1779.249878 145.013661 0.048621 0.044698 -60.800267 3.493777 -9.597112 2.971715 34.184626 2.449653 65.541179 nan 3.871849 0.000069 719.143057 0.038299
312.501945 2011 207.240282 3.437652 569.047913 37.669993 0.116529 0.002431 -60.399102 1.517679 -13.476220 1.390238 30.457035 1.262796 70.027731 nan 3.871857 0.000069 719.138674 0.038534
326.501945 2011 49.308924 0.964101 148.803770 9.884135 1.134408 0.200297 -60.755564 3.967408 -4.708708 4.414645 59.271968 4.861883 64.646989 nan 3.871872 0.000069 719.130292 0.038688
333.501945 2011 147.168926 3.187959 556.873335 38.426803 0.041245 0.012771 -59.584008 4.154874 -14.676708 4.376091 48.096750 4.597308 31.615904 nan 3.871881 0.000070 719.125802 0.038830
10.501945 2012 71.637522 1.512830 307.777978 9.155048 0.018727 0.006878 -43.563156 3.337265 -9.759626 3.437606 31.552351 3.537946 7.715073 nan 3.871900 0.000072 719.115384 0.040126
17.501945 2012 65.357748 1.575048 291.098868 17.803212 -0.320042 0.078489 -39.102247 2.958040 -9.933303 2.903631 26.326096 2.849222 17.915689 nan 3.871895 0.000072 719.118272 0.040201
24.501945 2012 762.273556 16.786277 2833.505296 294.523713 0.102264 0.020159 -40.595244 2.550559 -5.307416 2.616295 31.373383 2.682032 42.607732 nan 3.871897 0.000073 719.117411 0.040458
31.501945 2012 327.634395 5.434526 883.760086 51.398994 0.130693 0.009258 -34.429354 0.649115 -4.315082 1.484192 33.291323 2.319269 50.604053 nan 3.871889 0.000073 719.121858 0.040843
38.501945 2012 276.108860 4.578058 870.772644 39.354174 0.140195 0.009599 -37.541421 0.738592 -2.680075 1.658669 39.449761 2.578747 55.886982 nan 3.871890 0.000074 719.121258 0.041072
45.501945 2012 715.763230 16.180700 3038.433644 198.994853 0.130929 0.010535 -37.985505 2.714927 1.016998 1.850397 38.144752 0.985867 53.933214 nan 3.871888 0.000074 719.122617 0.041221
52.501945 2012 607.024777 11.175668 1718.971005 109.118656 0.133680 0.008937 -38.555556 2.440499 2.524014 1.677024 40.321690 0.913550 59.311566 nan 3.871888 0.000075 719.122375 0.041547
59.501945 2012 672.032600 15.696463 2141.431088 276.206812 0.154660 0.015727 -43.139520 4.400811 5.837356 2.622245 40.214435 0.843679 56.665049 nan 3.871885 0.000075 719.124541 0.041928
66.501945 2012 1272.239217 34.464547 4730.540262 627.847235 0.189059 0.072096 -45.007340 3.264177 2.009124 3.113455 41.763584 2.962734 59.156783 nan 3.871887 0.000076 719.123402 0.042101
73.501945 2012 1667.530619 36.967193 7127.549021 762.832667 0.147696 0.012495 -51.968315 3.995336 3.892736 2.471232 47.753501 0.947129 65.759620 nan 3.871887 0.000076 719.123179 0.042183
80.501945 2012 1596.943730 29.754435 5092.033297 228.184085 0.155413 0.016065 -50.668099 5.001291 4.769701 2.901047 42.314313 0.800803 63.694351 nan 3.871893 0.000076 719.120180 0.042454
87.501945 2012 798.436824 15.894158 2584.297969 178.793268 0.124716 0.003217 -54.531236 1.585442 -1.355044 1.211288 47.421208 0.837133 72.833610 nan 3.871895 0.000077 719.118981 0.042706
94.501945 2012 669.421825 16.604117 1981.081771 282.756523 0.139194 0.013239 -52.064330 4.248435 -0.190173 2.574204 40.682305 0.899973 66.697917 nan 3.871910 0.000077 719.110998 0.042735
101.501945 2012 634.027194 12.943721 1915.370737 169.772216 0.125185 0.003316 -54.479965 1.489933 -5.695624 1.313863 43.691821 1.137792 74.681043 nan 3.871909 0.000077 719.111269 0.042722
109.501945 2012 357.428142 5.165275 1207.828113 57.329069 0.139959 0.015047 -54.152160 1.665592 -8.960164 2.817756 38.519742 3.969921 70.961409 nan 3.874621 0.000081 717.603581 0.044866
116.501945 2012 1989.842052 50.060348 10856.300120 527.457322 0.127441 0.003365 -65.570200 1.637920 -10.946794 1.541339 39.883291 1.444758 74.430247 nan 3.872022 0.000074 719.047588 0.041077
129.501945 2012 960.885867 18.425112 3202.274378 157.984250 0.127414 0.010707 -59.184078 1.670962 -13.811181 2.029834 41.540042 2.388706 65.407704 nan 3.871726 0.000079 719.214065 0.044124
136.501945 2012 632.677341 10.279493 1770.295768 73.126223 0.127910 0.002133 -59.350755 1.177220 -15.042274 1.382426 34.023082 1.587632 69.722073 nan 3.871737 0.000079 719.207754 0.044271
143.501945 2012 589.195532 11.972115 1658.241351 149.569900 0.129707 0.002492 -60.639028 1.148811 -15.917501 1.349762 32.423176 1.550713 67.649805 nan 3.871741 0.000080 719.205541 0.044362
164.501945 2012 908.552894 17.605390 2598.835849 202.795888 0.130427 0.002179 -53.933366 0.969152 -15.065093 1.236060 26.587780 1.502967 58.265996 nan 3.871761 0.000079 719.194689 0.044232
171.501945 2012 1235.133504 26.246010 4212.825635 392.574846 0.132228 0.003523 -51.200548 1.005046 -13.609522 1.241507 24.501597 1.477968 56.056078 nan 3.871762 0.000079 719.194021 0.044185
178.501945 2012 391.506648 7.387504 1372.587792 80.927463 0.123404 0.002490 -49.339253 1.073105 -12.655950 1.260370 22.702675 1.447634 52.220670 nan 3.871441 0.000075 719.371650 0.041833
192.501945 2012 1602.605307 31.396581 5239.833963 304.355682 0.127906 0.002662 -42.110671 0.878056 -8.106908 1.050130 25.186361 1.222205 51.249044 nan 3.871761 0.000079 719.194124 0.043770
199.501945 2012 3279.400691 73.670849 14995.020486 811.226908 0.122761 0.004334 -38.295934 0.902692 -6.308639 1.105114 27.681257 1.307536 49.667539 nan 3.871764 0.000078 719.192404 0.043653
206.501945 2012 1692.210245 34.370460 7146.849217 307.603270 0.137100 0.002035 -36.612962 0.704898 -3.760849 0.807975 30.596210 0.911051 55.408217 nan 3.871760 0.000078 719.194465 0.043381
213.501945 2012 815.664142 15.853276 3230.084875 177.727811 0.125826 0.002064 -33.749482 0.609768 -2.102918 0.746516 30.088021 0.883263 53.337887 nan 3.871762 0.000078 719.193291 0.043243
220.501945 2012 393.584913 6.413021 1061.209618 53.388223 0.123422 0.001907 -32.411824 0.541883 -0.345418 0.611941 33.370308 0.682000 54.542111 nan 3.871759 0.000078 719.195198 0.043318
234.501945 2012 367.341975 5.685921 1057.171086 37.387601 0.132073 0.001576 -35.826195 0.659848 1.720181 0.612780 38.407915 0.565712 63.187842 nan 3.871759 0.000077 719.195263 0.043033
241.501945 2012 238.731019 3.599456 667.628489 36.547593 0.132691 0.003509 -38.817596 1.224015 2.262781 1.035315 40.671119 0.846614 66.289129 nan 3.871760 0.000077 719.194517 0.042968
248.501945 2012 916.139625 22.557887 3618.742080 393.364460 0.079976 0.020472 -35.263911 2.579191 2.983590 1.887773 36.338268 1.196356 54.400174 nan 3.871758 0.000077 719.195611 0.043071
255.501945 2012 492.494324 8.059270 1207.524172 54.479596 0.123533 0.001658 -40.585201 1.118405 1.782089 0.762367 39.336351 0.406329 67.803415 nan 3.871765 0.000077 719.192004 0.042995
262.501945 2012 392.309090 8.214881 1129.414779 134.447743 0.129398 0.001721 -43.518316 1.335616 1.234747 0.868720 43.452285 0.401823 72.938809 nan 3.871765 0.000077 719.191469 0.042807
269.501945 2012 147.725190 1.888398 313.479097 17.317258 -0.055509 0.076268 -45.003297 2.852213 -0.912010 2.907719 39.184901 2.963225 55.245509 nan 3.872546 0.000077 718.756484 0.043053
276.501945 2012 374.990885 10.476595 1714.254095 346.163693 0.777315 0.368191 -45.017912 1.625242 -1.467342 1.173836 36.812742 0.722430 66.220763 nan 3.871775 0.000077 719.186143 0.042889
283.501945 2012 3069.168079 75.614192 13801.702864 1257.374717 0.122033 0.003473 -58.503151 1.688059 -4.711754 1.421555 39.606222 1.155051 72.642259 nan 3.872245 0.000078 718.924839 0.043621
290.501945 2012 2333.442168 49.789535 9406.394158 686.570635 0.134802 0.001965 -58.519010 1.564861 -6.801220 1.202651 39.265474 0.840441 79.600122 nan 3.871791 0.000077 719.176890 0.042705
304.501945 2012 709.495353 14.395769 2709.895603 134.002018 0.106485 0.003699 -61.410121 1.622987 -11.945244 1.601790 34.175439 1.580593 62.863181 nan 3.871812 0.000077 719.165475 0.042978
311.501945 2012 315.433604 5.057250 788.966479 37.918893 0.123378 0.004310 -60.810799 1.476234 -12.898029 1.578865 35.741264 1.681496 69.702094 nan 3.871826 0.000077 719.157927 0.043025
339.501945 2012 93.753895 1.503306 269.508187 6.253387 0.060969 0.006453 -48.286738 1.665568 -17.787803 1.883137 18.579508 2.100705 30.533310 nan 3.871850 0.000078 719.144408 0.043655
15.501945 2013 278.549830 5.673539 975.068531 55.192935 0.581449 0.323090 -38.348052 2.997766 -8.282470 3.347422 23.932812 3.697078 30.390597 nan 3.871870 0.000081 719.134163 0.044979
22.501945 2013 158.083438 3.045577 585.497947 29.691338 0.089864 0.017321 -32.797534 2.781773 -3.357781 3.078966 31.120643 3.376160 36.547708 nan 3.871588 0.000079 719.291105 0.044176
29.501945 2013 281.029165 5.992126 973.350493 90.004083 0.146557 0.015067 -32.731681 0.802271 -3.365350 2.204141 32.767008 3.606011 48.075954 nan 3.872526 0.000085 718.769720 0.047203
36.501945 2013 99.824072 2.257963 385.060443 34.542223 -0.249176 0.086594 -34.720864 3.431114 -0.560344 3.341736 34.949255 3.252359 30.724367 nan 3.870972 0.000082 719.634831 0.045481
50.501945 2013 112.044882 2.664125 519.477945 33.556472 0.008196 0.013868 -37.255883 3.422054 3.935556 3.301064 40.568688 3.180075 17.750792 nan 3.871784 0.000084 719.182933 0.046965
57.501945 2013 348.098033 12.291650 1429.846438 298.515105 -0.046966 0.030998 -45.603025 3.895735 2.961302 3.827731 39.265909 3.759727 18.753651 nan 3.871785 0.000085 719.182308 0.047393
64.501945 2013 446.270013 7.538989 1336.634022 61.892451 0.156339 0.016342 -41.842445 4.381202 7.115893 2.413981 41.183075 0.446759 60.149551 nan 3.871787 0.000085 719.181211 0.047516
71.501945 2013 176.140306 2.727470 482.346285 19.062292 0.100997 0.004864 -41.863942 1.554383 1.375110 1.572696 37.892050 1.591010 56.708369 nan 3.871789 0.000086 719.180542 0.047682
78.501945 2013 1340.452772 31.227614 5786.914223 731.226655 0.116243 0.021432 -48.306294 4.672377 6.708554 2.675767 41.587020 0.679156 62.071943 nan 3.871794 0.000086 719.177579 0.047923
85.501945 2013 1023.913588 21.634294 3356.520777 363.268307 0.134138 0.009335 -50.509312 1.408991 -3.148083 2.117040 43.412061 2.825089 69.350151 nan 3.871802 0.000086 719.173201 0.048151
92.501945 2013 807.427731 16.129084 2395.967926 205.604735 0.137916 0.009690 -50.732343 1.365546 -4.845205 2.139967 40.934874 2.914387 71.783089 nan 3.871810 0.000086 719.169144 0.048196
99.501945 2013 263.494452 4.610816 824.776205 26.446476 0.100501 0.002410 -45.833987 1.415660 -6.454762 1.354854 35.665189 1.294048 59.598584 nan 3.871816 0.000087 719.165503 0.048251
106.501945 2013 120.166167 2.267566 436.919468 18.960659 0.064489 0.002587 -42.012239 1.467599 -9.217788 1.512200 26.133087 1.556800 38.800070 nan 3.871825 0.000087 719.160457 0.048403
113.501945 2013 428.326674 11.114653 2345.042151 107.853300 0.066733 0.020215 -56.019825 2.412817 -11.578652 2.405274 34.736381 2.397731 49.251945 nan 3.871837 0.000087 719.154256 0.048565
120.501945 2013 1007.595609 24.762652 3440.070080 446.157487 0.131009 0.004239 -57.797384 1.485934 -11.220033 1.495078 41.774238 1.504222 71.830178 nan 3.871846 0.000087 719.148789 0.048581
127.501945 2013 588.902630 10.515522 1858.633524 110.241235 0.125539 0.001904 -54.978990 1.109370 -13.296545 1.268861 34.079819 1.428353 67.529895 nan 3.871853 0.000087 719.145301 0.048641
141.501945 2013 628.006287 13.369623 1780.737032 183.682682 0.123173 0.002994 -57.179843 1.099489 -14.844228 1.466218 32.016902 1.832948 61.081669 nan 3.871870 0.000088 719.135529 0.048789
148.501945 2013 1284.168265 23.204007 3823.702390 197.354757 0.132845 0.004314 -54.835149 1.353127 -13.618895 1.538344 29.140592 1.723561 60.925607 nan 3.871875 0.000087 719.132883 0.048722
155.501945 2013 1464.579815 32.245466 4823.997167 554.466365 0.131096 0.003367 -55.443483 1.173055 -13.240453 1.352522 29.525035 1.531988 57.552112 nan 3.871877 0.000087 719.131847 0.048635
162.501945 2013 1143.360174 22.900549 4053.744167 271.508313 0.125951 0.002137 -51.196423 1.004490 -12.494336 1.191634 25.884100 1.378778 53.583382 nan 3.871818 0.000086 719.164189 0.048188
169.501945 2013 506.362542 9.716373 1719.448801 67.743663 0.104187 0.003415 -43.225860 0.936683 -11.933424 1.057566 18.329325 1.178449 43.428566 nan 3.871883 0.000087 719.128482 0.048616
176.501945 2013 1200.474017 35.386269 3802.689279 655.411763 0.095494 0.014940 -43.441809 1.006528 -11.178612 1.690251 25.171217 2.373975 44.721568 nan 3.871881 0.000087 719.129287 0.048431
183.501945 2013 1450.490195 33.127045 6453.142560 570.792577 0.128872 0.003858 -39.120540 1.053665 -6.966779 1.100717 25.920716 1.147768 49.670094 nan 3.871878 0.000087 719.130981 0.048354
190.501945 2013 1602.420483 34.338097 5935.599558 691.408755 0.126948 0.002305 -36.631578 0.890767 -4.785353 0.894422 26.106684 0.898077 49.309942 nan 3.871877 0.000086 719.131620 0.048062
197.501945 2013 1635.705178 31.349666 5507.132959 319.372147 0.130635 0.003166 -33.398516 0.718394 -2.400659 0.894365 31.546205 1.070337 51.181202 nan 3.871758 0.000087 719.197773 0.048579
204.501945 2013 777.487313 13.140975 2163.277429 129.788782 0.133253 0.001800 -32.551340 0.586181 -0.350384 0.600874 31.489387 0.615566 53.630298 nan 3.871664 0.000088 719.250635 0.048863
218.501945 2013 528.624145 11.692840 2029.891422 172.259796 0.129192 0.004510 -33.130994 1.197147 2.323497 1.132780 37.007196 1.068413 56.102556 nan 3.873418 0.000089 718.274534 0.049787
225.501945 2013 463.570318 9.290585 1282.558879 100.537046 0.092043 0.013158 -31.938829 2.280389 1.861230 2.708488 42.150994 3.136588 48.484166 nan 3.871661 0.000087 719.251945 0.048684
232.501945 2013 559.805155 9.085991 1612.426730 71.783363 0.135161 0.001970 -35.454318 0.960659 3.521661 0.795127 41.145360 0.629595 64.680771 nan 3.871661 0.000087 719.252405 0.048671
239.501945 2013 601.823102 11.418619 1839.950856 94.557094 0.123481 0.002436 -36.168454 1.175900 4.004179 0.969037 40.118423 0.762174 62.882525 nan 3.871660 0.000087 719.252729 0.048675
246.501945 2013 368.866364 6.402639 1081.650625 59.951494 0.127443 0.001235 -37.937427 1.255123 3.708048 0.777210 39.885150 0.299297 67.335125 nan 3.871666 0.000087 719.249267 0.048632
253.501945 2013 136.286579 1.968244 359.500414 15.062368 0.116330 0.003095 -41.887462 1.565497 2.724090 1.287405 41.463808 1.009313 64.247755 nan 3.871672 0.000087 719.245923 0.048607
260.501945 2013 157.851832 3.220705 540.591313 44.817035 0.123790 0.006886 -49.687968 3.026050 1.526288 2.923881 44.269825 2.821712 68.706404 nan 3.871675 0.000087 719.244393 0.048465
281.501945 2013 518.497077 10.955392 1382.435945 174.658481 0.122994 0.004151 -56.660258 1.713818 -4.462869 1.636674 43.852416 1.559530 71.597213 nan 3.871703 0.000087 719.228659 0.048583
288.501945 2013 591.442552 12.492096 1820.059003 154.261326 0.126671 0.002183 -55.304533 1.335162 -6.778668 1.189681 37.259604 1.044200 73.070892 nan 3.871712 0.000087 719.223488 0.048613
295.501945 2013 220.802318 3.282363 594.623837 18.302276 0.113911 0.002105 -54.503746 1.342829 -9.186315 1.320476 35.586728 1.298122 65.629871 nan 3.871721 0.000087 719.218996 0.048745
302.501945 2013 220.688033 4.530090 662.228579 56.132701 0.101820 0.004251 -54.624272 2.296212 -10.527692 1.986039 30.717666 1.675865 57.673456 nan 3.871731 0.000088 719.213506 0.048945
309.501945 2013 211.566175 7.044593 694.816824 102.306353 0.043335 0.010004 -54.439614 4.265848 -11.422499 4.344324 32.716968 4.422799 26.291674 nan 3.871742 0.000088 719.207339 0.049106
316.501945 2013 593.403424 12.574677 1861.491741 164.865446 0.122401 0.003255 -52.860579 0.897719 -13.491343 1.282270 29.852163 1.666821 63.274638 nan 3.871747 0.000088 719.204324 0.049256
337.501945 2013 100.322423 2.283663 411.087283 26.458008 -0.035575 0.029269 -48.158977 3.297645 -15.134838 3.546790 41.974309 3.795936 18.101844 nan 3.871761 0.000090 719.196755 0.049936
344.501945 2013 281.535519 7.301796 930.326100 100.332171 0.080150 0.012008 -47.769013 2.428375 -12.324309 2.766259 25.834660 3.104143 37.730694 nan 3.871761 0.000090 719.197264 0.050109
351.501945 2013 161.930182 4.714440 670.810398 84.309427 -0.835930 0.166980 -42.068647 2.515566 -5.352773 2.853414 37.313190 3.191262 28.710162 nan 3.871760 0.000090 719.197815 0.050390
358.501945 2013 53.528796 1.457677 285.889535 18.565929 -0.956971 0.186899 -39.609771 2.469268 -5.246521 2.862923 27.889576 3.256578 23.429829 nan 3.871760 0.000091 719.198081 0.050709
7.501945 2014 125.719915 2.304011 448.184281 19.539020 0.042709 0.004903 -33.197447 2.614890 -4.213118 2.735023 28.049977 2.855156 16.274532 nan 3.871752 0.000092 719.202742 0.051078
35.501945 2014 187.609548 3.786237 358.720943 37.482995 -1.816849 0.247798 -32.026479 3.507925 19.098655 3.342854 34.779582 3.177783 2.749509 nan 3.873259 0.000091 718.363426 0.050786
42.501945 2014 436.116234 7.354754 1293.393832 74.333502 0.197261 0.023648 -34.030706 5.235556 13.483032 3.017373 41.485477 0.799189 45.458872 nan 3.871736 0.000095 719.212287 0.052776
49.524167 2014 998.490609 20.511554 4668.751656 424.100775 0.101914 0.027221 -37.140562 2.526448 6.386067 1.726344 39.406534 0.926240 54.540707 nan 3.870449 0.000098 719.930902 0.054474
56.501945 2014 667.262223 13.565898 2422.351720 175.299710 0.123208 0.008812 -36.707641 2.124282 5.705516 1.360282 39.229039 0.596282 57.496687 nan 3.871737 0.000095 719.211781 0.053055
63.501945 2014 214.552748 3.621140 546.846360 25.899739 0.155065 0.013919 -43.093212 3.597415 6.692828 2.108514 43.915049 0.619614 64.698827 nan 3.871742 0.000096 719.209061 0.053518
84.501945 2014 71.574935 1.689376 318.255593 18.564074 -0.066759 0.028029 -46.481666 4.210288 4.134370 4.092704 41.901090 3.975120 11.409974 nan 3.871763 0.000097 719.198081 0.054246
91.501945 2014 56.432983 1.755508 257.221274 24.139286 -0.481078 0.091205 -46.017456 4.136718 2.327751 4.061650 41.915424 3.986582 27.580931 nan 3.871772 0.000098 719.193270 0.054365
98.501945 2014 207.733696 10.878080 845.587473 238.357550 -0.045750 0.030354 -50.046959 4.396895 -5.954616 4.443593 39.134024 4.490290 15.633883 nan 3.871780 0.000098 719.188523 0.054668
105.501945 2014 468.075679 10.462545 1201.650928 134.807254 0.118667 0.002223 -51.193341 1.311694 -7.893264 1.332959 37.687752 1.354224 66.773529 nan 3.871793 0.000098 719.181766 0.054866
112.501945 2014 391.724660 7.910990 1139.791875 96.472350 0.127906 0.002139 -51.896633 1.030394 -9.853156 1.254908 38.908348 1.479422 69.981649 nan 3.871802 0.000099 719.176587 0.054938
119.501945 2014 421.753138 10.189323 1439.675551 140.073873 0.081465 0.029758 -53.272228 1.031482 -14.003985 2.288239 35.806910 3.544996 61.045791 nan 3.871809 0.000099 719.172549 0.055118
140.501945 2014 146.117464 5.358586 592.780871 138.790169 -2.167096 0.378238 -48.577633 1.453999 -24.654922 2.693774 29.987263 3.933548 23.138179 nan 3.871833 0.000099 719.159446 0.055342
168.501945 2014 153.619866 4.125737 729.485750 72.256687 1.834469 0.329360 -38.731260 3.373574 2.550917 2.887798 27.248138 2.402023 14.321304 nan 3.871839 0.000099 719.156334 0.055128
203.501945 2014 6.961561 0.356428 75.174858 4.461312 0.242937 0.005959 -17.656266 0.688463 2.167444 0.673889 24.051920 0.659314 38.270494 nan 3.871818 0.000098 719.167507 0.054813
210.501945 2014 37.610629 1.438078 192.388648 24.161360 -1.779310 0.225486 -33.166285 3.103144 -14.229821 3.073549 33.718238 3.043954 7.681318 nan 3.871816 0.000098 719.168558 0.054740
217.501945 2014 178.624359 3.699497 762.792865 29.545967 0.048711 0.006703 -30.225245 3.318991 5.441089 3.203757 39.791012 3.088524 22.721291 nan 3.871816 0.000098 719.168718 0.054561
224.501945 2014 111.564770 2.499378 471.987884 27.856128 0.018714 0.007509 -31.846956 3.456651 5.849092 3.338783 40.589564 3.220916 14.231390 nan 3.871816 0.000098 719.168766 0.054502
252.501945 2014 363.236601 7.631807 1028.102622 107.096384 0.117278 0.003028 -44.074059 1.540763 2.086777 1.453003 42.569195 1.365242 64.457168 nan 3.871833 0.000097 719.158799 0.054231
259.501945 2014 383.697352 9.055323 1690.678651 146.144959 -0.582541 0.207586 -48.700807 2.305509 -7.559186 3.183398 41.459800 4.061287 55.118393 nan 3.871840 0.000097 719.154829 0.054227
266.501945 2014 579.008521 12.192310 1942.958230 143.184146 0.123529 0.002768 -47.911050 1.689582 0.036012 1.276493 43.892297 0.863403 70.338133 nan 3.871851 0.000097 719.148746 0.054223
273.501945 2014 624.491940 10.897071 2064.222326 47.212735 0.120109 0.002515 -51.119102 1.579798 -2.219043 1.325949 40.450005 1.072099 68.947575 nan 3.871864 0.000097 719.141804 0.054180
280.501945 2014 381.034240 7.047936 1192.523426 68.931809 0.115198 0.002764 -52.798176 1.531679 -4.180172 1.382146 38.718086 1.232612 65.884087 nan 3.871873 0.000097 719.136739 0.054214
308.501945 2014 638.374743 14.181148 2001.454747 205.781973 0.115558 0.003561 -49.050744 1.036155 -10.905910 1.253821 35.223246 1.471486 59.875338 nan 3.871704 0.000096 719.230534 0.053689
315.501945 2014 529.162533 12.423136 1672.088054 225.200717 0.118748 0.003196 -46.908403 0.795369 -11.788027 1.074460 29.130709 1.353552 58.895697 nan 3.871707 0.000097 719.229000 0.053817
322.501945 2014 714.146302 12.746224 2220.055311 88.303443 0.125385 0.002628 -48.170298 0.633465 -11.766904 0.989125 31.128585 1.344784 58.445158 nan 3.871710 0.000097 719.227271 0.054036
329.501945 2014 278.117786 4.869810 859.693273 45.907763 0.117616 0.002136 -44.376680 0.790257 -11.457396 1.002740 25.776635 1.215223 52.809450 nan 3.871714 0.000097 719.225253 0.054149
336.501945 2014 302.593802 5.806734 967.355795 76.699573 0.117972 0.004381 -43.784460 0.914919 -10.743756 1.235557 28.810499 1.556196 50.096193 nan 3.871713 0.000097 719.225611 0.054312
343.501945 2014 1075.154632 18.471578 3200.008456 110.262499 0.136583 0.009745 -40.150602 0.953686 -8.843901 1.346554 35.223136 1.739422 50.247414 nan 3.871710 0.000098 719.227777 0.054475
350.613056 2014 732.105389 8.844257 1729.011580 72.751622 0.123415 0.002548 -35.827240 0.853557 -6.637406 1.019804 25.564121 1.186052 48.618922 nan 3.870619 0.000084 719.832468 0.046705
357.501945 2014 606.743531 12.674265 1998.768928 149.959167 0.112576 0.003097 -33.450906 0.840052 -4.390536 0.975580 27.082736 1.111108 43.755106 nan 3.871707 0.000099 719.229620 0.055043
6.501945 2015 1002.711649 22.103116 4146.735929 363.144867 0.131804 0.013582 -28.174774 1.992459 0.030714 2.118760 30.015157 2.245061 39.944111 nan 3.871695 0.000100 719.236396 0.055704
13.501945 2015 255.307418 4.399147 614.251916 40.272843 0.133467 0.008701 -30.518730 1.878912 3.348120 1.315316 33.978686 0.751719 47.509218 nan 3.871692 0.000100 719.238273 0.055986
20.501945 2015 134.396321 2.449735 399.668366 33.767990 -0.246523 0.111152 -28.760187 2.056539 0.155758 2.872682 34.445765 3.688825 33.658785 nan 3.871689 0.000101 719.240067 0.056198
27.501945 2015 275.845885 4.988556 894.599032 42.650258 0.118902 0.001476 -29.719217 0.918421 5.762003 0.737989 35.938511 0.557558 51.598957 nan 3.871686 0.000101 719.242246 0.056416
34.501945 2015 757.550815 12.778947 2160.862133 85.021718 0.144973 0.012461 -33.116998 2.543537 8.563589 1.603538 41.237835 0.663539 53.894043 nan 3.871682 0.000102 719.244246 0.056896
41.501945 2015 265.148121 5.056112 718.747673 58.922476 0.113706 0.002838 -34.538820 1.179001 7.281850 0.897314 40.859886 0.615628 54.509334 nan 3.871683 0.000103 719.243870 0.057264
48.501945 2015 390.022076 9.468770 1498.223641 139.252499 0.100020 0.004917 -33.713458 1.751449 7.307103 1.461425 41.967945 1.171400 50.562332 nan 3.871688 0.000103 719.241293 0.057611
55.501945 2015 477.071888 10.778277 1352.697376 156.243680 0.118506 0.003255 nan nan nan nan nan nan nan nan nan nan nan nan
62.513056 2015 755.085626 19.368389 3886.527702 318.192600 0.137614 0.014914 -38.851409 3.628558 6.375473 2.302489 44.488255 0.976419 62.829778 nan 3.873192 0.000089 718.400097 0.049713
69.501945 2015 509.656470 9.076276 1388.860197 87.571081 0.125078 0.002428 -40.908920 1.471518 3.369864 1.188240 45.589668 0.904962 68.523652 nan 3.871701 0.000104 719.234758 0.058162
76.501945 2015 2076.000595 56.404247 13334.765987 701.721212 0.106767 0.011747 -46.486957 1.897296 -1.255548 2.703981 46.677773 3.510666 63.601840 nan 3.871710 0.000105 719.229676 0.058423
83.501945 2015 2342.438970 49.254143 9158.758449 736.937274 0.137361 0.009607 -44.564973 2.925076 0.192675 2.080162 46.646969 1.235248 69.576380 nan 3.871720 0.000105 719.224405 0.058609
90.500556 2015 818.800015 14.211186 2798.870291 120.761335 0.112800 0.001792 -44.797264 1.280290 -2.871514 1.306183 40.810649 1.332076 64.190685 nan 3.872151 0.000104 718.983619 0.058032
104.501945 2015 1420.409175 34.589310 5352.017616 662.962629 0.107958 0.010458 -48.482508 1.154183 -7.881690 1.656463 37.165839 2.158742 62.868311 nan 3.871750 0.000106 719.207843 0.059264
111.501945 2015 1428.525270 27.182677 4805.993221 341.100552 0.130787 0.002941 -49.464589 0.994689 -8.549236 1.209299 36.393224 1.423910 68.638372 nan 3.871761 0.000107 719.202165 0.059562
118.501945 2015 529.717397 9.860376 1772.538579 84.400535 0.111287 0.002984 -48.239915 1.008773 -10.573411 1.315739 33.968404 1.622705 57.640385 nan 3.871769 0.000107 719.197469 0.059784
125.501945 2015 430.700221 8.554709 1379.446859 117.981272 0.119520 0.002252 -47.927038 1.025441 -10.492080 1.240496 31.839328 1.455552 59.176372 nan 3.871775 0.000108 719.194252 0.059973
132.501945 2015 1015.573337 22.244682 3855.427349 346.033695 0.116381 0.004064 -47.876770 1.345326 -10.533286 1.468012 30.727727 1.590698 54.620477 nan 3.871781 0.000108 719.191198 0.060079
139.501945 2015 626.170303 12.033771 1829.254320 151.743384 0.126054 0.002176 -47.223981 0.799825 -10.414870 1.054493 27.035072 1.309161 55.746068 nan 3.871786 0.000108 719.188590 0.060136
146.501945 2015 145.221108 2.391559 425.019164 17.156059 0.095389 0.003787 -41.161646 0.979580 -10.059174 1.179780 20.354776 1.379980 41.816626 nan 3.871787 0.000108 719.187984 0.060164
153.501945 2015 91.802445 1.337046 209.125530 7.716930 0.062406 0.007809 -39.358802 1.727607 -9.316010 1.765030 21.803009 1.802452 26.284683 nan 3.871787 0.000108 719.187664 0.060150
160.501945 2015 786.394872 15.423122 2804.561130 126.539107 0.067623 0.029647 -36.225151 1.219300 -7.870505 2.013820 25.017674 2.808339 41.622136 nan 3.871784 0.000108 719.189534 0.060092
167.501945 2015 737.586323 13.759304 2170.143432 142.152541 0.129406 0.002101 -33.965659 0.778448 -4.054908 0.816816 26.270536 0.855184 48.676057 nan 3.871782 0.000108 719.190461 0.059996
174.501945 2015 1778.000957 43.442709 10538.511050 864.349757 0.131062 0.004112 -32.915747 0.942668 -1.396694 0.918479 29.516909 0.894291 48.426129 nan 3.871777 0.000108 719.193392 0.059927
181.501945 2015 1128.309819 20.404705 4041.783577 157.219488 0.133734 0.001263 -30.752475 0.585499 0.145017 0.589962 30.214112 0.594425 49.828898 nan 3.871772 0.000107 719.196085 0.059835
188.501945 2015 689.083777 14.952975 1910.776525 236.559299 0.123224 0.002311 -27.235673 0.675547 2.340227 0.694759 31.766240 0.713970 47.180132 nan 3.871768 0.000107 719.198137 0.059770
195.501945 2015 1078.817368 22.513665 3034.700555 367.233716 0.133463 0.001729 -30.037871 0.788182 3.933586 0.737147 35.739673 0.686113 52.136738 nan 3.871765 0.000107 719.199995 0.059682
202.501945 2015 729.424585 17.420060 2057.307717 240.321491 0.120343 0.002644 -26.073190 0.921428 5.716543 0.855164 37.552654 0.788900 49.910899 nan 3.871761 0.000107 719.202007 0.059620
209.501945 2015 449.474779 6.908253 1202.996810 45.398869 0.128318 0.002009 -27.171212 0.967598 7.235609 0.860384 40.863173 0.753171 55.140566 nan 3.871757 0.000107 719.204310 0.059614
216.501945 2015 458.996392 9.937470 1281.282066 123.943099 0.118845 0.011730 -35.161205 2.550483 8.770573 1.553894 42.197866 0.557304 57.446305 nan 3.871758 0.000107 719.203797 0.059552
223.501945 2015 549.038806 10.957223 1799.705512 119.961414 0.125128 0.002383 -34.744837 1.386286 7.935512 1.058831 46.163520 0.731377 59.859263 nan 3.871760 0.000107 719.202377 0.059462
230.501945 2015 2677.825574 53.356324 9838.938285 362.172091 0.094194 0.016212 -36.118070 3.463887 10.221208 2.175844 46.517746 0.887801 56.291753 nan 3.871763 0.000107 719.200584 0.059383
237.500556 2015 1220.419708 43.119472 7287.771733 1810.218507 0.113382 0.004434 -32.987003 1.741613 7.080263 1.423101 44.271631 1.104590 59.089329 nan 3.872813 0.000100 718.613734 0.055691
244.501945 2015 1302.143981 26.776227 4992.561510 448.335247 0.126467 0.002601 -38.443308 1.550333 6.314628 1.161001 45.060552 0.771669 68.008806 nan 3.871776 0.000106 719.193478 0.059194
251.501945 2015 2425.119245 60.588689 10978.595204 1222.265395 0.100714 0.013333 -49.774709 2.089599 1.975422 2.614918 45.334505 3.140236 62.782155 nan 3.871786 0.000106 719.187861 0.059079
258.501945 2015 1636.618998 30.136078 5457.167866 321.954068 0.129887 0.003186 -49.329496 1.780559 2.219702 1.364570 46.015141 0.948581 72.242645 nan 3.871796 0.000106 719.182075 0.058963
265.501945 2015 1227.118995 26.443195 4700.842313 557.756977 0.131610 0.003151 -49.509878 1.560909 0.499562 1.321831 47.092629 1.082753 73.429812 nan 3.871805 0.000106 719.177313 0.058937
272.501945 2015 411.298659 6.925077 1229.658757 54.693252 0.117359 0.002846 -47.558276 1.406630 -1.730814 1.336121 42.387867 1.265611 66.395251 nan 3.871816 0.000106 719.170816 0.058998
279.501945 2015 2439.531575 59.561977 8299.701909 970.209230 0.120806 0.003812 -52.111874 1.490655 -3.338191 1.359079 39.355276 1.227503 67.655500 nan 3.871829 0.000106 719.163525 0.059038
286.501945 2015 3056.682473 59.690687 10860.714211 392.211801 0.124651 0.003614 -50.607888 1.255326 -5.875412 1.328303 37.935713 1.401280 68.286207 nan 3.871838 0.000106 719.158782 0.059152
293.501945 2015 1152.065742 24.245121 4185.691918 390.393850 0.125128 0.002995 -50.600884 0.943308 -7.313729 1.153318 38.320136 1.363327 66.805079 nan 3.871847 0.000106 719.153956 0.059260
300.501945 2015 342.724583 6.570921 1244.158335 73.645571 0.106400 0.003535 -46.279438 1.071781 -9.254146 1.230888 31.375185 1.389996 55.963680 nan 3.871854 0.000107 719.149819 0.059390
307.501945 2015 1451.091117 34.620806 7306.552363 433.557775 0.121320 0.004331 -49.661692 0.964805 -9.743912 1.290483 36.394691 1.616160 59.612118 nan 3.871860 0.000107 719.146589 0.059489
314.501945 2015 2960.994684 58.585311 10700.265072 468.747767 0.138863 0.009866 -48.349788 0.856517 -9.723581 1.435193 35.299598 2.013869 59.333035 nan 3.871862 0.000107 719.145494 0.059664
321.501945 2015 1498.235077 31.210040 5817.145688 340.566500 0.129859 0.009654 -41.535997 0.624527 -10.418140 1.224990 29.483043 1.825453 53.169624 nan 3.871863 0.000107 719.145207 0.059756
328.501945 2015 545.047347 11.694672 2458.410534 75.042926 0.098310 0.003146 -39.348292 0.967785 -9.044894 1.085706 23.623704 1.203626 43.557689 nan 3.871863 0.000107 719.145239 0.059892
335.501945 2015 453.146022 8.304828 1360.289945 67.112194 0.115995 0.005161 -37.101035 1.006111 -6.964361 1.188715 29.435430 1.371319 47.251181 nan 3.871860 0.000108 719.146766 0.060006
342.501945 2015 787.927369 12.553140 2284.769096 94.503714 0.120750 0.024602 -35.476891 0.731033 -10.762620 2.213247 30.876912 3.695462 39.282942 nan 3.871854 0.000108 719.150167 0.060124
356.501945 2015 1670.035459 38.000095 8030.294270 586.148048 0.143142 0.016935 -29.122820 2.924163 0.035324 2.613725 27.464935 2.303287 36.868867 nan 3.871841 0.000108 719.157843 0.060429
5.501945 2016 1478.739995 28.458729 4893.903478 379.222044 0.162243 0.015784 -29.400158 3.155431 6.888111 2.003216 34.447684 0.851002 44.866245 nan 3.871832 0.000110 719.163387 0.061167
12.501945 2016 616.603432 9.587775 1673.556833 81.796304 0.170444 0.018496 -29.835065 3.356426 9.731734 2.116972 37.438982 0.877517 44.436167 nan 3.871826 0.000110 719.166502 0.061431
19.501945 2016 791.493357 18.907614 2868.991433 378.801451 0.122727 0.009952 -27.668816 1.703672 8.369991 1.310703 40.738113 0.917735 46.683572 nan 3.871825 0.000111 719.167454 0.061758
26.501945 2016 635.169271 10.973527 1685.424498 94.105383 0.139694 0.013926 -30.484475 2.384235 10.415034 1.628394 42.533930 0.872552 50.095397 nan 3.871825 0.000112 719.167654 0.062185
33.501945 2016 233.958727 4.071403 741.311678 34.388712 0.111956 0.003791 -30.352171 1.480705 9.685151 1.184856 44.584535 0.889006 52.271117 nan 3.871637 0.000112 719.272936 0.062481
40.501945 2016 427.751660 8.638054 1372.549118 90.862260 0.120323 0.011440 -29.121273 2.723850 9.664200 2.442566 42.658939 2.161283 53.129929 nan 3.871640 0.000113 719.271474 0.062852
54.501945 2016 1399.170958 27.137068 4722.387114 227.818013 0.122995 0.002188 -36.676042 1.402691 7.578236 1.056809 46.563717 0.710928 64.701517 nan 3.871651 0.000113 719.265249 0.063220
61.501945 2016 589.342935 12.418916 2248.009410 113.505372 0.103920 0.002848 -36.632750 1.722114 6.320608 1.420633 45.311718 1.119153 57.386663 nan 3.871660 0.000114 719.260516 0.063699
68.501945 2016 993.602550 19.981374 3532.763979 191.246075 0.116850 0.004841 -41.322836 1.824109 4.024725 1.667469 48.282976 1.510830 64.245752 nan 3.871669 0.000115 719.255653 0.063975
75.501945 2016 1100.864524 21.580193 3695.212294 195.938418 0.123796 0.002982 -45.891488 1.646244 2.322498 1.560215 50.240614 1.474186 68.778009 nan 3.871680 0.000115 719.249617 0.064251
82.501945 2016 872.454202 17.343682 2961.756930 171.085772 0.112671 0.009886 -44.064703 1.257530 -1.772979 1.881341 45.827609 2.505152 66.380280 nan 3.871691 0.000116 719.243993 0.064442
89.501945 2016 327.057495 4.746319 794.882501 26.362653 0.129964 0.003775 nan nan nan nan nan nan nan nan nan nan nan nan
96.501945 2016 840.246188 16.822866 2359.005168 202.629775 0.121989 0.002735 -45.892431 1.185129 -4.972754 1.426882 42.131064 1.668635 66.646486 nan 3.871715 0.000117 719.231033 0.065240
103.501945 2016 1041.276865 24.461334 4564.827774 352.243410 0.123481 0.003334 -47.603967 1.207007 -6.240913 1.447439 39.215807 1.687870 65.651340 nan 3.871722 0.000117 719.227271 0.065326
110.501945 2016 923.865843 18.056970 2963.671397 189.400674 0.121217 0.002619 -47.232214 0.791309 -7.492954 1.218469 38.515219 1.645629 62.792298 nan 3.871731 0.000118 719.222034 0.065632
117.501945 2016 329.648314 4.668750 754.961121 23.042506 0.132073 0.002052 -51.945737 0.766632 -8.009310 1.130044 41.100170 1.493457 65.256730 nan 3.871736 0.000118 719.219372 0.065789
124.501945 2016 1234.234205 25.283596 4081.888315 257.314935 0.126208 0.002748 -46.502651 0.779103 -8.393417 1.161529 31.977490 1.543954 59.797091 nan 3.871741 0.000118 719.216981 0.065953
131.501945 2016 2913.366336 58.983026 11197.667116 530.587505 0.130581 0.003347 -44.478364 0.875021 -7.159570 1.178313 36.737953 1.481605 58.489292 nan 3.871744 0.000118 719.214945 0.066015
138.501945 2016 1392.261404 27.099081 5271.019753 229.533534 0.125292 0.002386 -42.092103 0.849545 -7.393922 1.002103 24.925525 1.154661 53.632466 nan 3.871745 0.000119 719.214571 0.066089
145.501945 2016 643.168435 12.039810 2316.880764 144.295647 0.122300 0.002748 -39.022564 0.934696 -6.220429 0.970547 26.563009 1.006398 50.066920 nan 3.871742 0.000119 719.216044 0.066040
152.501945 2016 437.421954 6.543381 988.183055 36.921408 0.132184 0.001608 -34.895443 0.681541 -4.356850 0.745556 27.873935 0.809571 51.269184 nan 3.871740 0.000118 719.217557 0.066015
159.501945 2016 829.795163 17.412343 2481.926678 190.507070 0.117256 0.009376 -32.801763 0.790502 -3.439323 1.165446 27.541940 1.540390 46.703427 nan 3.871736 0.000118 719.219646 0.065950
166.501945 2016 526.264047 9.346495 1457.868615 104.829710 0.129673 0.001280 -29.650369 0.608580 -0.417218 0.610474 29.521629 0.612368 48.361745 nan 3.871731 0.000118 719.222168 0.065871
173.501945 2016 291.926685 4.567345 733.453173 45.695081 0.128575 0.003900 -28.460290 0.582273 0.804968 1.156990 32.188480 1.731707 47.329812 nan 3.871725 0.000118 719.225882 0.065783
180.501945 2016 263.487643 4.408212 830.051118 38.096711 0.133720 0.001433 -27.274224 0.606631 3.809049 0.615609 33.515021 0.624587 49.907661 nan 3.871719 0.000118 719.229090 0.065750
187.501945 2016 321.012712 8.026641 1092.192260 127.248012 0.124716 0.005131 -29.059470 0.939159 4.739690 1.353427 36.442260 1.767695 47.926529 nan 3.871715 0.000118 719.231119 0.065693
194.501945 2016 733.268658 11.087730 2261.513436 87.546547 0.134948 0.001799 -28.126628 0.916750 6.887705 0.951977 40.950195 0.987204 53.803510 nan 3.869258 0.000124 720.604156 0.068922
201.501945 2016 389.548280 6.613370 1138.605760 53.302228 0.125591 0.003295 -25.371043 1.185663 8.672162 1.016887 42.599866 0.848111 52.904736 nan 3.871710 0.000118 719.234059 0.065513
208.501945 2016 712.192687 13.604217 2213.495355 128.483072 0.128472 0.002393 -27.780537 1.217826 9.574200 1.038346 45.428861 0.858867 57.160993 nan 3.871710 0.000117 719.233957 0.065423
215.501945 2016 970.630241 20.296374 3110.379822 269.197393 0.131405 0.002625 -31.177439 1.513228 10.094422 1.222949 48.567684 0.932670 61.269342 nan 3.871712 0.000117 719.232787 0.065452
222.501945 2016 1205.696165 19.532410 3347.720507 92.760333 0.133771 0.002609 -34.831718 1.554578 9.983774 1.205272 53.876092 0.855966 65.142192 nan 3.871717 0.000117 719.229543 0.065247
229.501945 2016 595.614691 10.358358 1673.453735 91.608794 0.125179 0.002427 -34.686669 1.450432 9.561052 1.143535 48.763576 0.836638 64.267687 nan 3.871722 0.000117 719.227040 0.065215
236.501945 2016 655.674133 13.784856 1898.781171 180.961981 0.120750 0.004010 -41.434361 1.869995 8.706090 1.429551 49.023646 0.989107 64.440960 nan 3.871729 0.000117 719.222973 0.065071
243.501945 2016 1219.678255 36.722583 5686.451944 975.701829 0.117153 0.009462 -46.733246 2.744485 8.439474 1.941189 48.805682 1.137894 66.848794 nan 3.871741 0.000116 719.216286 0.064883
257.501945 2016 1231.265878 25.914316 4706.396362 255.846789 0.116278 0.002702 -44.157237 1.443503 3.470742 1.334171 45.469312 1.224839 65.804355 nan 3.871763 0.000116 719.204008 0.064746
264.501945 2016 463.384650 8.451289 1171.664674 85.381071 0.127803 0.004252 -47.216383 1.467406 0.910303 1.499207 47.332270 1.531008 71.267250 nan 3.871773 0.000116 719.198424 0.064794
271.501945 2016 2315.014419 54.274353 9622.268197 683.075912 0.064577 0.017959 -48.877674 3.237943 -5.805794 4.065461 55.626671 4.892979 53.530525 nan 3.871787 0.000116 719.190379 0.064788
285.501945 2016 1466.909423 31.968166 5893.116083 537.401041 0.121732 0.003556 -45.885605 1.095952 -4.635495 1.249804 40.042051 1.403656 65.391172 nan 3.871805 0.000117 719.180627 0.064945
292.501945 2016 1882.847478 31.002626 5354.236023 182.369834 0.141746 0.003063 -45.761553 0.544828 -5.417329 0.934095 44.361244 1.323362 72.138233 nan 3.871813 0.000117 719.176289 0.065052
299.501945 2016 2749.265857 64.304537 10843.061194 1179.027154 0.098677 0.015428 -47.800848 0.715292 -8.476155 1.646847 40.678242 2.578403 59.024189 nan 3.871818 0.000117 719.173197 0.065162
306.501945 2016 2321.424943 46.021151 8412.713504 426.334862 0.156009 0.016574 -45.263606 0.697249 -10.877172 1.948401 35.974043 3.199552 55.689321 nan 3.871821 0.000117 719.171861 0.065297
313.501945 2016 868.524418 17.312816 3118.976458 167.983160 0.107214 0.006512 -41.347840 2.281957 -6.600978 2.013867 33.270090 1.745777 50.295061 nan 3.871820 0.000117 719.172231 0.065380
327.501945 2016 652.487937 15.631390 2148.286967 233.762324 0.123315 0.003640 -35.917346 0.714197 -5.095692 0.953214 33.945395 1.192231 51.012388 nan 3.871817 0.000118 719.174338 0.065625
334.501945 2016 670.542409 10.610890 2019.028934 49.540550 0.141528 0.009169 -34.147622 0.693044 -4.426886 1.339336 29.914706 1.985628 50.143628 nan 3.871811 0.000118 719.177909 0.065775
341.501945 2016 547.006494 9.516265 1581.858941 87.538743 0.151129 0.016311 -30.394974 2.300374 -2.641052 2.566410 31.196364 2.832447 40.606497 nan 3.871806 0.000119 719.180906 0.066098
348.501945 2016 638.021304 9.607400 1829.541385 46.025120 0.131302 0.022214 -31.466527 2.072339 -3.457657 2.897962 29.270229 3.723586 38.875902 nan 3.871801 0.000119 719.183403 0.066396
355.501945 2016 856.686319 18.263043 2655.547664 248.230110 0.137972 0.023768 -26.328680 3.671866 8.855002 2.231804 31.943222 0.791742 34.743635 nan 3.871792 0.000119 719.188761 0.066443
362.501945 2016 1202.949348 19.628094 3486.501659 93.310230 0.159754 0.016000 -28.392464 2.924190 7.994454 1.888015 34.833039 0.851841 44.080132 nan 3.871785 0.000120 719.192659 0.066738
