22.501389 2008 394.986983 5.981504 1070.647517 51.483776 0.136858 0.001427 -64.257312 1.572856 -9.489315 1.102129 41.635856 0.631402 91.094152 nan 3.871788 0.000069 719.177357 0.038276
29.501389 2008 389.171791 10.676551 1102.684929 192.051549 0.128781 0.002237 -67.345947 1.598817 -10.573311 1.261124 38.663688 0.923430 83.643085 nan 3.871793 0.000069 719.174523 0.038354
36.501389 2008 557.936942 9.401038 1693.887166 73.505769 0.138196 0.001997 -65.226886 1.550878 -9.677734 1.155724 41.867729 0.760571 86.145855 nan 3.871800 0.000069 719.170254 0.038461
43.501389 2008 692.793089 10.642720 2006.405878 59.507781 0.131044 0.009984 -63.559394 1.530700 -9.657464 2.178850 42.439823 2.827000 81.252747 nan 3.871801 0.000069 719.170222 0.038624
50.501389 2008 568.186182 8.234930 1457.402345 58.788251 0.142710 0.002727 -62.307541 1.655467 -7.082142 1.294130 42.283631 0.932793 82.049039 nan 3.871804 0.000070 719.168508 0.038768
57.501389 2008 710.344458 15.013046 2175.653142 231.323787 0.136704 0.003220 -58.077084 1.498562 -5.715458 1.332032 41.365682 1.165502 76.458710 nan 3.871806 0.000070 719.167588 0.038888
64.501389 2008 865.038550 14.234502 2694.245719 90.795320 0.146023 0.009309 -55.793571 1.686926 -4.357428 2.158487 42.740525 2.630049 73.224577 nan 3.871807 0.000070 719.166560 0.039027
71.501389 2008 1137.044770 17.599575 3103.408852 138.348063 0.153289 0.009736 -51.994701 1.215414 -3.018213 2.051763 46.143250 2.888113 75.345979 nan 3.871809 0.000070 719.165963 0.039198
78.501389 2008 810.486176 13.251199 2199.111597 114.016198 0.147572 0.009363 -49.167164 2.908715 1.424576 2.006342 44.507512 1.103969 72.121347 nan 3.871806 0.000071 719.167474 0.039307
92.501389 2008 1620.392307 26.708880 5131.612677 169.504386 0.160143 0.013052 -43.870092 3.771931 6.568334 2.448452 51.570833 1.124973 72.967403 nan 3.871802 0.000071 719.169756 0.039597
99.501389 2008 1017.983693 14.476508 2508.890844 56.487214 0.182044 0.019729 -43.230678 5.674188 10.672671 3.360230 52.758358 1.046272 67.993109 nan 3.871808 0.000071 719.166497 0.039808
106.501389 2008 652.260396 9.356753 1493.395228 62.045104 0.165368 0.016150 -43.366132 4.497391 11.075082 2.899610 56.439336 1.301829 71.536321 nan 3.871797 0.000072 719.172627 0.039951
113.501389 2008 726.864797 16.131534 3384.343691 271.658241 0.138008 0.009322 -38.744655 2.419919 10.551155 1.887185 60.597329 1.354451 75.116091 nan 3.871800 0.000072 719.171080 0.040095
120.501389 2008 859.945305 13.677094 2697.469931 77.139039 0.166156 0.016437 -39.707246 4.540175 13.525308 2.889444 64.431324 1.238714 75.629853 nan 3.871796 0.000072 719.173406 0.040272
134.501389 2008 246.477554 3.729133 588.936004 12.443023 0.112255 0.002292 -34.008702 0.797019 10.979594 1.219436 65.928340 1.641852 75.125680 nan 3.871797 0.000073 719.172862 0.040493
141.501389 2008 285.874836 4.835313 764.882654 53.119236 0.140426 0.015054 -57.610609 4.665879 11.472885 3.386855 71.393206 2.107830 75.015729 nan 3.871810 0.000073 719.165930 0.040502
148.501389 2008 210.627681 3.327412 681.617634 24.682782 0.163227 0.015872 -47.570110 5.524023 12.318837 3.588192 69.920876 1.652360 82.228785 nan 3.871809 0.000073 719.166060 0.040556
155.501389 2008 164.564618 2.701245 501.099336 28.885729 0.094297 0.037722 -68.431796 5.491755 4.429894 5.396450 66.036540 5.301145 74.443204 nan 3.871824 0.000073 719.157984 0.040570
162.501389 2008 140.237777 2.306975 465.012258 24.280678 0.146140 0.014802 -57.872119 6.034948 5.910855 4.926753 69.033768 3.818557 81.891940 nan 3.871820 0.000073 719.159923 0.040471
169.501389 2008 622.130371 9.850669 1787.949180 67.867460 0.215321 0.024709 -75.746701 10.062259 11.064991 7.409770 53.287093 4.757280 59.903812 nan 3.871834 0.000072 719.152164 0.040342
176.501389 2008 300.369943 4.568483 832.290173 33.231117 0.167183 0.019142 -59.914090 6.931732 1.712150 5.379166 54.164539 3.826599 72.474278 nan 3.871837 0.000072 719.150638 0.040283
190.501389 2008 144.662920 5.554346 1276.299828 278.490491 -5.041325 0.484886 -46.925786 2.774855 -3.073025 3.201624 42.867516 3.628393 81.448752 nan 3.871852 0.000072 719.141976 0.040041
197.501389 2008 399.191141 6.359589 1157.415706 45.516712 0.216779 0.025269 -61.976401 1.056115 -21.608584 4.607934 41.083552 8.159754 63.319612 nan 3.871870 0.000071 719.132115 0.039823
204.501389 2008 344.259057 6.089695 993.234647 58.980633 0.178950 0.019165 -64.243308 1.405273 -15.980032 3.640403 41.320340 5.875532 75.648386 nan 3.871871 0.000071 719.131212 0.039696
211.501389 2008 166.418372 2.278012 447.081453 19.943797 0.147062 0.015059 -62.662026 1.619818 -14.122518 2.775954 37.594852 3.932089 74.846062 nan 3.871534 0.000069 719.318990 0.038645
218.501389 2008 77.856779 1.265080 220.056194 9.489189 -0.669684 0.206067 -52.492165 1.665649 -16.078045 2.192481 22.596584 2.719313 42.748706 nan 3.871878 0.000070 719.127545 0.039280
225.501389 2008 430.823852 8.016189 1173.696398 84.937821 0.182801 0.019060 -61.202483 1.471113 -14.511114 3.403965 39.348914 5.336816 71.998810 nan 3.871886 0.000070 719.122980 0.038962
232.501389 2008 344.955255 7.437941 1103.150912 102.999331 0.175856 0.019776 -58.285168 1.560038 -13.812357 3.358136 41.322128 5.156233 66.389257 nan 3.871883 0.000069 719.124119 0.038694
239.501389 2008 134.679195 2.150769 431.178442 11.085534 0.115782 0.002215 -53.028106 1.413758 -7.389219 1.326088 36.199579 1.238418 65.687386 nan 3.871886 0.000069 719.122393 0.038428
246.501389 2008 441.991694 11.615875 2553.523072 172.172457 0.114339 0.011305 -50.971917 3.698673 -3.285026 2.899800 43.336424 2.100927 56.117955 nan 3.871883 0.000068 719.124205 0.038061
253.501389 2008 332.363508 4.662415 841.657233 30.363026 0.150404 0.009195 -50.157523 3.135349 -1.819988 2.197158 46.098139 1.258968 73.233116 nan 3.871887 0.000068 719.121798 0.037679
260.501389 2008 304.288395 6.340057 994.480438 82.064234 0.130383 0.006254 -47.218107 3.222996 0.279201 2.341681 47.682556 1.460366 69.332751 nan 3.871883 0.000067 719.123688 0.037367
274.501389 2008 254.461941 7.296231 1722.326379 104.109150 1.814408 0.225723 -40.331584 4.729583 17.190775 3.426857 54.308971 2.124130 26.848549 nan 3.871878 0.000066 719.126722 0.036758
281.501389 2008 452.805920 10.668064 1445.661485 127.904996 0.120411 0.013851 -39.753773 1.095123 3.876777 1.853893 52.946682 2.612663 73.234661 nan 3.871879 0.000065 719.126022 0.036451
288.501389 2008 557.215060 10.657798 1501.228311 102.633565 0.140409 0.002250 -40.478884 1.094836 6.794209 1.271578 55.444146 1.448320 80.376284 nan 3.871813 0.000065 719.162267 0.036204
295.501389 2008 147.836295 2.680150 448.716015 29.016893 0.126919 0.003522 -36.819402 1.309043 8.427125 1.526408 58.105040 1.743773 76.018201 nan 3.872775 0.000068 718.627239 0.038070
302.501389 2008 198.258430 3.830590 809.299249 55.875509 -0.355145 0.152553 -48.809090 3.915572 6.599528 3.914364 63.076445 3.913156 61.933213 nan 3.871705 0.000064 719.222367 0.035704
309.501389 2008 143.085925 2.978034 446.985640 39.735273 0.042263 0.051659 -44.428669 3.163899 6.837351 3.666404 60.231033 4.168910 71.453343 nan 3.871708 0.000064 719.220643 0.035484
316.501389 2008 451.018087 155.459524 8276.243386 7520.761407 0.048709 0.006161 -67.797183 5.215264 6.563244 5.282442 65.598287 5.349621 31.538868 nan 3.871714 0.000063 719.217427 0.035294
337.501389 2008 78.862686 3.029112 356.912553 61.033552 1.596540 0.147128 -51.107277 2.952229 -3.217923 3.008362 63.902184 3.064495 64.633470 nan 3.871728 0.000062 719.209435 0.034751
34.501389 2009 130.212670 3.840437 593.707831 76.217485 1.941740 0.215263 -61.820870 2.595501 -9.036815 2.874473 36.016396 3.153445 61.859277 nan 3.871790 0.000063 719.174839 0.035049
41.501389 2009 72.704998 3.302965 331.091910 76.065463 -4.098789 0.273802 -58.912200 2.010189 -23.737807 2.056223 32.269909 2.102256 17.873515 nan 3.871784 0.000063 719.178563 0.035156
48.501389 2009 211.929131 4.392339 706.168557 53.424981 0.055440 0.007491 -59.779465 4.342883 -8.435412 4.357958 37.987546 4.373032 30.252158 nan 3.871794 0.000063 719.172869 0.035259
55.501389 2009 92.670580 2.027949 340.245295 25.919442 -0.437980 0.105533 -55.244454 3.550250 -4.533136 3.655525 38.529376 3.760801 18.798890 nan 3.871786 0.000064 719.177289 0.035444
62.501389 2009 72.059869 1.591000 300.947331 12.799504 -0.110577 0.045576 -51.491816 4.392364 0.395161 4.391106 39.260947 4.389849 9.121016 nan 3.871796 0.000064 719.172011 0.035632
69.501389 2009 122.513334 3.079595 490.443124 38.513286 0.261657 0.255958 -48.958872 3.941450 -2.501157 4.334786 44.061046 4.728123 31.352635 nan 3.871789 0.000064 719.175831 0.035724
76.501389 2009 138.941753 3.071504 554.618601 36.498205 0.001229 0.016591 -45.984755 3.851432 0.065359 3.837054 43.600873 3.822676 20.430491 nan 3.871794 0.000064 719.172746 0.035817
83.501389 2009 100.881493 2.118940 426.700050 15.567028 0.016251 0.011041 -43.573016 4.449198 -0.960218 4.404988 49.448475 4.360779 13.364192 nan 3.871787 0.000065 719.176859 0.036025
97.501389 2009 69.808691 2.717899 732.618579 64.121941 0.035215 0.002788 -45.049263 7.496820 7.125840 7.258920 56.501504 7.021020 19.173666 nan 3.871783 0.000065 719.179471 0.036394
104.501389 2009 87.538517 2.295687 401.958732 31.140636 -0.194169 0.065565 -52.244939 4.326028 3.245477 4.181532 57.089533 4.037035 19.744505 nan 3.871788 0.000066 719.176402 0.036499
125.501389 2009 115.353145 4.122518 909.101741 99.548908 1.090772 0.283845 -46.720501 6.710902 5.883553 6.809625 52.506223 6.908349 53.094961 nan 3.871789 0.000066 719.176079 0.036881
174.501389 2009 19.662953 0.847993 206.865285 18.089217 0.317910 0.188881 -66.508541 9.724497 -5.057353 9.847694 57.635203 9.970892 32.780539 nan 3.871836 0.000065 719.149547 0.036456
195.501389 2009 71.740764 1.775443 319.139031 22.157895 1.444425 0.307823 -65.969130 4.395054 -5.086457 4.763905 54.824716 5.132757 27.308153 nan 3.871861 0.000064 719.135415 0.035924
202.501389 2009 407.583401 11.859838 1862.662938 322.674866 -0.081845 0.052997 -64.248043 5.648767 -7.175054 5.807502 59.176552 5.966236 45.379047 nan 3.871861 0.000064 719.135444 0.035727
216.501389 2009 120.839519 2.519445 418.554977 32.670533 0.774360 0.318499 -60.106959 4.395492 -6.985620 4.491380 37.838650 4.587268 34.123666 nan 3.871868 0.000063 719.131755 0.035177
230.501389 2009 110.884984 3.360273 794.930310 75.258343 1.955098 0.224436 -54.447245 3.453744 13.229652 3.404858 41.624177 3.355972 34.113086 nan 3.871868 0.000062 719.131327 0.034569
237.501389 2009 47.027711 1.227003 218.681930 13.525796 -0.697948 0.145495 -52.752280 4.127429 -2.855549 4.336210 39.395968 4.544991 29.402074 nan 3.871871 0.000061 719.129361 0.034180
293.501389 2009 99.718668 3.499018 924.502106 61.950361 0.265678 0.196783 -39.768545 7.219045 5.678422 7.475561 57.739973 7.732077 57.075766 nan 3.871873 0.000057 719.127696 0.031867
300.501389 2009 122.541450 3.057467 528.944602 49.812215 -0.611658 0.141994 -46.346326 4.704970 1.233779 4.394065 62.257820 4.083160 37.591284 nan 3.871872 0.000057 719.128157 0.031689
321.501389 2009 48.069000 1.379690 248.547570 16.561459 0.927401 0.297333 -63.921620 5.311922 -6.445654 5.637833 53.548142 5.963744 37.610781 nan 3.871894 0.000056 719.115497 0.031080
328.501389 2009 49.084572 1.376003 248.957297 16.001369 -0.699522 0.132038 -58.695735 5.222584 -1.993542 5.342246 56.890458 5.461908 48.389221 nan 3.871893 0.000056 719.116190 0.030987
19.501389 2010 96.416441 2.708097 458.279515 46.898229 1.997770 0.219371 -66.265741 2.442447 -11.246475 2.796020 33.536513 3.149592 64.999530 nan 3.871734 0.000055 719.204904 0.030870
33.511112 2010 68.114430 1.952332 314.493857 26.948102 1.153650 0.316796 -61.667969 3.968601 -26.133517 4.160790 34.982016 4.352979 11.501035 nan 3.871755 0.000056 719.193131 0.031172
47.501389 2010 177.653285 4.532016 757.340688 72.967781 1.166835 0.334574 -52.440337 3.779170 -13.554608 3.972707 35.167126 4.166245 25.791504 nan 3.871740 0.000056 719.201943 0.031453
75.501389 2010 69.895690 1.773346 330.004563 23.403507 -0.431323 0.092184 -44.536380 4.892018 5.225074 4.724078 46.079167 4.556139 11.150767 nan 3.871739 0.000058 719.202654 0.032101
89.501389 2010 140.551523 3.891653 595.488961 68.517255 0.411193 0.301615 -49.410181 3.973307 -0.888367 4.227519 56.002311 4.481731 48.459200 nan 3.871739 0.000058 719.202573 0.032426
96.501389 2010 4419.297498 96.149397 17913.374500 808.830017 0.141917 0.010868 -41.000235 3.504187 6.705607 2.544976 57.724315 1.585766 74.348661 nan 3.871740 0.000058 719.202293 0.032582
103.501389 2010 1916.888441 50.154572 7957.521346 1112.842775 0.123481 0.009434 -43.770657 0.913994 4.097767 2.223416 60.395864 3.532837 78.445199 nan 3.871741 0.000059 719.201703 0.032721
110.501389 2010 360.307021 6.587010 1141.085389 80.767304 0.118720 0.002765 -38.068392 0.747806 6.134654 1.306299 61.576765 1.864791 76.227379 nan 3.871743 0.000059 719.200540 0.032802
117.501389 2010 180.337069 2.876120 490.020773 22.852314 0.114548 0.020391 -40.072428 4.612783 10.806150 3.462279 51.494818 2.311775 46.317169 nan 3.871752 0.000059 719.195661 0.032807
124.501389 2010 1491.208986 26.906714 4578.462623 160.351702 0.159407 0.019808 -58.768351 6.417312 9.478901 5.615111 67.130388 4.812910 67.278258 nan 3.871750 0.000059 719.196501 0.032840
131.501389 2010 981.896112 15.817560 2730.450815 65.543309 0.169538 0.018744 -52.991756 6.737204 10.154297 4.029193 61.116548 1.321182 73.278650 nan 3.871760 0.000059 719.190824 0.032832
138.501389 2010 462.210261 8.077253 1393.891446 66.163294 0.140750 0.013525 -55.324274 4.901756 4.979530 3.169799 59.104602 1.437843 77.248682 nan 3.871634 0.000058 719.260687 0.032158
145.501389 2010 346.909432 11.882574 1465.417853 300.683389 0.091633 0.010415 -52.650748 3.834140 1.608412 2.926492 53.383703 2.018845 56.408333 nan 3.871773 0.000059 719.183410 0.032643
152.501389 2010 1486.942407 23.632916 4003.400284 105.192139 0.166005 0.020770 -70.962269 4.543505 -9.618810 5.785957 59.418232 7.028410 75.610126 nan 3.871776 0.000058 719.182017 0.032570
159.501389 2010 749.376287 11.949749 2102.099101 52.394380 0.145473 0.013035 -68.532899 1.505648 -10.034392 2.959525 50.355337 4.413402 81.397564 nan 3.871788 0.000058 719.175414 0.032476
166.501389 2010 489.448158 7.299186 1190.359912 37.751488 0.137027 0.028102 -69.246236 1.558619 -19.156460 4.072825 44.434287 6.587031 59.940940 nan 3.871791 0.000058 719.173680 0.032298
173.501389 2010 265.007001 3.686989 658.019847 16.849265 0.141028 0.013028 -69.125269 2.141344 -13.417155 2.833510 40.511538 3.525677 77.974535 nan 3.871803 0.000058 719.166605 0.032091
180.501389 2010 443.323592 6.571002 1238.715255 42.634541 0.182233 0.018872 -68.294859 1.383351 -17.689057 3.506354 47.010620 5.629356 80.117578 nan 3.871802 0.000057 719.167138 0.031942
187.501389 2010 233.235193 3.555678 688.921734 28.942526 0.135657 0.001883 -67.689461 1.381186 -14.459319 1.158518 37.086141 0.935851 86.253443 nan 3.871813 0.000057 719.160918 0.031780
194.501389 2010 156.902871 2.287936 453.577874 11.312203 0.147674 0.017662 -65.070130 1.484880 -18.323141 2.476801 34.897452 3.468722 67.736946 nan 3.871806 0.000057 719.164839 0.031502
208.501389 2010 328.659385 6.952589 1242.596297 84.925742 0.285325 0.232332 -62.675218 5.467731 -10.313924 4.571771 43.455218 3.675811 58.452426 nan 3.871813 0.000056 719.161053 0.030936
215.501389 2010 1231.632387 32.007768 6653.553316 604.092733 0.154197 0.013326 -60.600051 1.255459 -14.560554 2.140419 35.367209 3.025380 71.018701 nan 3.871822 0.000055 719.155504 0.030675
222.501389 2010 780.461219 14.861678 2464.500291 213.033141 0.141695 0.009291 -56.836185 1.188588 -12.250228 1.741152 35.755622 2.293716 69.634091 nan 3.871813 0.000054 719.160416 0.030308
229.501389 2010 335.834616 5.293059 984.804609 31.871956 0.130475 0.009633 -51.200816 1.187322 -10.901846 1.740825 37.631999 2.294328 63.327875 nan 3.871822 0.000054 719.155508 0.029923
236.501389 2010 511.875052 9.223254 1663.950733 86.753695 0.107223 0.021967 -50.712864 1.893269 -6.796218 1.940791 41.966506 1.988313 64.798758 nan 3.871817 0.000053 719.158211 0.029627
243.501389 2010 434.163255 6.456624 1232.883046 48.955735 0.159476 0.013393 -49.447502 1.061630 -7.760606 2.379310 42.267766 3.696990 67.811095 nan 3.871821 0.000053 719.155926 0.029388
250.501389 2010 221.142542 2.873900 516.782983 14.490856 0.134234 0.002411 -47.755983 0.980563 -3.228630 1.264318 42.434736 1.548073 70.080013 nan 3.871815 0.000052 719.159446 0.029047
257.501389 2010 178.251087 3.260711 540.744303 46.152373 0.121578 0.006917 -43.364567 1.506024 -2.713753 2.429865 43.782299 3.353706 64.185253 nan 3.871820 0.000052 719.156575 0.028709
264.501389 2010 122.082064 3.218719 477.449083 56.652135 -2.069508 0.250653 -41.584429 1.822600 -14.944679 2.924118 50.179229 4.025636 27.356018 nan 3.871815 0.000051 719.158815 0.028461
285.501389 2010 457.506870 9.422442 1626.065942 85.791895 1.871415 0.437056 -41.042575 5.373184 13.270165 3.745835 53.925541 2.118486 53.557302 nan 3.871827 0.000050 719.152240 0.027750
292.501389 2010 208.887321 6.556216 765.596925 108.510433 0.020917 0.031267 -44.000483 5.103141 9.673946 4.639788 57.614489 4.176435 41.539204 nan 3.871830 0.000049 719.150603 0.027542
299.501389 2010 572.603388 10.629371 1571.155384 121.596198 0.153919 0.010167 -50.496150 0.769508 2.460340 2.371480 61.920615 3.973452 89.570830 nan 3.871837 0.000049 719.146478 0.027399
306.501389 2010 205.272669 3.330717 563.868701 21.152483 0.102438 0.002666 -40.423008 0.870520 3.483639 1.101543 51.099081 1.332566 68.699477 nan 3.871839 0.000049 719.145562 0.027196
320.501389 2010 244.411082 3.813849 641.352416 39.327613 0.139277 0.002341 -60.832299 1.310888 -0.322546 1.290986 58.799902 1.271084 95.534424 nan 3.871852 0.000048 719.137946 0.026949
327.501389 2010 116.466924 1.696734 316.675010 14.868884 0.111956 0.007063 -59.437359 3.502701 -2.943832 3.301986 52.856408 3.101272 78.111546 nan 3.871859 0.000048 719.133925 0.026904
341.501389 2010 24.594278 0.945364 218.124675 17.742075 0.967399 0.242920 -67.052969 7.034658 6.606843 7.191416 47.841923 7.348175 11.647315 nan 3.871873 0.000048 719.126523 0.026847
348.501389 2010 147.185941 3.547064 565.935473 48.631037 -0.005415 0.021363 -69.346848 5.618375 -12.982183 5.725104 56.834099 5.831833 28.065936 nan 3.871880 0.000048 719.122305 0.026904
4.501389 2011 67.924796 2.226933 261.536597 37.213561 -3.629827 0.369877 -69.760389 3.255809 20.689089 3.770433 66.879567 4.285057 67.187599 nan 3.871891 0.000049 719.116291 0.027205
11.501389 2011 172.705470 3.179758 638.061568 17.834911 0.044676 0.003863 -69.060355 4.342092 -17.045633 4.545009 33.426068 4.747925 25.321131 nan 3.871897 0.000049 719.113225 0.027366
32.501389 2011 192.817860 8.982009 1083.147553 272.489860 1.834624 0.282596 -55.478100 4.047806 8.001721 3.931908 51.884309 3.816011 13.827069 nan 3.871901 0.000050 719.111053 0.027797
39.501389 2011 393.909735 7.642679 1370.831477 79.735364 0.091294 0.014487 -53.319965 4.278984 -8.669566 4.114405 41.532907 3.949825 54.052851 nan 3.871903 0.000050 719.109767 0.027973
46.501389 2011 210.074106 3.748286 575.076933 36.164625 0.108308 0.006734 -48.837846 2.729876 -9.464438 2.841487 35.731169 2.953098 55.812196 nan 3.871897 0.000050 719.113188 0.028095
60.501389 2011 874.122367 20.114020 3899.748628 177.247326 -1.300457 0.239239 -43.196678 0.937110 -14.039565 2.694329 44.185197 4.451549 39.381039 nan 3.871894 0.000051 719.114776 0.028437
67.501389 2011 962.829026 20.262555 2825.549642 248.026184 0.109552 0.012820 -43.458012 1.105944 -3.919341 2.163321 48.269105 3.220698 63.079088 nan 3.871900 0.000051 719.111755 0.028660
74.501389 2011 825.139919 15.868520 2570.294365 236.697010 0.130859 0.003353 -41.190748 0.764292 -0.519139 1.132187 48.116042 1.500083 71.144930 nan 3.871896 0.000052 719.114279 0.028793
81.501389 2011 255.040682 3.678871 594.359197 26.214066 0.120497 0.010315 -44.173837 2.850238 2.613299 2.203997 51.597711 1.557755 70.589608 nan 3.871902 0.000052 719.110690 0.028907
88.501389 2011 214.829299 7.514626 872.354017 195.328916 0.055620 0.010416 -35.268229 2.090371 2.181397 2.273982 46.546156 2.457592 37.199115 nan 3.871898 0.000052 719.112822 0.029071
95.501389 2011 878.498901 15.663523 2581.325493 128.957300 0.158908 0.017087 -39.395068 5.353561 8.298395 3.447045 58.308483 1.540529 67.329899 nan 3.871906 0.000052 719.108334 0.029220
102.501389 2011 757.547186 14.369111 2118.961444 148.879716 0.144633 0.013823 -46.513403 4.989737 7.960194 3.345016 60.187915 1.700294 73.176000 nan 3.871904 0.000052 719.109612 0.029234
123.502084 2011 1339.075237 22.216549 3903.085350 129.847841 0.155420 0.012308 -60.208132 4.861734 4.157278 3.074746 60.016263 1.287757 85.576580 nan 3.871724 0.000051 719.210027 0.028554
130.502084 2011 619.233476 10.304024 1864.321971 74.780558 0.128729 0.001333 -56.449391 1.136613 -0.867800 1.087561 53.793067 1.038510 88.126086 nan 3.871722 0.000051 719.210949 0.028452
137.502084 2011 390.271851 5.657213 866.566158 30.528250 0.164405 0.019190 -61.932951 1.350402 -9.968087 4.100193 51.170380 6.849985 69.370714 nan 3.871735 0.000051 719.203426 0.028303
144.502084 2011 356.944456 16.137571 1380.079450 422.662943 0.097509 0.008755 -65.029948 2.144128 -7.217281 2.104901 37.545100 2.065674 60.257289 nan 3.871738 0.000051 719.201871 0.028195
151.502084 2011 1597.933347 27.871944 4496.648557 244.110021 0.177813 0.018708 -70.937374 1.672129 -14.900641 4.130210 50.949785 6.588292 77.918971 nan 3.871743 0.000050 719.199342 0.028124
158.502084 2011 639.910396 12.084332 1788.762528 137.957377 0.139694 0.009270 -70.706250 1.676077 -11.986374 2.252474 44.985474 2.828872 85.031058 nan 3.871746 0.000050 719.197305 0.027933
165.502084 2011 257.707638 3.782647 649.513743 35.834377 0.151072 0.012838 -68.155850 1.614055 -15.382919 2.699792 39.427432 3.785529 81.680846 nan 3.871757 0.000050 719.191366 0.027708
172.502084 2011 365.087524 9.379566 1696.336359 289.807354 0.139639 0.010973 -72.527884 1.473626 -16.552811 2.603479 43.055532 3.733332 81.602378 nan 3.871755 0.000049 719.192024 0.027503
179.502084 2011 330.920893 5.643826 1043.817442 46.462986 0.151535 0.013765 -68.117997 1.498097 -17.874418 2.326273 34.554687 3.154449 78.220034 nan 3.871762 0.000049 719.188067 0.027316
186.502084 2011 417.099292 8.726164 1251.348074 100.347392 0.128979 0.002616 -65.417144 1.214115 -16.367575 1.181304 32.846494 1.148493 77.541501 nan 3.871761 0.000049 719.188563 0.027040
193.502084 2011 333.131675 4.997156 957.867514 31.336269 0.144580 0.016965 -65.569549 1.275953 -19.066055 2.580631 34.688846 3.885308 71.824830 nan 3.871766 0.000048 719.186072 0.026723
200.502084 2011 409.388831 7.527431 1388.544494 93.873452 0.154753 0.013198 -62.277060 1.219043 -17.309425 2.077725 35.722233 2.936407 72.028550 nan 3.871765 0.000047 719.186253 0.026428
207.502084 2011 315.184648 5.029742 962.075161 41.886438 0.134183 0.002733 -58.520859 1.093216 -14.309291 1.307569 33.029865 1.521921 71.663090 nan 3.871768 0.000047 719.184524 0.026134
214.502084 2011 391.773116 14.187022 1462.439888 356.612410 0.063850 0.043390 -55.472391 3.166247 -10.732933 2.296808 30.833427 1.427369 62.607671 nan 3.871768 0.000046 719.184390 0.025792
221.502084 2011 599.603502 10.182941 1424.829444 136.343070 0.142003 0.002472 -56.273378 1.003637 -10.542596 1.269371 38.326227 1.535106 70.961938 nan 3.871768 0.000046 719.184469 0.025455
228.502084 2011 325.419839 4.693584 785.672011 39.275097 0.144259 0.009395 -51.367446 0.916914 -10.291678 1.670923 34.414721 2.424932 65.946420 nan 3.871769 0.000045 719.183750 0.025157
242.502084 2011 71.850826 1.557434 194.027960 19.412115 -0.884839 0.376025 -45.142482 2.085826 -4.065374 2.560406 44.449765 3.034986 62.850345 nan 3.871770 0.000044 719.183206 0.024552
249.502084 2011 98.610233 2.751453 680.520589 25.215184 0.074320 0.010156 -45.031939 4.975816 -5.660887 5.354376 40.949513 5.732936 37.814252 nan 3.870317 0.000041 719.992819 0.022630
256.502084 2011 1733.409000 33.058126 5569.859875 271.106437 0.124562 0.008699 -44.093352 1.062789 -2.566650 2.070902 44.150033 3.079016 67.734099 nan 3.871773 0.000043 719.181092 0.024020
263.502084 2011 472.091088 12.290869 1753.611031 296.148228 0.115621 0.004590 -40.525363 1.265019 0.433341 1.472552 44.780230 1.680085 64.346986 nan 3.871775 0.000043 719.180303 0.023775
277.502084 2011 796.324940 14.115545 2119.346875 192.945185 0.135550 0.002997 -48.209529 0.801220 2.041003 1.174784 54.342088 1.548348 80.196088 nan 3.871779 0.000042 719.177987 0.023303
284.502084 2011 268.161579 4.867809 761.262829 55.255531 0.113698 0.003725 -41.383053 1.063983 2.717918 1.302503 48.810174 1.541023 70.564988 nan 3.871789 0.000042 719.172067 0.023126
291.502084 2011 75.495931 1.138657 183.341257 6.461949 -0.368252 0.067479 -44.754017 3.043334 -6.490727 3.226734 46.693708 3.410133 28.204429 nan 3.871789 0.000041 719.171932 0.022941
305.502084 2011 492.388167 11.824337 1870.050313 171.190601 0.054872 0.039121 -51.311284 3.411639 -0.599705 3.372211 51.643783 3.332784 73.389152 nan 3.871798 0.000041 719.167245 0.022652
312.502084 2011 219.789415 3.589830 583.718689 39.465385 0.118388 0.002353 -52.714424 1.235142 -1.878127 1.190887 46.047439 1.146633 80.521741 nan 3.871810 0.000041 719.160335 0.022605
326.502084 2011 54.381638 1.060368 159.602410 11.675868 0.123164 0.318928 -59.949650 4.092148 -16.358795 5.198626 54.011370 6.305104 33.914071 nan 3.871824 0.000040 719.152758 0.022469
333.502084 2011 161.752562 3.534957 637.652786 45.510982 0.045530 0.013155 -66.730143 5.200443 -8.767089 5.208711 47.437093 5.216979 44.868442 nan 3.871823 0.000040 719.153228 0.022518
340.502084 2011 135.503776 3.225818 577.329715 43.113134 -0.297063 0.091299 -68.900068 4.309924 -15.044585 4.409081 39.498050 4.508238 21.957761 nan 3.871834 0.000041 719.147169 0.022623
354.502084 2011 25.420601 0.818301 151.026300 10.838957 1.556992 0.180698 -67.697770 3.982735 10.268233 4.656275 46.621848 5.329815 22.269506 nan 3.871843 0.000041 719.142132 0.022749
10.502084 2012 72.596655 1.574284 323.969783 8.542518 0.019878 0.000774 -63.759688 4.291274 -17.172916 4.456776 29.173905 4.622278 10.053705 nan 3.871843 0.000042 719.142348 0.023235
17.502084 2012 68.535327 1.653029 270.836297 18.744106 -0.201732 0.051430 -59.603863 3.366409 -10.642934 3.510150 32.122758 3.653891 13.981433 nan 3.871853 0.000042 719.136572 0.023352
24.502084 2012 804.176262 17.462775 2738.562113 229.510043 0.080616 0.021639 -55.866253 2.763620 -13.994427 2.892662 35.714879 3.021705 56.480802 nan 3.871847 0.000042 719.139746 0.023524
31.502084 2012 343.154910 5.701521 909.510646 50.845213 0.125076 0.003182 -51.099729 0.819209 -12.617279 1.168603 33.780311 1.517997 63.654108 nan 3.871854 0.000043 719.135967 0.023737
38.502084 2012 279.698044 4.653713 879.332993 40.551054 0.132125 0.002773 -48.842171 0.678175 -10.317459 1.036817 33.145875 1.395459 65.927867 nan 3.871848 0.000043 719.139679 0.023887
45.502084 2012 731.005767 16.428180 3003.075960 204.295808 0.126157 0.003573 -45.318741 0.799286 -7.963074 1.158533 38.977246 1.517780 63.020220 nan 3.871853 0.000043 719.136826 0.024022
52.502084 2012 645.257590 11.797854 1879.547838 122.130370 0.136543 0.009742 -42.778458 0.482303 -7.051076 1.406668 37.940519 2.331034 62.388575 nan 3.871850 0.000043 719.138592 0.024215
59.502084 2012 748.792393 18.063995 2278.833218 315.412736 0.131597 0.002897 -40.317664 0.340590 -4.088074 0.851496 43.029817 1.362403 67.039157 nan 3.871854 0.000044 719.136535 0.024435
66.502084 2012 1429.375849 41.541665 5527.753946 928.181506 0.210641 0.091653 -39.707560 3.439884 -2.834197 3.762036 46.032583 4.084188 57.011414 nan 3.871851 0.000044 719.137749 0.024583
73.502084 2012 1806.126600 43.654742 7652.498532 1000.536836 0.148399 0.013808 -43.519735 0.757966 -3.900736 2.488499 51.657753 4.219033 64.293034 nan 3.871857 0.000044 719.134475 0.024707
80.502084 2012 1701.931706 31.308907 5486.066057 238.384093 0.159573 0.017117 -43.785577 0.852533 -4.622882 3.193564 51.565331 5.534595 63.357171 nan 3.871855 0.000045 719.136116 0.024829
87.502084 2012 865.631036 17.178771 3022.406066 361.507067 0.134322 0.009683 -43.361970 0.913821 0.074783 2.154118 51.755803 3.394415 71.061813 nan 3.871862 0.000045 719.132241 0.024942
101.502084 2012 696.214428 13.789826 2067.461674 161.810865 0.136085 0.009194 -49.330775 3.192245 3.526899 2.288347 54.904172 1.384449 77.200915 nan 3.871869 0.000045 719.128121 0.024968
109.502084 2012 379.604881 5.655611 1337.153382 67.104202 0.155957 0.021390 -47.368062 7.445131 6.468931 4.491665 53.378072 1.538199 68.797338 nan 3.871879 0.000036 719.121577 0.020039
116.502084 2012 2159.173679 54.888180 12620.053731 764.430542 0.141821 0.015838 -68.584528 5.721629 0.314711 5.440532 54.216095 5.159434 72.083957 nan 3.872455 0.000046 718.801890 0.025837
129.502084 2012 1025.239767 19.039097 3343.219188 136.191141 0.136583 0.013694 -62.710250 1.619914 -7.039400 2.995841 46.268296 4.371768 73.181297 nan 3.871889 0.000044 719.117083 0.024714
136.502084 2012 664.624258 10.778760 1855.263775 80.731687 0.145418 0.012811 -63.534825 1.497055 -9.618042 2.855987 43.267766 4.214919 79.328938 nan 3.871896 0.000044 719.113029 0.024593
143.502084 2012 624.530309 13.202308 1710.002007 173.787055 0.139472 0.009512 -66.697105 1.561697 -10.858506 2.278100 42.034023 2.994503 84.686801 nan 3.871901 0.000044 719.110345 0.024449
150.502084 2012 255.731915 3.602028 608.618012 20.005690 0.126414 0.002332 -68.146465 1.573389 -12.177832 1.296561 41.412639 1.019733 84.055772 nan 3.871906 0.000044 719.107052 0.024260
157.502084 2012 934.605402 16.046017 2975.323415 93.975994 0.142917 0.014481 -66.719985 5.116046 -12.082688 4.434723 70.703473 3.753400 75.944293 nan 3.871908 0.000043 719.106009 0.024055
164.502084 2012 932.600407 18.626735 2570.840619 205.461220 0.132398 0.002262 -66.995435 1.423320 -15.568960 1.229332 36.502325 1.035345 83.292055 nan 3.871915 0.000043 719.102408 0.023845
171.502084 2012 1266.011667 26.410053 4403.394274 397.808112 0.151361 0.013532 -69.092944 1.463039 -18.558975 2.182801 32.512237 2.902564 76.808241 nan 3.871915 0.000042 719.102393 0.023590
178.502084 2012 486.402579 10.741439 1631.429106 254.984924 0.124414 0.002422 -66.139487 1.363497 -18.047376 1.372746 30.820452 1.381995 73.959988 nan 3.871756 0.000042 719.190504 0.023586
192.502084 2012 1614.604886 31.304542 4814.034258 278.499460 0.136672 0.009513 -60.101530 1.297230 -17.609684 1.745083 30.023237 2.192935 67.375156 nan 3.871922 0.000041 719.097938 0.022709
199.502084 2012 3342.419489 74.532913 14733.164375 1028.199669 0.125231 0.004406 -58.510714 1.458553 -15.317862 1.593216 31.713377 1.727880 65.192849 nan 3.871918 0.000040 719.100140 0.022361
206.502084 2012 1773.499719 35.608732 7275.959291 341.458071 0.156142 0.013331 -59.405863 1.134198 -15.757068 1.966213 31.719352 2.798227 65.363091 nan 3.871925 0.000040 719.096400 0.022011
220.502084 2012 413.260828 6.535535 1062.095015 50.196691 0.127083 0.002304 -51.755383 1.007630 -10.639124 1.234988 31.462543 1.462346 61.853932 nan 3.871837 0.000039 719.145234 0.021466
227.502084 2012 311.132213 5.370017 825.518779 53.044805 0.124356 0.003155 -50.510509 0.996790 -8.097333 1.270663 34.985710 1.544536 60.864710 nan 3.871717 0.000038 719.212133 0.021129
234.502084 2012 362.728506 5.721724 1062.843438 42.682302 0.102706 0.016620 -47.848348 3.124914 -2.192895 2.205700 36.047064 1.286485 59.927034 nan 3.871725 0.000037 719.207629 0.020789
241.502084 2012 244.359709 3.649987 674.512874 38.769588 0.136512 0.003238 -45.429153 0.800626 -4.403239 1.183907 38.652694 1.567188 67.621692 nan 3.871720 0.000037 719.210347 0.020509
248.502084 2012 992.841497 23.801685 4227.030554 437.668765 0.104775 0.006093 -38.501545 2.252898 -1.776367 2.323077 34.880105 2.393255 54.928438 nan 3.871729 0.000036 719.205374 0.020299
255.502084 2012 506.586053 8.270930 1220.340967 56.095934 0.125506 0.001960 -39.445749 0.543978 -0.943073 0.855048 41.562793 1.166117 67.242330 nan 3.871724 0.000036 719.207583 0.020030
262.502084 2012 407.278016 8.557558 1158.124736 129.513280 0.131490 0.002212 -40.754771 0.497623 0.058677 0.885482 43.672256 1.273340 72.851698 nan 3.871736 0.000035 719.201256 0.019739
276.502084 2012 392.398105 11.295419 1935.902760 399.642607 0.344976 0.235575 -41.224060 2.169449 1.269278 2.498917 44.025181 2.828386 64.694933 nan 3.871743 0.000035 719.197238 0.019373
283.502084 2012 2057.534356 60.718918 14480.223648 1344.295994 0.112233 0.011667 -51.449639 3.446105 3.055720 2.589615 56.918763 1.733124 72.643510 nan 3.872151 0.000036 718.969830 0.019787
290.502084 2012 2463.306420 52.170083 9933.130388 736.663533 0.137373 0.001511 -53.544484 0.981787 0.947898 1.013030 55.614180 1.044272 87.203875 nan 3.871751 0.000034 719.192396 0.019005
304.502084 2012 777.987718 15.768938 2888.115716 159.967290 0.109795 0.003368 -56.278373 1.465756 -2.745777 1.330289 47.259211 1.194822 73.231320 nan 3.871762 0.000034 719.186197 0.018860
311.502084 2012 334.940849 5.207000 843.691468 33.429831 0.127186 0.003624 -60.204435 1.759843 -5.214510 1.481195 46.618678 1.202547 85.140547 nan 3.871762 0.000034 719.186432 0.018818
339.502084 2012 98.854388 1.554071 281.258346 5.795243 0.043759 0.016009 -63.536528 2.330276 -15.932726 2.410486 27.514022 2.490696 42.052286 nan 3.871783 0.000034 719.174746 0.018986
15.502084 2013 283.728143 5.376801 977.425765 62.223626 0.102743 0.014411 -54.373283 3.935798 -15.878529 4.365377 32.363455 4.794956 43.989368 nan 3.871346 0.000037 719.418713 0.020482
22.502084 2013 191.012845 3.003486 596.474029 29.905827 0.099970 0.009441 -51.032787 3.075928 -14.969806 3.617328 29.468297 4.158728 48.082709 nan 3.871327 0.000037 719.428999 0.020701
29.502084 2013 282.810010 5.770265 936.613480 91.930358 0.139581 0.011348 -50.675530 0.855129 -12.689910 1.645244 31.825172 2.435360 60.162183 nan 3.871361 0.000037 719.410353 0.020520
36.502084 2013 179.016972 3.035684 416.979548 36.403055 -0.091644 0.058751 -49.340850 4.649962 -6.315153 4.618192 38.131296 4.586421 22.770508 nan 3.871717 0.000034 719.211452 0.018891
50.502084 2013 118.961112 2.821366 530.329826 35.981257 0.016033 0.012839 -41.248341 3.542470 -4.223030 3.542447 37.925648 3.542424 18.102020 nan 3.871744 0.000038 719.197091 0.020993
57.502084 2013 386.898121 14.951312 1835.493185 404.302637 0.007946 0.015080 -39.597880 3.683695 -0.846034 3.695859 45.443238 3.708023 19.163982 nan 3.871746 0.000038 719.195862 0.021112
64.502084 2013 474.348346 7.793476 1393.417837 62.351765 0.152506 0.014247 -40.967413 0.550876 -4.976167 2.392966 46.161708 4.235056 63.077872 nan 3.871747 0.000038 719.195202 0.021222
71.502084 2013 188.663763 2.885214 517.585809 20.941427 0.114412 0.010602 -39.377405 1.152985 -1.397314 2.031198 44.651902 2.909411 56.044738 nan 3.871748 0.000038 719.194929 0.021220
78.502084 2013 1356.510131 30.216628 5944.230330 755.971125 0.169961 0.019343 -43.482123 5.507733 3.206329 4.600377 51.904648 3.693021 59.593613 nan 3.871751 0.000038 719.193170 0.021191
85.502084 2013 1119.979906 23.160099 3665.157331 357.885003 0.135550 0.016148 -44.668837 4.832315 5.893737 3.046501 56.542356 1.260688 66.084947 nan 3.871756 0.000038 719.190412 0.021183
92.502084 2013 876.088768 17.190426 2476.015090 200.032446 0.141160 0.009354 -51.816684 3.257101 2.298423 2.204759 55.847449 1.152417 77.450811 nan 3.871760 0.000038 719.188162 0.021111
99.502084 2013 278.688130 4.763489 849.538905 24.298088 0.102850 0.002558 -40.997265 0.946500 0.429895 0.970321 42.532726 0.994141 65.570356 nan 3.871763 0.000038 719.186272 0.020993
106.502084 2013 125.630103 2.294670 442.939403 16.481045 0.066371 0.002680 -35.391598 0.909705 -1.090820 0.938101 31.196938 0.966496 43.467028 nan 3.871768 0.000037 719.183227 0.020864
113.502084 2013 463.272159 11.680405 2471.413656 128.435154 0.086540 0.007966 -61.565213 2.923500 -2.436324 2.762175 49.349097 2.600850 57.137030 nan 3.871775 0.000037 719.179399 0.020703
120.502084 2013 1061.856414 24.854819 3244.552896 389.251049 0.149474 0.013347 -63.608893 1.670916 -8.403872 3.114154 48.031351 4.557392 78.927506 nan 3.871781 0.000037 719.175909 0.020470
127.502084 2013 602.858965 10.719470 1874.724381 118.399470 0.144417 0.012761 -62.452524 1.467927 -9.762196 2.699586 41.426095 3.931245 77.271312 nan 3.871786 0.000036 719.173300 0.020293
141.502084 2013 634.070359 14.803536 1789.824717 219.938851 0.124704 0.002375 -63.922707 1.416981 -12.833307 1.285198 37.089871 1.153415 80.879396 nan 3.871798 0.000036 719.166537 0.019925
148.502084 2013 1294.382759 23.374642 3852.375298 207.457486 0.160962 0.023521 -69.389682 1.959886 -20.261097 3.571174 38.088809 5.182462 70.936395 nan 3.871803 0.000035 719.163950 0.019679
155.502084 2013 1470.448875 32.225529 4540.881472 557.798083 0.161868 0.015758 -67.618863 1.535204 -17.601485 2.602917 38.570783 3.670629 75.440890 nan 3.871805 0.000035 719.162603 0.019388
162.502084 2013 1210.350453 24.243773 4294.629482 305.175973 0.129353 0.001939 -66.005518 1.203526 -17.339649 1.204542 29.614338 1.205558 76.691639 nan 3.871800 0.000034 719.165142 0.019118
169.502084 2013 523.831726 10.036067 1853.908654 62.041922 0.103879 0.003734 -61.587192 1.455785 -19.438595 1.496995 28.331438 1.538204 60.391158 nan 3.871812 0.000034 719.158495 0.018765
176.502084 2013 1176.833303 29.784505 3628.330604 452.834093 0.134001 0.010494 -61.387898 1.406988 -18.668368 1.816115 29.926288 2.225243 67.372705 nan 3.871814 0.000033 719.157342 0.018471
183.502084 2013 1572.833112 36.591307 6785.967097 691.809427 0.131250 0.004304 -59.603834 1.263787 -16.979552 1.545441 29.935436 1.827094 67.900334 nan 3.871814 0.000033 719.157506 0.018182
190.502084 2013 1634.740417 31.398149 5606.422070 313.803349 0.100154 0.014384 -59.844900 1.202224 -17.547724 1.790091 34.456689 2.377957 60.299318 nan 3.871814 0.000032 719.157047 0.017810
197.502084 2013 1672.391228 31.398365 5242.877255 308.061492 0.134183 0.004216 -56.469451 1.147411 -13.996830 1.519379 32.919651 1.891347 63.932747 nan 3.871817 0.000031 719.155721 0.017525
204.502084 2013 812.906127 13.351749 2170.022004 117.795630 0.135521 0.002530 -54.144853 0.940131 -12.849923 1.300165 29.858141 1.660200 62.956095 nan 3.871817 0.000031 719.155427 0.017231
211.502084 2013 291.192923 4.318822 741.282736 28.347225 0.129758 0.001854 -51.260577 0.895175 -10.847911 1.168370 27.818819 1.441565 60.243487 nan 3.871815 0.000030 719.156344 0.016886
218.502084 2013 572.015799 11.045036 1860.419679 116.069811 0.129604 0.004309 -48.179365 0.991470 -8.788291 1.395188 32.088819 1.798905 60.106539 nan 3.871817 0.000030 719.155221 0.016632
225.502084 2013 472.323475 9.503047 1306.517061 103.702216 0.120909 0.003250 -45.530016 0.944813 -6.871267 1.190116 32.495367 1.435418 57.096523 nan 3.871820 0.000029 719.153969 0.016382
232.502084 2013 585.127039 9.445841 1656.484670 78.336853 0.137527 0.002700 -43.272842 0.802169 -4.539282 1.053752 36.440422 1.305334 65.029144 nan 3.871819 0.000029 719.153974 0.016127
239.502084 2013 642.992214 12.234487 1894.913084 94.568543 0.126681 0.003062 -39.125786 0.719931 -2.990773 0.982082 38.061225 1.244233 62.507470 nan 3.871820 0.000029 719.153868 0.015941
246.502084 2013 386.098202 6.638528 1112.307166 60.756197 0.129940 0.001547 -37.713692 0.363800 -1.382343 0.740111 38.746363 1.116421 66.567500 nan 3.871825 0.000028 719.150830 0.015764
253.502084 2013 145.088894 2.036315 371.898917 16.342149 0.120376 0.003114 -43.459615 0.893750 -0.240144 1.099392 42.669850 1.305034 64.688012 nan 3.871828 0.000028 719.149193 0.015577
260.502084 2013 168.027426 3.328077 545.843988 46.897606 0.125773 0.020836 -45.449442 0.703001 -0.921096 1.788043 46.428542 2.873085 71.800974 nan 3.871831 0.000028 719.147534 0.015466
281.502084 2013 532.432932 10.458743 1393.181660 142.930412 0.127855 0.004172 -54.367534 1.375699 -0.614578 1.509151 53.939900 1.642603 78.747152 nan 3.871846 0.000027 719.139072 0.015169
288.502084 2013 630.545737 13.193645 1952.581245 179.527444 0.121403 0.008416 -53.445849 1.184087 -3.222592 2.091448 45.849558 2.998809 79.381628 nan 3.871849 0.000027 719.137335 0.015109
295.502084 2013 232.655963 3.386138 609.858478 19.358447 0.117564 0.002028 -52.232117 1.276469 -3.173746 1.025609 43.075201 0.774749 76.267820 nan 3.871856 0.000027 719.133438 0.015094
302.502084 2013 242.805945 5.031992 766.798992 67.421513 0.087826 0.019781 -54.710815 1.446212 -5.123229 1.258568 37.564381 1.070925 69.848226 nan 3.871861 0.000027 719.130796 0.015169
309.502084 2013 242.643409 8.493550 796.644685 123.023405 0.045029 0.010753 -61.577573 5.199352 -8.169386 5.327290 48.549513 5.455228 35.417812 nan 3.871867 0.000027 719.127634 0.015250
316.502084 2013 649.264057 13.427752 1940.668991 167.419605 0.125506 0.002997 -64.899355 1.692647 -9.482858 1.373139 39.988974 1.053631 81.886272 nan 3.871691 0.000029 719.225645 0.015972
330.503473 2013 107.027795 2.061438 409.437490 22.023623 0.073832 0.035921 -67.833091 4.410481 -11.613169 4.132351 60.702615 3.854220 75.709227 nan 3.871684 0.000029 719.229338 0.016227
337.502084 2013 111.701917 2.566305 469.037773 33.200306 0.010924 0.017748 -67.730473 5.171100 -13.015139 5.054838 45.157294 4.938576 28.306162 nan 3.871690 0.000029 719.226290 0.016381
344.502084 2013 286.144835 6.386242 930.334229 85.147403 0.099586 0.011907 -66.495865 3.670862 -18.422300 3.957711 27.935245 4.244560 52.575872 nan 3.871691 0.000030 719.225622 0.016523
351.502084 2013 181.183826 5.242024 721.936308 87.996995 -0.655180 0.148256 -63.673894 3.902291 -15.696991 3.860463 24.209250 3.818635 21.259181 nan 3.871693 0.000030 719.224719 0.016671
358.502084 2013 57.027958 1.535910 300.739947 19.291177 -0.569103 0.133927 -59.670367 3.507846 -21.352835 3.554283 24.627205 3.600720 12.634078 nan 3.871697 0.000030 719.222117 0.016835
7.502084 2014 128.671638 2.370823 461.377702 20.074164 0.047081 0.005542 -54.140189 3.374000 -17.379124 3.640010 26.290593 3.906020 21.605524 nan 3.871697 0.000031 719.222624 0.017152
35.502084 2014 32.053077 1.198829 254.201557 26.728530 -1.720188 0.243350 -43.472344 3.378684 -21.853652 3.466563 31.658634 3.554442 5.057940 nan 3.871024 0.000031 719.597712 0.017152
42.502084 2014 473.727728 7.873758 1331.643380 68.871699 0.193163 0.023183 -43.636429 0.736144 -13.406260 2.910177 32.397767 5.084210 49.713594 nan 3.871699 0.000032 719.221431 0.017837
49.502084 2014 768.795631 19.645065 4104.637376 423.719766 0.123520 0.011753 -38.848573 1.178678 -5.244670 2.247113 37.257340 3.315549 53.079367 nan 3.871701 0.000032 719.220043 0.017955
56.502084 2014 720.757801 14.911713 2672.102322 194.292207 0.115467 0.003855 -38.793143 1.132397 -1.813252 1.222496 40.156290 1.312595 58.548485 nan 3.871703 0.000032 719.218992 0.018012
63.502084 2014 243.340004 4.102165 595.811182 31.740066 0.149196 0.013667 -41.442192 2.561719 -2.282789 3.328647 45.613868 4.095576 61.798561 nan 3.871704 0.000032 719.218656 0.018031
77.503473 2014 54.885742 1.702493 225.237709 27.670017 1.532782 0.170836 -41.817514 2.458416 -7.685949 2.412921 42.984380 2.367426 48.291081 nan 3.871714 0.000032 719.213302 0.018025
84.502084 2014 79.856676 1.844088 342.039008 20.593744 -0.022707 0.018878 -43.150498 4.350825 2.333246 4.313158 44.081490 4.275491 15.406910 nan 3.871716 0.000032 719.211753 0.017930
91.502084 2014 67.228209 1.839736 269.297969 20.674705 -0.357288 0.086005 -45.034697 4.782156 -1.865798 4.861323 44.624918 4.940490 9.623569 nan 3.871719 0.000032 719.210151 0.017801
98.502084 2014 203.178934 10.004026 739.545539 201.864644 -0.148057 0.045796 -49.267355 3.955486 -3.769037 4.182633 41.667543 4.409780 30.334264 nan 3.871724 0.000032 719.207301 0.017666
105.502084 2014 472.027493 10.262505 1145.958482 121.034607 0.128177 0.009091 -56.414630 1.368282 -4.139545 2.119583 46.238966 2.870884 73.036562 nan 3.871731 0.000031 719.203450 0.017540
112.502084 2014 412.951494 8.188673 1231.435571 97.141678 0.129655 0.001485 -60.129885 1.374822 -4.819747 0.993389 43.188471 0.611956 82.862232 nan 3.871736 0.000031 719.200620 0.017334
119.502084 2014 448.954111 10.942578 1557.398648 159.014789 0.100131 0.035041 -60.508869 2.000752 -9.569866 2.985568 39.601331 3.970385 73.565144 nan 3.871740 0.000031 719.198617 0.017123
140.502084 2014 136.789660 4.246169 464.163623 83.832826 -2.389276 0.382800 -58.736811 3.479109 -9.609760 2.798076 34.538959 2.117042 38.526072 nan 3.871754 0.000029 719.190360 0.016437
168.502084 2014 158.735004 4.285993 758.295090 76.943442 -0.601248 0.214430 -61.243706 2.745293 -23.495032 3.065474 39.458900 3.385656 35.740123 nan 3.871765 0.000027 719.184158 0.015310
175.502084 2014 58.822868 1.349475 231.435822 15.334868 -0.943697 0.172208 -55.509738 3.635278 -23.494745 3.363078 24.472882 3.090878 20.163830 nan 3.871765 0.000027 719.184247 0.014965
189.503473 2014 32.004367 1.059657 163.357706 13.863859 -1.844423 0.211370 -53.657129 3.223206 8.035639 3.949638 48.517892 4.676071 22.408724 nan 3.871769 0.000026 719.181945 0.014369
203.502084 2014 7.962728 0.398888 81.612670 6.320617 0.364415 0.016060 -45.110174 0.261468 -27.774629 0.711537 34.424536 1.161606 15.998522 nan 3.871770 0.000025 719.181332 0.013750
210.502084 2014 39.529929 1.496338 177.543411 23.275320 -1.705344 0.219826 -45.954351 3.378423 -3.834580 3.110050 24.815913 2.841677 26.917696 nan 3.871772 0.000024 719.180070 0.013529
217.502084 2014 189.916305 3.918104 817.043532 30.063450 0.052356 0.006211 -43.554751 3.371870 -7.594492 3.454433 31.239988 3.536997 22.305549 nan 3.871774 0.000024 719.178876 0.013291
224.502084 2014 117.246649 2.634227 497.314298 30.582568 0.023249 0.006439 -39.496433 3.186478 -4.529368 3.302190 33.386876 3.417902 14.316951 nan 3.871775 0.000023 719.178481 0.013031
231.502084 2014 142.750420 3.684272 783.582821 51.529782 -0.950101 0.180982 -38.792040 3.239597 6.149489 3.082831 35.709096 2.926065 21.144545 nan 3.871776 0.000023 719.177540 0.012798
245.503473 2014 727.308662 12.888146 2197.432909 103.366532 0.129299 0.001472 -37.330329 0.418454 -0.418174 0.633449 39.557204 0.848445 66.009448 nan 3.871784 0.000022 719.173080 0.012506
252.502084 2014 416.281383 9.046116 1176.372921 137.488908 0.116640 0.004769 -42.366546 2.694789 0.875909 1.886630 40.747777 1.078471 62.206331 nan 3.871786 0.000022 719.172180 0.012340
259.502084 2014 437.633353 10.301556 2040.839113 155.748266 -0.553762 0.201776 -36.005340 5.044330 8.497787 2.970621 40.231122 0.896912 45.105345 nan 3.871789 0.000022 719.170295 0.012209
266.502084 2014 650.108930 13.429741 2154.404530 158.402226 0.114343 0.006355 -43.411942 2.619134 0.616965 2.618385 45.585744 2.617636 66.088588 nan 3.871795 0.000022 719.167220 0.012165
273.502084 2014 676.878340 11.506664 2153.140432 54.283593 0.124407 0.001378 -45.021519 1.021631 0.041504 0.826732 44.634974 0.631832 74.442442 nan 3.871800 0.000022 719.164419 0.012107
280.502084 2014 414.653161 7.404433 1258.970750 68.819114 0.111232 0.007888 -48.694785 1.155057 -2.726109 1.947650 44.112059 2.740242 70.981100 nan 3.871803 0.000022 719.162423 0.012075
287.502084 2014 557.253018 12.478320 1550.946835 177.598954 0.118079 0.007826 -59.223912 1.599662 -4.218423 2.203853 44.736403 2.808045 76.693891 nan 3.871808 0.000022 719.159975 0.012048
301.503473 2014 619.481884 10.780272 1933.000072 64.954823 0.120911 0.001741 -56.963266 1.602490 -7.340376 1.135264 38.101105 0.668038 77.168340 nan 3.871819 0.000022 719.153548 0.012216
308.502084 2014 695.920179 15.763934 2066.568528 242.826889 0.118079 0.002281 -60.357367 1.774322 -9.720381 1.400940 36.070387 1.027557 75.339596 nan 3.871823 0.000022 719.151600 0.012291
315.502084 2014 569.810207 13.434867 1711.388318 202.871152 0.120697 0.002669 -66.281463 1.941291 -12.002630 1.463001 33.943226 0.984711 76.135144 nan 3.871825 0.000022 719.150581 0.012344
322.502084 2014 737.908822 12.748600 2343.962004 83.282746 0.127055 0.002535 -65.437812 1.554283 -13.747657 1.370376 37.251799 1.186470 78.488097 nan 3.871829 0.000022 719.148387 0.012524
329.502084 2014 306.397498 5.482566 933.470728 54.134038 0.118851 0.002135 -65.220654 1.395798 -16.399466 1.252555 28.007425 1.109311 71.569562 nan 3.871834 0.000023 719.145486 0.012656
336.502084 2014 313.348802 5.781457 966.417352 72.450346 0.121114 0.003630 -63.249087 1.309493 -16.640910 1.401727 33.993387 1.493961 69.966124 nan 3.871836 0.000023 719.144387 0.012788
343.502084 2014 1097.185138 18.619830 3169.045777 100.694155 0.130787 0.003054 -61.179314 0.998486 -16.994171 1.220043 35.645472 1.441600 71.159994 nan 3.871836 0.000023 719.144112 0.012860
350.502084 2014 581.431398 9.966409 1584.298428 79.831696 0.130635 0.009501 -57.130546 0.824978 -18.236068 1.265979 23.956279 1.706979 62.944343 nan 3.871838 0.000023 719.143009 0.013042
357.502084 2014 658.069890 13.713175 2270.754480 170.874189 0.070426 0.017259 -53.672149 0.735093 -20.224547 1.523573 25.656672 2.312054 53.439124 nan 3.871843 0.000024 719.140483 0.013315
6.502084 2015 1118.363245 28.334681 4531.910659 661.946254 0.118028 0.004315 -48.095030 0.908372 -13.894407 1.288329 33.194176 1.668287 53.684397 nan 3.871843 0.000024 719.140519 0.013620
13.502084 2015 259.020619 4.384255 604.151122 37.008272 0.134161 0.009457 -48.096722 0.899366 -13.026890 1.352204 28.073592 1.805042 54.122364 nan 3.871845 0.000025 719.139707 0.013789
20.502084 2015 138.746592 2.612988 433.452120 38.524140 -0.253188 0.107513 -44.108548 3.971829 -4.077344 3.298558 34.874989 2.625287 43.780196 nan 3.871845 0.000025 719.139405 0.013879
27.502084 2015 299.966451 5.378616 943.705434 47.145588 0.104239 0.013860 -40.771719 0.705723 -8.426510 1.508741 32.395238 2.311759 52.487694 nan 3.871845 0.000025 719.139714 0.013969
34.502084 2015 791.983094 13.439114 2205.292483 91.266207 0.140528 0.010002 -40.300030 0.657416 -6.830449 1.561268 38.714127 2.465119 56.126474 nan 3.871845 0.000025 719.139739 0.014091
41.502084 2015 283.403360 5.426875 760.633889 63.613794 0.123747 0.009781 -37.823802 0.743033 -4.671714 1.407642 32.458178 2.072252 51.747151 nan 3.871846 0.000026 719.138987 0.014224
48.502084 2015 434.867171 10.417710 1684.713072 163.835157 0.084276 0.020530 -35.349152 1.094928 -2.229807 1.322646 36.700774 1.550364 50.960788 nan 3.871850 0.000026 719.136541 0.014297
55.502084 2015 517.041536 11.527853 1462.438596 155.337554 0.128712 0.009567 -39.935530 2.650431 1.072096 1.875379 41.071947 1.100326 57.555504 nan 3.871849 0.000026 719.137356 0.014255
62.500695 2015 1314.211081 17.599013 4473.860436 399.303656 0.118476 0.027335 -41.680499 4.640019 1.250490 4.339201 43.539758 4.038383 54.937493 nan 3.873053 0.000026 718.467089 0.014311
69.502084 2015 558.214172 9.460575 1502.439346 85.885489 0.153560 0.016239 -41.050401 4.607100 5.381774 2.711623 42.218293 0.816147 59.487920 nan 3.871666 0.000027 719.239396 0.014912
76.502084 2015 2259.441859 61.348579 14391.710932 1119.927423 0.130368 0.016623 -53.447498 3.118604 -0.630595 3.482605 46.219330 3.846606 60.631899 nan 3.871671 0.000027 719.236817 0.014877
83.502084 2015 2380.334821 48.496987 8846.847271 652.417039 0.167002 0.018612 -48.384926 5.827444 6.954535 3.273834 44.108762 0.720225 61.633244 nan 3.871675 0.000027 719.234535 0.014850
90.502084 2015 791.614881 14.478579 2851.067812 112.344662 0.123956 0.009482 -46.362821 2.962104 0.780359 1.714092 42.310657 0.466080 66.834625 nan 3.871686 0.000026 719.227985 0.014635
97.502084 2015 595.200223 12.794235 2221.531870 268.984525 0.132291 0.009706 -53.128995 3.471735 -0.348742 2.196446 43.477152 0.921158 72.354893 nan 3.871682 0.000026 719.230330 0.014643
104.502084 2015 1516.339449 36.396338 5681.720141 681.725067 0.128136 0.009769 -59.291403 1.742906 -5.346594 2.177549 49.375785 2.612191 71.085710 nan 3.871687 0.000026 719.227768 0.014540
111.502084 2015 1451.614555 27.565042 4956.786670 335.864836 0.143473 0.009781 -59.203152 1.597490 -7.333278 2.313158 43.321630 3.028827 79.292634 nan 3.871692 0.000026 719.224851 0.014425
118.502084 2015 536.838239 9.980568 1823.265682 84.878200 0.112736 0.002959 -57.631044 1.529461 -9.569992 1.367901 38.952819 1.206340 70.491871 nan 3.871696 0.000026 719.222518 0.014230
125.502084 2015 458.029160 9.173487 1448.961272 144.096352 0.123048 0.002717 -58.089380 1.527993 -11.513949 1.335439 34.678251 1.142884 75.464511 nan 3.871699 0.000025 719.220820 0.014035
132.502084 2015 1076.740849 23.729602 4428.166981 365.566384 0.126192 0.010682 -62.184178 1.850207 -14.359685 2.076872 33.828151 2.303537 68.983147 nan 3.871703 0.000025 719.218607 0.013843
146.502084 2015 152.633969 2.484427 411.230005 20.469533 0.098579 0.003714 -58.296925 1.412786 -18.608467 1.654073 25.427544 1.895360 56.654566 nan 3.871709 0.000024 719.215027 0.013370
153.502084 2015 97.110059 1.379687 217.114444 7.900717 0.063850 0.007080 -58.473782 2.282796 -20.524566 2.517596 25.313651 2.752396 35.790191 nan 3.871712 0.000023 719.213476 0.012951
160.502084 2015 832.966105 16.135804 2873.242274 104.733389 0.034537 0.040999 -60.827899 1.632742 -19.727532 2.297052 36.345843 2.961363 55.756487 nan 3.871713 0.000023 719.212824 0.012860
167.502084 2015 785.158623 14.322084 2165.401362 138.143636 0.132279 0.002873 -60.331043 1.145542 -16.433150 1.314956 26.627928 1.484370 64.154178 nan 3.871716 0.000022 719.211138 0.012535
174.507639 2015 1575.973244 42.770579 10162.452768 1026.012918 0.125749 0.010075 -58.626970 1.798568 -15.565715 2.034519 31.300459 2.270469 58.583438 nan 3.871956 0.000022 719.077156 0.012238
181.502084 2015 1151.538431 20.514153 3977.035446 179.146141 0.134029 0.002210 -54.872473 1.040947 -14.204685 1.278252 26.388860 1.515556 59.512620 nan 3.871718 0.000021 719.209955 0.011928
188.502084 2015 736.483977 15.812477 1955.993584 245.001264 0.124047 0.003205 -50.157366 1.161901 -12.689909 1.261785 23.373487 1.361669 54.061070 nan 3.871720 0.000021 719.208658 0.011656
195.502084 2015 1074.907549 21.106963 2839.614182 258.706430 0.130681 0.005351 -48.208788 0.924479 -11.419035 1.644369 26.176525 2.364258 54.923496 nan 3.871722 0.000020 719.207683 0.011353
202.502084 2015 815.414608 20.581602 2205.522831 285.746946 0.122567 0.002920 -44.562469 0.914259 -8.998839 1.076817 27.298543 1.239375 51.898558 nan 3.871723 0.000020 719.207006 0.011007
209.502084 2015 480.057831 7.352037 1303.058131 47.535655 0.131436 0.002662 -42.050363 0.845120 -6.723794 0.949072 29.159317 1.053025 55.343032 nan 3.871723 0.000020 719.207024 0.010899
216.502084 2015 465.251177 9.908227 1283.023739 123.375087 0.136779 0.002294 -38.297976 0.722308 -4.371146 0.874596 31.747559 1.026884 58.646538 nan 3.871725 0.000019 719.205692 0.010663
223.502084 2015 578.077509 11.167811 1911.265483 123.886636 0.128979 0.003101 -36.647687 0.814367 -2.620038 0.913118 35.032446 1.011870 57.586133 nan 3.871728 0.000019 719.204082 0.010418
230.502084 2015 2816.421928 56.817969 10461.028031 551.729570 0.133103 0.002875 -36.781647 0.620247 -1.001998 0.830317 39.529843 1.040387 61.296270 nan 3.871730 0.000018 719.202868 0.010157
237.502084 2015 1896.215869 49.217116 8805.930217 1313.577093 0.105874 0.010300 -35.853094 0.883732 -0.798856 1.387497 35.947119 1.891262 54.825707 nan 3.871732 0.000018 719.201976 0.009992
244.502084 2015 1395.201500 28.472678 5090.613723 465.665220 0.130736 0.002117 -36.941820 0.634706 0.862918 0.778349 40.840022 0.921992 66.152061 nan 3.871736 0.000018 719.199800 0.009816
251.502084 2015 1700.901566 53.621325 9427.295784 1447.181389 0.122092 0.004393 -38.668734 1.270835 1.025699 1.415964 43.659434 1.561094 64.937864 nan 3.871273 0.000018 719.457845 0.009988
258.502084 2015 1786.363171 32.166208 5848.826619 327.159945 0.134440 0.001924 -41.867736 1.066283 1.599556 0.871206 45.368316 0.676130 73.756174 nan 3.871744 0.000017 719.195044 0.009383
265.502084 2015 1272.437733 26.251425 4520.084869 476.352069 0.132434 0.002586 -49.204949 1.257963 0.705865 0.994317 44.531384 0.730671 75.596740 nan 3.871746 0.000017 719.194107 0.009356
272.502084 2015 448.452741 7.382213 1375.976621 58.940600 0.121680 0.002143 -44.739361 1.341180 -0.149053 0.946434 41.449336 0.551688 72.145354 nan 3.871751 0.000017 719.191351 0.009266
279.502084 2015 2570.024130 61.679799 9760.417124 1281.395856 0.111325 0.010857 -55.051061 1.810151 -4.811107 2.808405 46.594614 3.806659 70.419602 nan 3.871757 0.000016 719.188003 0.009154
286.502084 2015 3184.465895 61.428921 11296.792951 377.580345 0.128391 0.002274 -57.104138 1.646637 -3.749951 1.211767 45.505303 0.776896 78.456818 nan 3.871760 0.000016 719.186167 0.009124
293.502084 2015 1177.449660 24.352466 4271.049994 400.572955 0.126093 0.002116 -56.765154 1.607571 -6.338345 1.209724 40.356014 0.811876 77.965341 nan 3.871764 0.000016 719.183876 0.009102
300.502084 2015 359.898692 6.795087 1291.995893 74.885829 0.111133 0.003654 -60.336426 1.779486 -9.082732 1.613873 35.783256 1.448260 69.032031 nan 3.871769 0.000016 719.181246 0.009175
307.502084 2015 1670.208740 41.488786 8121.982342 807.636316 0.123944 0.012983 -63.350236 1.636983 -11.895909 2.378573 35.965685 3.120164 71.406207 nan 3.871774 0.000017 719.178705 0.009229
314.502084 2015 3073.405577 59.058867 10677.698466 390.031677 0.116738 0.012115 -64.628065 1.538743 -14.822466 1.936208 38.681261 2.333673 76.544532 nan 3.871776 0.000017 719.177289 0.009302
321.502084 2015 1614.219562 32.854420 6153.777891 335.349567 0.122658 0.002271 -61.880070 1.331918 -14.688160 1.263981 33.405653 1.196045 71.563727 nan 3.871779 0.000017 719.175666 0.009426
328.502084 2015 566.415421 11.991121 2520.818584 67.411128 0.098939 0.003289 -58.649939 1.408828 -17.214151 1.508206 22.847883 1.607584 57.224569 nan 3.871783 0.000017 719.173521 0.009558
335.502084 2015 473.940913 8.565061 1371.905759 65.543051 0.116124 0.004888 -57.643229 1.404454 -16.592802 1.529823 25.795528 1.655192 62.264116 nan 3.871786 0.000017 719.171836 0.009677
342.502084 2015 822.303461 12.925465 2307.742780 59.632396 0.145595 0.009554 -55.914120 0.828611 -16.098105 1.390601 30.440876 1.952592 67.201055 nan 3.871787 0.000018 719.171322 0.009763
349.502084 2015 1013.793803 11.559574 2313.428363 163.876046 0.112522 0.016582 -53.287900 1.091137 -16.789550 1.693467 29.670908 2.295797 61.839508 nan 3.872114 0.000014 718.988718 0.008052
356.502084 2015 1807.433888 41.303895 8289.235955 670.716025 0.123533 0.004626 -50.304370 0.981837 -14.513440 1.326416 29.943045 1.670995 56.730612 nan 3.871788 0.000018 719.170736 0.009968
5.502084 2016 1488.558949 28.423134 4932.767757 372.266354 0.154660 0.013648 -47.426533 0.992224 -12.850636 1.674367 31.215114 2.356510 54.843271 nan 3.871792 0.000019 719.168363 0.010367
12.502084 2016 631.418689 9.854332 1698.690126 83.366206 0.135016 0.002552 -41.982267 0.848867 -9.179229 1.053038 29.861638 1.257209 56.139019 nan 3.871793 0.000019 719.168036 0.010580
19.502084 2016 845.068005 21.593107 3364.678526 523.257536 0.113578 0.004673 -39.377123 0.879407 -7.443458 1.287701 34.656276 1.695996 48.013251 nan 3.871795 0.000019 719.166961 0.010773
26.502084 2016 676.030535 11.585960 1738.568607 93.563537 0.125773 0.004362 -38.632609 0.979012 -5.025239 1.072464 34.177134 1.165917 53.224428 nan 3.871797 0.000020 719.165793 0.010931
33.502084 2016 253.277770 4.404619 805.416326 40.111264 0.126247 0.014648 -34.443930 0.874498 -6.198918 2.017161 32.733984 3.159823 43.514227 nan 3.871798 0.000020 719.165373 0.011049
40.502084 2016 480.421963 10.056553 1562.943324 123.395773 0.118027 0.018974 -35.737817 3.335085 0.337686 2.939641 32.703138 2.544196 43.635439 nan 3.871800 0.000020 719.164466 0.011213
47.502084 2016 1623.220944 37.252433 7320.795221 478.223733 0.124305 0.018549 -40.747387 0.793250 -4.343605 2.398037 43.573268 4.002824 51.785251 nan 3.871802 0.000020 719.163068 0.011311
54.502084 2016 1480.718102 28.452789 4778.914831 228.302227 0.125951 0.001888 -38.499508 0.813425 1.101739 0.778355 40.033339 0.743285 62.607773 nan 3.871804 0.000020 719.162121 0.011346
61.502084 2016 613.790872 12.616785 2261.073568 104.256122 0.087948 0.013091 -39.445237 2.480604 3.470478 1.657037 39.180593 0.833471 52.747731 nan 3.871808 0.000021 719.160006 0.011428
68.502084 2016 1120.835068 22.319443 3814.293894 259.930379 0.120085 0.003762 -48.309145 1.379312 1.484325 1.255718 42.991574 1.132125 65.024033 nan 3.871810 0.000021 719.158475 0.011481
75.502084 2016 1154.053573 21.621162 3724.994243 160.375840 0.138810 0.013230 -51.580152 3.728433 1.471913 3.573512 42.741153 3.418590 63.065680 nan 3.871815 0.000021 719.155928 0.011493
89.502084 2016 350.241449 6.001419 918.272797 113.667226 0.134695 0.002906 nan nan nan nan nan nan nan nan nan nan nan nan
96.502084 2016 827.098652 15.980386 2338.196575 169.392146 0.133638 0.009858 -52.845027 3.341563 -1.452347 2.068023 39.876562 0.794483 71.498663 nan 3.871828 0.000020 719.148471 0.011311
103.502084 2016 1078.119349 25.140610 4295.836747 361.350413 0.126628 0.017258 -54.727844 3.364200 -7.503548 3.836354 41.076876 4.308508 65.451619 nan 3.871830 0.000020 719.147420 0.011309
110.502084 2016 946.056379 18.540883 3060.169342 190.708234 0.123155 0.002698 -54.081528 1.366328 -8.268855 1.279292 38.989670 1.192256 73.865623 nan 3.871836 0.000020 719.144387 0.011164
117.502084 2016 343.973655 4.812335 771.164561 24.029998 0.135657 0.002076 -60.533473 1.455440 -9.890633 1.303575 42.416895 1.151710 79.892697 nan 3.871838 0.000020 719.143105 0.011076
124.502084 2016 1238.084385 24.501125 4157.378777 169.866199 0.115747 0.010891 -60.200407 1.309291 -12.825861 1.575768 36.244179 1.842245 72.123333 nan 3.871841 0.000020 719.141263 0.010906
131.502084 2016 3068.633188 63.079076 12147.509218 777.596651 0.137901 0.010307 -59.973688 1.286097 -15.078990 1.947466 37.758094 2.608835 71.011234 nan 3.871845 0.000019 719.139009 0.010756
138.502084 2016 1465.934949 28.031708 5305.132282 255.528571 0.126929 0.002767 -57.412468 1.304792 -14.979560 1.376424 30.711682 1.448055 69.452986 nan 3.871848 0.000019 719.137165 0.010561
145.502084 2016 661.004002 11.864183 2215.380985 89.253115 0.115946 0.014473 -57.502656 1.106606 -18.333081 1.898093 29.964444 2.689580 61.454537 nan 3.871850 0.000019 719.136422 0.010367
152.502084 2016 462.150417 6.887340 1033.036583 42.529032 0.133823 0.002541 -57.974905 1.031690 -15.568890 1.282628 27.383210 1.533566 66.392432 nan 3.871851 0.000018 719.135409 0.010168
159.502084 2016 863.528954 18.336052 2709.729034 242.736303 0.127237 0.003998 -58.990597 1.227926 -15.296719 1.539250 32.719076 1.850574 61.094549 nan 3.871854 0.000018 719.133819 0.009926
166.502084 2016 547.749537 9.490784 1380.754498 90.377520 0.131147 0.002762 -56.992067 1.134959 -14.841421 1.349193 26.926481 1.563426 59.195381 nan 3.871856 0.000017 719.132615 0.009692
173.502084 2016 309.345544 4.838536 765.461811 46.430544 0.133154 0.002925 -52.886889 1.068673 -12.972608 1.275545 28.285977 1.482418 57.110975 nan 3.871857 0.000017 719.132359 0.009472
180.502084 2016 227.364658 4.242945 1064.005261 50.595644 0.141298 0.002434 -49.831870 1.452703 -11.148964 1.589148 25.342581 1.725592 59.214689 nan 3.871434 0.000013 719.367843 0.007343
187.502084 2016 344.983955 9.435800 1111.422019 154.446010 0.122193 0.006529 -45.233785 2.011357 -9.475234 2.046873 27.682204 2.082389 49.481502 nan 3.871681 0.000015 719.230379 0.008110
194.502084 2016 817.224941 12.929362 2381.990858 75.280280 0.146585 0.009868 -41.709306 0.841149 -8.148459 1.216834 26.130507 1.592519 53.721028 nan 3.871682 0.000014 719.229419 0.007895
201.502084 2016 410.830060 6.761794 1175.483192 51.928940 0.125666 0.004023 -38.286897 1.075341 -6.049926 1.131117 26.146026 1.186894 50.919586 nan 3.871683 0.000014 719.229120 0.007661
208.502084 2016 749.732177 14.478624 2333.724355 145.408282 0.122504 0.009088 -35.569558 0.696303 -4.485894 1.303116 30.355298 1.909930 52.174423 nan 3.871684 0.000013 719.228463 0.007476
215.502084 2016 1004.168234 20.877317 3339.844551 261.235083 0.132536 0.002540 -35.722156 0.671197 -1.808259 0.708442 32.159192 0.745687 55.993497 nan 3.871690 0.000013 719.225417 0.007036
222.502084 2016 1316.104176 20.987457 3613.743891 88.731099 0.129143 0.008639 -34.872737 0.475426 -1.352151 1.331234 36.643921 2.187041 58.089668 nan 3.871690 0.000013 719.225371 0.007039
229.502084 2016 637.299511 10.771947 1769.139083 93.737710 0.128626 0.002084 -34.480891 0.635011 1.057218 0.648034 37.119588 0.661056 59.422564 nan 3.871691 0.000012 719.224593 0.006826
236.502084 2016 699.748316 14.540388 1986.438197 179.065511 0.124768 0.003485 -35.771074 1.060778 2.135858 1.018931 41.073986 0.977084 60.628261 nan 3.871692 0.000012 719.223818 0.006695
243.502084 2016 1291.754110 36.701112 5176.545594 952.419558 0.114486 0.009880 -37.543174 2.794534 2.379968 2.615415 46.559310 2.436296 60.395781 nan 3.871698 0.000011 719.220593 0.006336
257.502084 2016 1287.598609 26.487882 4725.985351 247.771295 0.120240 0.002041 -41.059606 1.175713 1.820273 0.872422 42.174216 0.569131 66.791442 nan 3.871703 0.000011 719.217687 0.005988
264.502084 2016 489.420171 8.592453 1265.154020 85.722895 0.100298 0.016807 -46.731332 3.458531 3.699552 2.093520 43.185850 0.728509 67.578601 nan 3.871701 0.000011 719.219190 0.005949
271.502084 2016 2559.817329 58.074265 10777.258579 637.541603 0.130742 0.003390 -55.593211 1.971673 -0.800496 1.379306 46.292630 0.786938 75.781709 nan 3.871712 0.000010 719.212916 0.005654
278.502084 2016 2779.589183 53.931855 9636.109390 336.647081 0.121732 0.009152 -53.447781 1.508553 -4.052623 1.977686 43.575127 2.446820 75.209832 nan 3.871715 0.000010 719.211200 0.005522
285.502084 2016 1580.144534 35.305031 6371.415855 676.504650 0.123315 0.002899 -56.520430 1.628315 -4.642371 1.313094 38.334280 0.997874 73.981544 nan 3.871718 0.000010 719.209727 0.005436
292.502084 2016 1951.722983 31.965299 5390.522780 177.654112 0.144313 0.002447 -60.213076 1.522891 -6.572698 1.154064 43.002229 0.785237 84.642884 nan 3.871722 0.000010 719.207452 0.005375
299.502084 2016 2784.443709 63.737462 10175.285995 1058.771583 0.125132 0.003841 -60.231411 1.848937 -9.830449 1.476724 36.099941 1.104511 74.017010 nan 3.871726 0.000010 719.205106 0.005326
306.502084 2016 2410.096164 47.659085 8647.917237 458.157169 0.130376 0.002844 -60.783827 1.419561 -10.552222 1.334368 37.803420 1.249175 75.513162 nan 3.871729 0.000010 719.203404 0.005307
313.502084 2016 922.644305 18.075262 3065.475343 186.734223 0.118491 0.003306 -58.547749 1.522833 -12.589752 1.332180 30.979373 1.141526 67.745750 nan 3.871731 0.000010 719.202107 0.005341
320.502084 2016 550.532292 8.611900 1632.084758 43.651009 0.137321 0.002812 -58.259338 0.850180 -13.876388 1.078106 34.297895 1.306032 74.020005 nan 3.871735 0.000010 719.200115 0.005383
327.502084 2016 620.850720 13.931119 1981.305442 193.482313 0.118079 0.005169 -54.274273 2.857333 -13.073094 2.284005 38.159113 1.710677 61.999580 nan 3.871739 0.000010 719.198017 0.005435
341.502084 2016 561.998015 9.868671 1685.274766 94.140890 0.123841 0.003661 -51.133718 0.820033 -15.051966 1.292690 32.407783 1.765348 58.694408 nan 3.871744 0.000010 719.195091 0.005731
348.502084 2016 644.168654 9.773165 1843.938073 49.870212 0.144633 0.009053 -51.071345 0.942050 -14.143368 1.336931 29.387269 1.731812 59.180241 nan 3.871747 0.000011 719.193214 0.005862
355.502084 2016 900.394619 20.469409 3124.175948 350.107429 0.133707 0.010466 -48.350368 1.050516 -13.460839 1.436821 34.190871 1.823127 52.635267 nan 3.871747 0.000011 719.193516 0.005875
