50.500741 2013 122.768283 2.968989 562.596103 37.599704 0.009234 0.012705 -41.233654 3.847031 6.944531 3.715406 47.319292 3.583780 19.134811 nan 3.871745 0.000015 719.194782 0.008364
57.500741 2013 387.037722 14.466538 1707.631001 342.980486 0.014365 0.015296 -39.678827 4.281992 8.130726 4.137653 50.131700 3.993314 22.443107 nan 3.871746 0.000016 719.194312 0.008642
64.500741 2013 392.422577 7.982347 1528.171123 68.134703 0.151573 0.013137 -42.176094 3.666806 5.409901 2.454420 50.718175 1.242035 71.395162 nan 3.871628 0.000014 719.259494 0.007974
71.500741 2013 177.401549 2.680963 471.159502 18.906121 0.091788 0.014007 -42.061267 2.529278 2.953205 1.959745 45.677542 1.390211 57.931024 nan 3.871747 0.000016 719.193298 0.009152
78.500741 2013 1343.531557 28.871789 5591.739957 643.944523 0.136672 0.003995 -45.555358 1.154169 -0.330212 1.362352 50.007501 1.570534 72.790730 nan 3.871750 0.000017 719.191953 0.009345
85.500741 2013 1115.851146 24.789480 3671.036397 488.056629 0.095760 0.016478 -44.915744 1.031032 -6.353990 2.556250 47.945546 4.081467 62.068970 nan 3.871754 0.000017 719.189656 0.009496
92.500741 2013 854.687260 16.933579 2442.799052 214.014229 0.135444 0.002383 -45.171029 0.675970 -3.826846 1.088908 45.401782 1.501847 70.353173 nan 3.871756 0.000017 719.188795 0.009652
99.500741 2013 262.300425 4.429785 790.746937 25.361959 0.102747 0.002844 -40.053524 0.837557 -5.615207 1.188575 35.053688 1.539594 53.389700 nan 3.871756 0.000018 719.188635 0.009843
106.500741 2013 119.820764 2.175702 417.487104 17.213336 0.064262 0.002908 -35.086695 0.915673 -6.984990 1.157936 23.911332 1.400200 33.164378 nan 3.871759 0.000018 719.187093 0.009935
113.500741 2013 465.853627 12.057196 2560.793554 141.150456 0.069613 0.019896 -41.136156 1.584749 -6.474953 1.910536 35.932061 2.236324 41.077898 nan 3.871762 0.000018 719.185203 0.009980
120.500741 2013 1065.231945 24.906575 3533.542929 412.782039 0.143031 0.010524 -42.099868 0.820847 -7.153312 1.710291 34.156670 2.599735 55.821627 nan 3.871763 0.000018 719.184659 0.010049
127.500741 2013 601.318445 10.408731 1833.296310 118.854052 0.130324 0.001697 -38.820174 0.644583 -5.277500 0.831265 31.370931 1.017948 54.880163 nan 3.871763 0.000018 719.184938 0.010156
134.500741 2013 370.861016 10.841922 1090.578236 201.011471 0.108921 0.004279 -33.701841 1.136735 -3.718306 1.093990 26.600189 1.051245 44.354419 nan 3.871764 0.000018 719.183925 0.010169
141.500741 2013 688.448329 15.442618 1819.551730 199.648839 0.145807 0.012913 -34.533136 0.752720 -4.367831 1.678768 27.914958 2.604817 45.188799 nan 3.871767 0.000018 719.182700 0.010155
148.500741 2013 1295.406418 23.356536 3783.943177 228.564551 0.119220 0.014011 -32.753650 1.817817 -0.585955 1.820644 30.653949 1.823470 46.523382 nan 3.871766 0.000018 719.182986 0.010174
155.500741 2013 1517.022801 35.165489 5073.962888 711.623764 0.126563 0.008104 -30.139118 1.878674 2.380256 1.300195 33.093456 0.721717 46.525163 nan 3.871763 0.000018 719.184965 0.010178
162.500741 2013 1176.765107 23.265469 4083.290306 300.875109 0.130581 0.013049 -24.805346 1.775111 3.225373 1.899763 32.615164 2.024415 43.623725 nan 3.871765 0.000018 719.183340 0.010043
169.500741 2013 510.465767 9.563643 1740.740918 63.803466 0.108612 0.003351 -20.598939 0.784564 6.165408 0.844771 35.954458 0.904977 40.308099 nan 3.871766 0.000018 719.182839 0.010198
176.500741 2013 1203.184305 30.487391 3533.949680 451.309611 0.121750 0.008495 -26.231304 1.726892 7.878612 1.321050 39.444792 0.915208 46.346358 nan 3.871763 0.000018 719.184850 0.009958
183.500741 2013 1520.244796 35.274911 6636.172934 667.721608 0.132897 0.003972 -25.579264 1.261155 8.849461 1.107766 40.979133 0.954377 50.783504 nan 3.871764 0.000018 719.184007 0.009911
190.500741 2013 1614.748214 30.060958 5323.484021 251.053724 0.133154 0.003154 -23.476612 1.215419 10.192995 1.064857 44.619165 0.914294 53.383901 nan 3.871763 0.000018 719.184831 0.010169
197.500741 2013 1712.494913 33.187157 5526.976589 553.990352 0.137424 0.003260 -30.603311 1.584754 10.875117 1.305372 49.392352 1.025989 57.737949 nan 3.871765 0.000018 719.183860 0.010196
204.500741 2013 785.973383 12.759731 2021.783612 111.717851 0.126712 0.008991 -29.499719 2.094805 12.241148 1.541545 51.354253 0.988284 59.179197 nan 3.871763 0.000018 719.184836 0.010286
211.500741 2013 284.052100 4.187705 710.700488 29.758377 0.130530 0.001955 -28.186404 1.398396 12.329327 1.129470 51.134446 0.860544 61.816339 nan 3.871762 0.000019 719.185078 0.010426
218.500741 2013 570.068174 11.076840 1829.877919 124.689895 0.130993 0.004135 -32.728755 1.991578 11.623166 1.492529 53.467276 0.993480 64.280521 nan 3.871765 0.000019 719.183704 0.010535
225.500741 2013 471.805226 9.570642 1300.153598 110.215755 0.122195 0.003598 -35.946695 1.755960 10.764009 1.437398 53.045091 1.118836 63.744479 nan 3.871768 0.000019 719.181966 0.010657
232.500741 2013 574.893291 9.223320 1615.957837 75.123167 0.145435 0.009720 -38.741456 2.551857 10.046278 1.837204 53.521675 1.122551 70.331787 nan 3.871769 0.000019 719.181708 0.010859
239.500741 2013 644.242765 12.169318 1882.932142 98.494725 0.126928 0.003202 -40.291009 1.632222 7.473017 1.415024 50.160102 1.197827 69.454466 nan 3.871770 0.000020 719.181087 0.011053
246.500741 2013 382.955310 6.575215 1080.557619 61.982278 0.131276 0.001902 -43.155566 1.514380 5.540080 1.317269 49.092787 1.120159 72.691164 nan 3.871773 0.000020 719.179333 0.011265
253.500741 2013 138.659650 1.945955 357.406657 15.834717 0.120086 0.003873 -42.855420 1.699884 3.520805 1.474171 48.853179 1.248459 67.277633 nan 3.871776 0.000021 719.177781 0.011532
267.500741 2013 170.673854 3.150625 556.303557 30.638646 0.056312 0.010795 -45.091592 4.600886 0.244143 4.498284 46.759901 4.395683 33.774102 nan 3.871781 0.000022 719.174929 0.012275
274.500741 2013 662.572716 17.074659 4080.880009 306.232018 -1.486256 0.236417 -47.247052 2.826456 0.449825 2.890022 46.276287 2.953588 47.679507 nan 3.871785 0.000023 719.172508 0.012638
281.500741 2013 538.329186 10.581501 1430.213666 152.554193 0.121701 0.009465 -46.623247 1.018815 -5.138559 2.049871 43.372696 3.080926 64.482244 nan 3.871789 0.000023 719.170659 0.013010
288.500741 2013 650.278633 13.456347 2045.398994 193.301357 0.139558 0.009013 -41.052756 0.706197 -5.228802 1.497359 35.882806 2.288520 63.505029 nan 3.871789 0.000024 719.170410 0.013428
295.500741 2013 221.253848 3.113824 563.479139 17.875921 0.118954 0.002244 -38.994314 0.547283 -5.391118 0.856986 33.391403 1.166689 57.620235 nan 3.871790 0.000025 719.170037 0.013918
302.500741 2013 246.064360 5.068404 738.837719 66.789991 0.087838 0.020119 -36.870937 0.784410 -5.905656 1.097797 31.649730 1.411183 49.364731 nan 3.871793 0.000026 719.168494 0.014337
309.500741 2013 258.290715 8.830161 826.228537 135.600263 0.045599 0.015182 -36.649592 3.596720 -5.091414 3.681986 34.546462 3.767253 20.569166 nan 3.871794 0.000027 719.167787 0.014771
316.500741 2013 674.188411 13.700983 2087.008445 176.533363 0.166637 0.020328 -34.965297 0.827957 -8.247948 2.357907 30.007488 3.887857 42.877389 nan 3.871791 0.000027 719.169865 0.015198
323.500741 2013 152.668778 3.062454 431.396940 44.105945 -0.065902 0.080939 -31.592260 0.553559 -1.317023 0.678360 29.626972 0.803161 53.281566 nan 3.871792 0.000028 719.169055 0.015729
330.500741 2013 110.240939 2.042799 390.830730 22.032448 0.046717 0.048559 -29.352869 2.049276 2.183255 1.359275 30.794041 0.669274 46.254138 nan 3.871793 0.000029 719.168848 0.016157
344.503102 2013 298.940435 6.422184 945.436566 83.011997 0.115588 0.017635 -24.042917 3.101796 7.701674 2.760749 34.053828 2.419703 29.024620 nan 3.871790 0.000031 719.170728 0.017165
351.503102 2013 192.748537 5.392991 772.044887 93.553842 -0.775815 0.168119 -24.634916 2.684866 13.622151 2.685952 36.855643 2.687037 16.522562 nan 3.871788 0.000032 719.172002 0.017683
358.503102 2013 61.975525 1.616321 317.759200 20.658929 -0.596142 0.142235 -26.911826 2.947137 6.807470 2.724155 39.239708 2.501172 14.021945 nan 3.871789 0.000032 719.171323 0.018091
7.503102 2014 343.997208 3.555689 584.349942 24.797835 0.046787 0.010262 -27.997831 4.392223 12.401412 4.099327 45.102873 3.806431 16.183871 nan 3.873258 0.000034 718.353483 0.018827
14.503102 2014 95.667866 1.823412 354.414039 18.965099 -0.146974 0.050020 -41.326810 4.161846 11.277929 3.860788 50.386359 3.559730 25.473597 nan 3.871786 0.000035 719.173189 0.019392
35.503102 2014 31.858852 1.155401 233.044238 24.339150 -1.746790 0.234506 -33.704601 3.236318 15.624963 3.145769 49.601992 3.055219 3.550352 nan 3.872769 0.000039 718.626259 0.021514
42.503102 2014 477.693691 7.966303 1329.334680 78.317492 0.172377 0.026210 -36.608745 4.095538 13.490740 2.942290 52.728785 1.789042 64.188708 nan 3.871794 0.000037 719.169096 0.020745
49.503102 2014 820.181905 21.032468 4386.144730 473.796556 0.093640 0.021519 -38.240126 2.660337 10.585472 1.884579 52.724601 1.108821 63.388171 nan 3.871799 0.000038 719.166107 0.020971
56.508658 2014 500.731505 13.743631 2621.324475 223.415798 0.124377 0.004222 -35.580502 1.758119 6.602983 1.744881 52.416278 1.731643 68.638448 nan 3.871819 0.000029 719.154227 0.016398
63.503102 2014 245.709974 4.136433 627.311890 29.687067 0.140573 0.002770 -42.822391 1.107382 4.149636 1.197067 54.887634 1.286752 77.063324 nan 3.871805 0.000039 719.163151 0.021499
70.503102 2014 94.552527 2.579980 382.647196 52.049017 -1.124816 0.204472 -39.598130 3.126625 -16.171721 4.244389 52.039417 5.362154 24.264532 nan 3.871741 0.000039 719.198799 0.021487
84.503102 2014 81.034237 1.848844 342.728016 19.690298 -0.021014 0.015339 -41.068403 4.015321 0.628315 3.994269 45.838313 3.973216 13.277771 nan 3.871721 0.000039 719.209620 0.021951
91.503102 2014 63.740819 1.916643 282.149378 25.355521 -0.272945 0.073378 -39.433928 3.951656 6.627427 3.934986 45.840481 3.918315 14.469971 nan 3.871723 0.000040 719.208941 0.022114
98.503102 2014 188.573403 8.851246 735.132862 173.240852 -0.040444 0.031745 -39.060462 3.856943 -2.582528 3.918539 38.019568 3.980136 24.000042 nan 3.871725 0.000040 719.207599 0.022204
105.503102 2014 510.178437 11.807683 1429.446151 174.574885 0.122092 0.002441 -39.101629 0.702975 -4.069917 0.946705 35.010582 1.190434 59.499294 nan 3.871729 0.000040 719.205465 0.022246
112.503102 2014 436.942398 8.448759 1247.845209 88.792198 0.133463 0.002579 -40.997855 0.679992 -3.857204 0.985663 35.728623 1.291334 61.291744 nan 3.871730 0.000040 719.204920 0.022303
119.503102 2014 472.216375 11.529186 1599.262149 167.797515 0.113500 0.018543 -37.163216 0.866828 -3.101095 0.956453 32.798072 1.046079 56.978872 nan 3.871729 0.000040 719.205637 0.022344
126.503102 2014 539.644172 15.914269 2040.378495 435.245036 0.112721 0.006263 -34.303109 1.935456 -1.955784 1.863059 29.827893 1.790663 47.250805 nan 3.871729 0.000040 719.205608 0.022365
133.503102 2014 267.611584 4.760169 868.001471 49.834639 0.125745 0.001719 -31.450230 0.693212 -0.875039 0.665222 28.347032 0.637232 50.557612 nan 3.871730 0.000040 719.205239 0.022379
140.503102 2014 163.246831 6.290090 914.436580 221.815060 -2.913222 0.412892 -31.547644 1.734314 -10.667119 2.736052 31.912805 3.737791 14.724307 nan 3.871728 0.000040 719.206078 0.022302
154.503102 2014 63.632498 1.789843 266.152398 26.011907 -1.277577 0.203925 -26.756427 2.570709 12.639696 2.443656 34.582307 2.316602 7.667581 nan 3.871723 0.000040 719.209095 0.022290
168.503102 2014 177.236762 4.657055 848.804459 80.979380 -0.732954 0.157032 -26.758923 2.859084 15.379905 2.574114 40.283136 2.289144 23.723606 nan 3.871720 0.000040 719.210702 0.022360
175.503102 2014 61.984908 1.387591 232.467988 15.407533 -1.038060 0.182177 -38.458115 2.856009 6.616286 2.516987 41.803074 2.177965 17.330304 nan 3.871716 0.000040 719.212904 0.022414
182.503102 2014 49.255775 1.341259 247.611106 18.158906 -1.844155 0.245673 -40.780779 4.429439 0.447255 3.366211 47.323275 2.302984 29.484447 nan 3.871716 0.000040 719.212933 0.022446
189.503102 2014 33.393931 1.080533 171.456512 13.200279 -1.731426 0.218653 -39.049695 3.833251 -5.491864 3.403009 49.749257 2.972766 18.715954 nan 3.871717 0.000040 719.212030 0.022514
203.503102 2014 7.949492 0.385299 76.069786 4.759335 0.227194 0.007435 -14.262847 0.953516 2.239059 0.873500 45.450760 0.793485 12.621443 nan 3.871716 0.000041 719.213010 0.022771
210.503102 2014 44.315776 1.696243 206.641331 25.957983 -1.740957 0.217191 -48.365992 4.188508 15.043726 3.419778 55.046835 2.651048 36.403191 nan 3.871719 0.000041 719.211155 0.022850
231.503102 2014 146.081012 3.575548 791.845433 46.096700 -0.943561 0.179950 -39.778435 4.073828 18.739528 3.838933 53.905476 3.604039 24.775590 nan 3.871726 0.000042 719.207163 0.023382
245.503102 2014 759.186277 13.279519 2194.918801 108.829776 0.130314 0.002748 -41.117026 1.220933 5.556690 1.261631 51.183301 1.302330 73.861895 nan 3.871739 0.000043 719.200304 0.023848
259.503102 2014 464.854492 10.954721 1970.279145 189.383680 -0.610637 0.203590 -40.402315 1.063970 -8.545539 3.046848 44.169482 5.029726 52.016580 nan 3.871743 0.000044 719.198312 0.024507
266.503102 2014 673.569900 13.816487 2188.820442 153.152018 0.103030 0.017940 -43.322310 2.048501 -4.102001 3.161390 45.987507 4.274279 59.135518 nan 3.871749 0.000045 719.194932 0.024865
273.503102 2014 687.408338 11.339258 2115.939048 54.563290 0.127237 0.002534 -40.916284 0.631555 -1.409982 0.962314 44.690351 1.293073 68.103799 nan 3.871753 0.000045 719.192617 0.025264
280.503102 2014 412.409481 7.320863 1237.658181 69.187843 0.121526 0.002770 -38.937775 0.489903 -2.735865 0.871731 40.142278 1.253560 63.301045 nan 3.871754 0.000046 719.192282 0.025546
287.503102 2014 613.267605 15.264567 1774.569322 270.441220 0.129038 0.002749 -40.030594 0.501341 -2.789092 0.835541 42.235912 1.169742 63.850339 nan 3.871753 0.000047 719.193004 0.025914
294.503102 2014 989.138423 18.455226 2897.055262 162.294117 0.139139 0.009655 -38.709079 0.381762 -4.658535 1.379080 38.950301 2.376397 58.996597 nan 3.871753 0.000047 719.193153 0.026258
301.503102 2014 624.761073 10.592847 1873.213152 64.184569 0.125025 0.002204 -34.781372 0.449609 -2.682831 0.707513 34.633734 0.965417 56.664551 nan 3.871756 0.000048 719.191434 0.026909
308.503102 2014 731.196263 16.803787 2159.616204 279.416646 0.147916 0.016546 -32.108081 0.635328 -5.532891 2.114340 30.808678 3.593353 44.405514 nan 3.871750 0.000049 719.194673 0.027206
315.503102 2014 604.414298 14.056350 1775.901869 213.999259 0.124277 0.002841 -32.178155 0.727096 -0.391981 0.812473 32.220970 0.897851 50.968792 nan 3.871748 0.000050 719.196009 0.027667
322.503102 2014 784.841788 13.261556 2348.806529 84.741534 0.129940 0.018557 -28.798029 2.829458 1.870474 2.881454 33.296176 2.933449 42.520145 nan 3.871746 0.000050 719.197452 0.028062
329.503102 2014 304.200780 5.343103 904.197792 54.989025 0.123208 0.002080 -27.355896 0.888947 3.552771 0.799262 33.490060 0.709577 47.304561 nan 3.871745 0.000051 719.198063 0.028522
336.503102 2014 344.445810 6.277863 1017.038973 80.130386 0.142420 0.014891 -25.669433 2.427978 8.213532 1.721353 37.417109 1.014729 42.202854 nan 3.871741 0.000052 719.200188 0.029075
343.503102 2014 1171.485380 19.459798 3323.319048 112.169671 0.160506 0.016288 -32.622634 2.643541 10.780955 1.850233 40.637536 1.056926 44.731050 nan 3.871737 0.000053 719.202971 0.029509
350.522547 2014 779.754182 9.014161 1928.421545 73.078544 0.128324 0.002106 -24.826186 1.503256 10.031191 1.449088 41.686959 1.394921 49.791965 nan 3.873397 0.000052 718.278409 0.028999
357.503102 2014 692.623511 13.812614 2104.948843 159.336968 0.121320 0.003810 -28.707579 1.749754 12.325747 1.354504 45.445590 0.959253 48.984714 nan 3.871736 0.000055 719.203485 0.030732
6.503102 2015 1180.461587 26.367506 4659.509735 582.497733 0.122246 0.003883 -34.451264 1.689701 14.955830 1.353508 51.496693 1.017315 54.252820 nan 3.871732 0.000057 719.206320 0.031608
13.503102 2015 269.434691 4.506914 656.613323 38.858940 0.132176 0.002411 -33.816555 1.587608 14.555478 1.238378 54.937341 0.889148 61.713468 nan 3.871735 0.000057 719.204709 0.032010
20.503102 2015 143.812072 2.728365 496.883676 42.449891 -0.185839 0.104308 -41.796584 4.082496 8.695551 4.651151 52.148675 5.219805 45.092952 nan 3.871736 0.000058 719.203889 0.032185
27.503102 2015 305.817424 5.513140 998.937747 48.507426 0.106863 0.012668 -32.618711 2.378648 14.268893 1.594519 52.670331 0.810389 62.723523 nan 3.871739 0.000058 719.202698 0.032556
34.503102 2015 794.092927 13.242446 2244.129200 87.212065 0.134268 0.003540 -37.978840 1.569076 12.309385 1.243215 55.346694 0.917354 71.563466 nan 3.871740 0.000059 719.202041 0.032982
41.503102 2015 278.069081 5.244849 729.680096 62.287150 0.119468 0.003381 -35.224051 1.422982 11.097574 1.363484 56.100196 1.303986 66.508374 nan 3.871745 0.000059 719.199336 0.033138
48.503102 2015 442.199073 11.037497 1800.280712 198.985495 0.099539 0.006352 -33.068005 3.207285 10.197424 2.608678 55.380203 2.010071 57.001987 nan 3.871752 0.000060 719.195470 0.033492
55.503102 2015 526.669435 12.255668 1500.156527 179.423820 0.123155 0.003669 -37.575761 1.439924 6.790813 1.582439 58.174542 1.724954 70.422337 nan 3.871756 0.000060 719.193499 0.033399
62.503102 2015 1058.765045 20.875478 3506.317994 282.923626 0.109794 0.011593 -38.922178 3.560111 7.338370 2.547896 56.263841 1.535681 67.152337 nan 3.871760 0.000060 719.190989 0.033686
69.503102 2015 554.873881 9.501324 1506.471691 87.529361 0.129450 0.002785 -40.846994 0.675129 1.937321 1.139710 53.943805 1.604291 73.305539 nan 3.871764 0.000061 719.189025 0.033945
76.503102 2015 2113.431812 55.644312 12766.379286 851.184707 0.124181 0.005115 -48.501577 1.083961 -1.679772 2.254302 51.064621 3.424643 68.322759 nan 3.871769 0.000061 719.186575 0.034130
90.503102 2015 800.882052 14.356822 2642.272161 137.548521 0.119417 0.001652 -36.198184 0.360696 -1.957054 0.773275 40.109254 1.185854 63.311059 nan 3.871775 0.000062 719.182969 0.034457
97.503102 2015 582.711211 12.734727 2105.246774 267.100021 0.123121 0.003898 -39.880536 0.986936 -2.834506 1.177578 38.914648 1.368220 62.107881 nan 3.871776 0.000062 719.182703 0.034598
104.503102 2015 1553.391272 36.753184 5763.130524 696.274800 0.112274 0.010577 -37.813476 0.598376 -3.087616 1.262176 36.274192 1.925976 57.834450 nan 3.871776 0.000062 719.182533 0.034665
111.503102 2015 1461.289182 26.784901 4713.735730 334.421433 0.092257 0.016000 -40.072456 0.511493 -8.675664 2.566004 35.727498 4.620514 50.195929 nan 3.871777 0.000062 719.182217 0.034689
118.503102 2015 521.324473 9.345982 1701.454268 79.424637 0.117307 0.003059 -37.349267 0.897783 -0.817277 0.851264 33.614605 0.804745 52.141892 nan 3.871774 0.000062 719.183690 0.034722
125.503102 2015 466.562814 9.154111 1341.654840 128.043965 0.127910 0.002130 -33.861346 0.726027 0.323268 0.695198 31.826565 0.664369 53.487099 nan 3.871770 0.000062 719.185762 0.034702
132.503102 2015 1143.229392 24.464719 4223.253375 359.440643 0.125185 0.010955 -37.177966 1.916503 1.630962 2.280761 34.973525 2.645019 45.209376 nan 3.871767 0.000062 719.187519 0.034696
139.503102 2015 674.530104 12.548248 2065.960348 172.700154 0.132879 0.002073 -28.416072 0.799930 4.074320 0.753972 35.521280 0.708013 51.892572 nan 3.871764 0.000062 719.189067 0.034689
146.503102 2015 148.175591 2.326323 370.486413 16.742589 0.100447 0.004241 -23.115809 1.248804 7.132540 1.150520 36.337599 1.052236 40.101916 nan 3.871760 0.000062 719.191700 0.034726
153.503102 2015 117.617555 1.334912 223.329723 7.329702 0.070090 0.009882 -22.701633 2.320774 9.866089 2.093942 36.875759 1.867110 27.510720 nan 3.872653 0.000065 718.694415 0.036074
160.503102 2015 857.287310 16.434934 2812.957009 125.679142 0.077793 0.030391 -24.858179 2.440896 9.994398 2.318176 43.706385 2.195457 43.849875 nan 3.871752 0.000062 719.196106 0.034758
174.502084 2015 1907.868313 45.710394 10291.895589 1030.771312 0.119372 0.014125 -34.888201 2.343226 12.737082 1.829431 51.685301 1.315637 53.909903 nan 3.871748 0.000063 719.198442 0.034897
181.502084 2015 1136.816401 19.889553 3917.129481 154.638155 0.137064 0.002638 -25.119944 1.518292 14.090879 1.308457 53.552405 1.098623 59.890682 nan 3.871746 0.000063 719.199368 0.034956
188.502084 2015 754.138022 16.043547 2030.663148 260.176654 0.127855 0.003517 -23.830891 1.519834 15.505820 1.328075 55.834421 1.136317 59.257380 nan 3.871747 0.000063 719.198611 0.035026
195.502084 2015 1106.792968 23.016939 3137.007969 419.923705 0.136807 0.003217 -28.741689 1.625800 15.129138 1.339108 59.014307 1.052416 66.216464 nan 3.871749 0.000063 719.197570 0.035120
202.502084 2015 797.661926 19.699287 2173.665932 299.718832 0.124562 0.003173 -29.988000 1.761702 15.537515 1.407797 57.673998 1.053892 64.628438 nan 3.871751 0.000063 719.196826 0.035240
209.500695 2015 903.779589 8.058926 1398.100643 79.654738 0.136993 0.004686 -35.011457 2.538890 13.702054 2.033820 58.339807 1.528751 72.488280 nan 3.874485 0.000060 717.674501 0.033461
216.502084 2015 491.974979 10.618506 1280.478912 133.901358 0.139771 0.003660 -35.110378 1.826389 12.980605 1.450974 59.218077 1.075560 76.532694 nan 3.871760 0.000064 719.191757 0.035391
223.502084 2015 597.073754 11.525916 1907.142787 126.361327 0.140361 0.010443 -40.214643 2.814037 12.830721 2.032376 56.730349 1.250714 72.206188 nan 3.871766 0.000064 719.188484 0.035553
230.502084 2015 2845.651385 59.290163 10638.256236 985.666535 0.135212 0.003779 -39.787549 1.442567 10.003894 1.312514 57.355451 1.182462 77.297880 nan 3.871771 0.000064 719.185801 0.035753
237.502084 2015 1931.982339 47.316310 8577.952138 990.701371 0.111927 0.010777 -42.300928 2.288222 7.947307 1.974927 55.347988 1.661632 68.670402 nan 3.871776 0.000065 719.183246 0.035953
244.502084 2015 1416.284627 28.519943 5105.611257 467.009662 0.101902 0.015655 -41.079032 4.138060 9.343732 2.760701 54.725403 1.383342 69.131303 nan 3.871782 0.000065 719.179949 0.036179
251.502084 2015 2647.141109 64.724431 12290.714120 1405.703266 0.135082 0.014349 -57.396516 1.682034 -1.739049 3.521675 50.291867 5.361316 63.073222 nan 3.871787 0.000066 719.176941 0.036505
258.502084 2015 1769.934577 31.272817 5734.017706 357.713772 0.144206 0.016154 -43.409482 3.877391 2.565606 3.409374 51.038243 2.941357 68.509666 nan 3.871791 0.000066 719.175303 0.037038
265.502084 2015 1287.219817 25.803371 4463.499790 472.982826 0.145275 0.009863 -46.583186 1.009579 -1.235814 1.970910 47.868927 2.932241 72.578533 nan 3.871792 0.000067 719.174313 0.037164
272.502084 2015 452.233152 7.198341 1314.352825 56.113313 0.133894 0.009400 nan nan nan nan nan nan nan nan nan nan nan nan
279.502084 2015 2692.712853 61.567542 9525.409780 1068.309108 0.116789 0.015927 -40.011031 2.930216 -0.073362 2.713111 42.626461 2.496005 59.467941 nan 3.871796 0.000068 719.172633 0.037923
286.502084 2015 3180.045319 60.357900 11516.261651 577.795994 0.169604 0.019036 -37.869893 0.547276 -7.005748 2.768049 38.950477 4.988821 52.993122 nan 3.871794 0.000069 719.173828 0.038289
293.502084 2015 1227.354799 25.043225 4357.528711 420.197369 0.131026 0.013247 -38.459073 0.821561 -3.919429 2.166970 36.427338 3.512378 56.450552 nan 3.871791 0.000069 719.175498 0.038709
300.502084 2015 355.369950 6.520172 1200.697449 79.317829 0.130292 0.014540 -33.191860 1.048705 -3.039676 2.121302 33.996851 3.193900 46.107459 nan 3.871789 0.000070 719.176968 0.039018
307.502084 2015 1659.605581 38.737520 7077.155138 676.528736 0.156190 0.016558 -36.008732 3.885663 4.548467 2.489702 36.772478 1.093741 46.733344 nan 3.871785 0.000071 719.179138 0.039466
314.502084 2015 3065.467434 57.608485 10446.476617 424.338361 0.123884 0.021876 -36.003893 4.117243 4.256977 3.791360 36.897753 3.465477 39.074305 nan 3.871780 0.000072 719.182412 0.039927
321.502084 2015 1602.112824 31.444826 5836.942679 320.490493 0.155284 0.016782 -27.336384 3.201367 8.029332 2.005740 36.835990 0.810114 43.677023 nan 3.871774 0.000073 719.185539 0.040421
328.502084 2015 555.677897 11.377574 2379.195946 65.236272 0.103974 0.003333 -23.732828 1.185932 7.428216 1.003346 34.043315 0.820759 41.929313 nan 3.871771 0.000073 719.187781 0.040903
335.502084 2015 508.315349 8.851454 1510.978566 69.478727 0.123636 0.004876 -30.093425 1.463586 8.908611 1.336815 40.752634 1.210043 48.622490 nan 3.871767 0.000074 719.190055 0.041438
342.502084 2015 884.616546 13.559028 2381.829531 68.208710 0.158698 0.012527 -33.168083 2.216871 12.075579 1.668764 46.106491 1.120657 52.366214 nan 3.871763 0.000075 719.192553 0.041847
349.502084 2015 677.256922 12.565408 1739.204123 141.218279 0.147465 0.009135 -37.007128 1.963844 12.896057 1.539228 48.612805 1.114612 54.716134 nan 3.871760 0.000076 719.194397 0.042362
356.502084 2015 1942.636157 43.165982 8401.662031 697.353052 0.132024 0.009734 -29.709626 1.944853 15.678889 1.496170 50.270477 1.047487 52.452957 nan 3.871759 0.000076 719.195109 0.042622
5.502084 2016 1489.084222 27.581008 4866.353101 353.650682 0.134501 0.007919 -31.315099 2.315322 16.030635 1.593117 55.670678 0.870912 64.103637 nan 3.871762 0.000079 719.193901 0.043771
12.502084 2016 624.316874 9.433704 1609.588443 69.882562 0.146807 0.009641 -32.946777 2.008524 16.190204 1.383273 57.747659 0.758021 67.131469 nan 3.871764 0.000079 719.192648 0.044194
19.502084 2016 866.920402 22.486766 3544.270468 569.806973 0.116262 0.005323 -31.011444 2.030298 16.569649 1.688692 56.479940 1.347086 62.024597 nan 3.871769 0.000080 719.189993 0.044566
26.502084 2016 669.584816 11.276314 1732.767004 104.238673 0.129032 0.004611 -35.747971 1.655795 13.777374 1.446446 58.597537 1.237098 70.517557 nan 3.871776 0.000081 719.186653 0.044958
33.502084 2016 251.844058 4.442253 829.621469 39.346463 0.111667 0.005725 -33.479267 3.024979 14.295665 2.339893 60.603462 1.654808 64.047368 nan 3.871781 0.000081 719.183729 0.045298
40.502084 2016 515.896459 11.170044 1488.904166 129.967557 0.116278 0.006564 -33.181045 2.444310 10.766307 2.666325 61.492869 2.888340 67.807421 nan 3.871787 0.000082 719.180366 0.045674
47.502084 2016 1560.088707 36.171732 7331.924585 449.872388 0.115350 0.012209 -41.297800 2.699408 11.771996 2.148163 62.513350 1.596919 74.500792 nan 3.871795 0.000082 719.176310 0.045933
54.502084 2016 1417.431152 27.137161 4652.995314 244.878038 0.116690 0.010356 -39.034620 2.299654 6.783098 1.932672 57.936620 1.565690 72.561007 nan 3.871802 0.000083 719.172686 0.046098
61.502084 2016 589.110321 12.019395 2174.410099 105.117968 0.105268 0.002665 -37.545198 0.973523 4.291751 1.196900 48.517013 1.420276 62.957269 nan 3.871807 0.000083 719.169681 0.046493
75.502084 2016 1190.266485 22.318472 3783.530536 215.372094 0.138649 0.008718 -43.179687 2.763215 1.405466 2.162446 50.599129 1.561678 70.398269 nan 3.871816 0.000084 719.164937 0.046921
82.502084 2016 900.517198 17.401104 2796.641372 187.176841 0.127803 0.001689 -40.216986 0.429036 -0.608370 0.759681 41.892407 1.090326 70.215333 nan 3.871818 0.000084 719.163717 0.047016
89.502084 2016 376.781746 7.033020 900.017619 74.149288 0.136550 0.003039 nan nan nan nan nan nan nan nan nan nan nan nan
96.502084 2016 922.682684 18.246462 2547.785086 244.584031 0.129450 0.002079 -40.446239 0.721834 -0.947023 0.862791 39.499363 1.003747 65.569975 nan 3.871818 0.000085 719.163819 0.047265
103.502084 2016 1088.318074 24.529849 4528.171184 298.847409 0.129861 0.002393 -39.592272 0.686830 -0.406733 0.798848 39.966695 0.910867 62.652933 nan 3.871815 0.000085 719.165653 0.047247
110.502084 2016 961.910896 18.223756 3018.990889 195.501292 0.129833 0.002064 -39.454204 0.864782 0.311473 0.783009 37.393370 0.701236 59.763087 nan 3.871812 0.000085 719.167283 0.047309
117.502084 2016 356.655627 4.710449 770.634398 22.700941 0.155142 0.013388 -33.282421 3.133240 3.854468 2.014044 35.757717 0.894847 54.878478 nan 3.871807 0.000085 719.170363 0.047309
124.502084 2016 1306.598933 24.763733 3950.069536 162.676121 0.135469 0.002206 -32.189931 0.855680 3.377385 0.679196 37.061147 0.502713 56.617349 nan 3.871801 0.000085 719.173681 0.047247
131.502084 2016 3009.266002 59.539900 11335.875929 497.734217 0.125264 0.009336 -38.339622 1.297672 1.896301 2.229686 40.550853 3.161700 52.061602 nan 3.871796 0.000085 719.176435 0.047287
138.502084 2016 1455.847277 26.930343 5184.283265 202.807754 0.132485 0.002149 -26.169578 1.003703 6.877788 0.857357 40.567666 0.711010 53.175613 nan 3.871791 0.000085 719.179200 0.047335
145.502084 2016 650.386688 11.214644 2084.112355 91.430449 0.122941 0.008710 -27.948326 1.898304 9.793454 1.356340 43.027972 0.814376 50.882172 nan 3.871785 0.000085 719.182417 0.047350
152.502084 2016 479.330654 6.925278 1047.725626 45.188838 0.139380 0.002056 -26.225342 1.276829 10.769373 1.147939 46.037677 1.019049 55.852277 nan 3.871781 0.000085 719.184803 0.047403
159.502084 2016 948.796597 21.839909 2753.942800 280.435422 0.134234 0.003172 -23.540590 1.461493 12.928824 1.274205 49.574017 1.086918 55.238842 nan 3.871779 0.000085 719.185742 0.047503
166.502084 2016 555.744959 9.351618 1367.279798 83.993163 0.131822 0.004735 -38.492572 1.627429 12.220659 2.328338 53.739716 3.029248 56.396679 nan 3.871778 0.000085 719.186303 0.047590
173.502084 2016 307.039502 4.678507 760.933153 47.675893 0.136344 0.002790 -26.788263 1.564200 15.573842 1.368250 56.857505 1.172299 61.229373 nan 3.871778 0.000085 719.186546 0.047619
180.502084 2016 277.970292 4.563641 859.744788 39.886391 0.139945 0.002899 -26.352424 1.507126 15.765774 1.315284 58.424451 1.123442 65.643894 nan 3.871780 0.000086 719.185489 0.047659
187.502084 2016 357.409249 9.613752 1219.719093 156.620071 0.125333 0.006601 -32.062218 2.591487 17.226819 2.432367 61.317846 2.273247 61.638240 nan 3.871785 0.000086 719.182828 0.047759
194.502084 2016 818.719312 12.617598 2269.608072 79.797294 0.142364 0.003355 -37.675720 1.674536 15.516629 1.470430 65.916806 1.266323 73.814687 nan 3.871790 0.000086 719.179839 0.047825
201.502084 2016 410.729658 6.563367 1146.973458 45.409250 0.128832 0.004827 -31.139657 1.948896 15.692896 1.685293 58.987219 1.421690 70.391184 nan 3.871796 0.000086 719.176838 0.047914
208.502084 2016 790.485421 14.917014 2453.788644 152.722977 0.143832 0.009999 -37.911430 2.626853 14.924411 1.978287 61.329840 1.329721 74.426594 nan 3.871703 0.000087 719.228533 0.048294
215.502084 2016 1015.880312 20.752996 3096.979989 259.606374 0.143939 0.009746 -42.059645 2.638696 13.507453 1.904025 60.913704 1.169354 76.568513 nan 3.871712 0.000087 719.223741 0.048615
222.502084 2016 1314.489800 20.357911 3486.099329 82.281804 0.139791 0.013280 -40.883860 3.524525 12.827832 2.373807 59.918257 1.223088 77.791306 nan 3.871719 0.000087 719.220020 0.048665
229.502084 2016 623.932297 10.202387 1648.306192 90.237910 0.140359 0.009738 -39.605938 2.659195 10.050449 2.047396 59.818870 1.435597 76.629367 nan 3.871725 0.000088 719.216791 0.048908
236.502084 2016 728.535866 15.274183 2110.264534 203.331507 0.125987 0.004228 -43.652465 1.484842 6.588771 1.566822 55.749942 1.648803 75.875261 nan 3.871730 0.000088 719.213686 0.049044
243.502084 2016 1297.796437 34.111601 4907.937487 698.427918 0.126067 0.014504 -41.400587 3.912187 6.352031 3.459372 57.135299 3.006556 70.624029 nan 3.871737 0.000089 719.210068 0.049417
257.502084 2016 1241.702245 24.686966 4379.446161 229.795383 0.124613 0.002678 -40.144538 0.650740 1.030325 1.009421 50.316768 1.368103 72.418670 nan 3.871743 0.000090 719.207247 0.050130
264.502084 2016 499.642513 8.350685 1265.665606 81.743045 0.148196 0.019940 -45.669537 1.150473 -6.009315 3.323187 48.624546 5.495900 61.514699 nan 3.871743 0.000090 719.207191 0.050255
271.502084 2016 2650.216061 58.167737 10004.228047 750.393346 0.161711 0.020658 -42.566314 4.814805 -1.543978 4.901211 50.019084 4.987617 53.353508 nan 3.871744 0.000091 719.206987 0.050782
278.502084 2016 2790.263072 52.309239 9267.599226 348.854574 0.133926 0.020324 -51.477534 3.524289 -6.893959 4.552998 51.619058 5.581707 53.709178 nan 3.871741 0.000092 719.208692 0.051087
285.502084 2016 1599.512718 34.811392 6459.398787 675.740026 0.136428 0.010142 -39.793561 2.855540 0.695629 1.994677 40.792232 1.133814 60.108701 nan 3.871736 0.000092 719.211701 0.051495
292.502084 2016 1942.701423 30.826766 5236.081125 193.964344 0.188530 0.020344 -40.983899 4.562453 0.838975 4.590152 41.839673 4.617851 52.824548 nan 3.871731 0.000093 719.214406 0.051894
299.502084 2016 2836.302347 61.028353 9706.814644 918.685170 0.123247 0.024376 -37.494007 4.611612 8.215911 2.737352 40.280601 0.863092 44.775045 nan 3.871726 0.000094 719.217462 0.052278
306.502084 2016 2460.196563 47.063628 8517.305009 449.762783 0.163015 0.016403 -35.404964 3.703986 7.388532 2.212956 38.246493 0.721926 50.190490 nan 3.871720 0.000095 719.221328 0.052787
313.502084 2016 943.245750 17.659412 3251.666872 158.745963 0.132078 0.009750 -31.911933 2.027919 6.350672 1.427316 37.405486 0.826713 50.265062 nan 3.871713 0.000096 719.225514 0.053282
327.502084 2016 683.380255 15.489208 2213.107855 220.366016 0.144473 0.013200 -32.409538 2.071600 11.652434 1.544540 43.437965 1.017480 49.230402 nan 3.871704 0.000098 719.231038 0.054372
334.502084 2016 684.849029 10.314745 1943.623192 51.577956 0.157698 0.012986 -30.401673 2.266337 13.301395 1.645492 46.777709 1.024647 53.863744 nan 3.871700 0.000099 719.233541 0.054909
341.502084 2016 593.829448 10.256119 1795.706087 91.426926 0.114247 0.019046 -33.027438 3.076565 17.575001 2.017067 50.418983 0.957570 47.295584 nan 3.871698 0.000100 719.234780 0.055766
348.502084 2016 657.877218 9.680794 1809.402895 53.632216 0.158198 0.013231 -27.559706 2.067032 16.272149 1.557393 53.226647 1.047754 58.388010 nan 3.871699 0.000101 719.234540 0.056324
355.502084 2016 925.680732 19.843013 3438.600790 291.819807 0.133771 0.013107 -35.345924 2.230231 17.283968 1.556284 54.494291 0.882338 59.124760 nan 3.871699 0.000101 719.234513 0.056392
362.502084 2016 1225.177763 19.456822 3363.725753 93.432977 0.141641 0.003333 -36.088751 1.723093 15.932807 1.309921 58.238940 0.896749 68.359069 nan 3.871702 0.000102 719.233221 0.056828
50.500741 2013 122.768283 2.968989 562.596103 37.599704 0.009234 0.012705 -41.233654 3.847031 6.944531 3.715406 47.319292 3.583780 19.134811 nan 3.871745 0.000015 719.194782 0.008364
57.500741 2013 387.037722 14.466538 1707.631001 342.980486 0.014365 0.015296 -39.678827 4.281992 8.130726 4.137653 50.131700 3.993314 22.443107 nan 3.871746 0.000016 719.194312 0.008642
64.500741 2013 392.422577 7.982347 1528.171123 68.134703 0.151573 0.013137 -42.176094 3.666806 5.409901 2.454420 50.718175 1.242035 71.395162 nan 3.871628 0.000014 719.259494 0.007974
71.500741 2013 177.401549 2.680963 471.159502 18.906121 0.091788 0.014007 -42.061267 2.529278 2.953205 1.959745 45.677542 1.390211 57.931024 nan 3.871747 0.000016 719.193298 0.009152
78.500741 2013 1343.531557 28.871789 5591.739957 643.944523 0.136672 0.003995 -45.555358 1.154169 -0.330212 1.362352 50.007501 1.570534 72.790730 nan 3.871750 0.000017 719.191953 0.009345
85.500741 2013 1115.851146 24.789480 3671.036397 488.056629 0.095760 0.016478 -44.915744 1.031032 -6.353990 2.556250 47.945546 4.081467 62.068970 nan 3.871754 0.000017 719.189656 0.009496
92.500741 2013 854.687260 16.933579 2442.799052 214.014229 0.135444 0.002383 -45.171029 0.675970 -3.826846 1.088908 45.401782 1.501847 70.353173 nan 3.871756 0.000017 719.188795 0.009652
99.500741 2013 262.300425 4.429785 790.746937 25.361959 0.102747 0.002844 -40.053524 0.837557 -5.615207 1.188575 35.053688 1.539594 53.389700 nan 3.871756 0.000018 719.188635 0.009843
106.500741 2013 119.820764 2.175702 417.487104 17.213336 0.064262 0.002908 -35.086695 0.915673 -6.984990 1.157936 23.911332 1.400200 33.164378 nan 3.871759 0.000018 719.187093 0.009935
113.500741 2013 465.853627 12.057196 2560.793554 141.150456 0.069613 0.019896 -41.136156 1.584749 -6.474953 1.910536 35.932061 2.236324 41.077898 nan 3.871762 0.000018 719.185203 0.009980
120.500741 2013 1065.231945 24.906575 3533.542929 412.782039 0.143031 0.010524 -42.099868 0.820847 -7.153312 1.710291 34.156670 2.599735 55.821627 nan 3.871763 0.000018 719.184659 0.010049
127.500741 2013 601.318445 10.408731 1833.296310 118.854052 0.130324 0.001697 -38.820174 0.644583 -5.277500 0.831265 31.370931 1.017948 54.880163 nan 3.871763 0.000018 719.184938 0.010156
134.500741 2013 370.861016 10.841922 1090.578236 201.011471 0.108921 0.004279 -33.701841 1.136735 -3.718306 1.093990 26.600189 1.051245 44.354419 nan 3.871764 0.000018 719.183925 0.010169
141.500741 2013 688.448329 15.442618 1819.551730 199.648839 0.145807 0.012913 -34.533136 0.752720 -4.367831 1.678768 27.914958 2.604817 45.188799 nan 3.871767 0.000018 719.182700 0.010155
148.500741 2013 1295.406418 23.356536 3783.943177 228.564551 0.119220 0.014011 -32.753650 1.817817 -0.585955 1.820644 30.653949 1.823470 46.523382 nan 3.871766 0.000018 719.182986 0.010174
155.500741 2013 1517.022801 35.165489 5073.962888 711.623764 0.126563 0.008104 -30.139118 1.878674 2.380256 1.300195 33.093456 0.721717 46.525163 nan 3.871763 0.000018 719.184965 0.010178
162.500741 2013 1176.765107 23.265469 4083.290306 300.875109 0.130581 0.013049 -24.805346 1.775111 3.225373 1.899763 32.615164 2.024415 43.623725 nan 3.871765 0.000018 719.183340 0.010043
169.500741 2013 510.465767 9.563643 1740.740918 63.803466 0.108612 0.003351 -20.598939 0.784564 6.165408 0.844771 35.954458 0.904977 40.308099 nan 3.871766 0.000018 719.182839 0.010198
176.500741 2013 1203.184305 30.487391 3533.949680 451.309611 0.121750 0.008495 -26.231304 1.726892 7.878612 1.321050 39.444792 0.915208 46.346358 nan 3.871763 0.000018 719.184850 0.009958
183.500741 2013 1520.244796 35.274911 6636.172934 667.721608 0.132897 0.003972 -25.579264 1.261155 8.849461 1.107766 40.979133 0.954377 50.783504 nan 3.871764 0.000018 719.184007 0.009911
190.500741 2013 1614.748214 30.060958 5323.484021 251.053724 0.133154 0.003154 -23.476612 1.215419 10.192995 1.064857 44.619165 0.914294 53.383901 nan 3.871763 0.000018 719.184831 0.010169
197.500741 2013 1712.494913 33.187157 5526.976589 553.990352 0.137424 0.003260 -30.603311 1.584754 10.875117 1.305372 49.392352 1.025989 57.737949 nan 3.871765 0.000018 719.183860 0.010196
204.500741 2013 785.973383 12.759731 2021.783612 111.717851 0.126712 0.008991 -29.499719 2.094805 12.241148 1.541545 51.354253 0.988284 59.179197 nan 3.871763 0.000018 719.184836 0.010286
211.500741 2013 284.052100 4.187705 710.700488 29.758377 0.130530 0.001955 -28.186404 1.398396 12.329327 1.129470 51.134446 0.860544 61.816339 nan 3.871762 0.000019 719.185078 0.010426
218.500741 2013 570.068174 11.076840 1829.877919 124.689895 0.130993 0.004135 -32.728755 1.991578 11.623166 1.492529 53.467276 0.993480 64.280521 nan 3.871765 0.000019 719.183704 0.010535
225.500741 2013 471.805226 9.570642 1300.153598 110.215755 0.122195 0.003598 -35.946695 1.755960 10.764009 1.437398 53.045091 1.118836 63.744479 nan 3.871768 0.000019 719.181966 0.010657
232.500741 2013 574.893291 9.223320 1615.957837 75.123167 0.145435 0.009720 -38.741456 2.551857 10.046278 1.837204 53.521675 1.122551 70.331787 nan 3.871769 0.000019 719.181708 0.010859
239.500741 2013 644.242765 12.169318 1882.932142 98.494725 0.126928 0.003202 -40.291009 1.632222 7.473017 1.415024 50.160102 1.197827 69.454466 nan 3.871770 0.000020 719.181087 0.011053
246.500741 2013 382.955310 6.575215 1080.557619 61.982278 0.131276 0.001902 -43.155566 1.514380 5.540080 1.317269 49.092787 1.120159 72.691164 nan 3.871773 0.000020 719.179333 0.011265
253.500741 2013 138.659650 1.945955 357.406657 15.834717 0.120086 0.003873 -42.855420 1.699884 3.520805 1.474171 48.853179 1.248459 67.277633 nan 3.871776 0.000021 719.177781 0.011532
267.500741 2013 170.673854 3.150625 556.303557 30.638646 0.056312 0.010795 -45.091592 4.600886 0.244143 4.498284 46.759901 4.395683 33.774102 nan 3.871781 0.000022 719.174929 0.012275
274.500741 2013 662.572716 17.074659 4080.880009 306.232018 -1.486256 0.236417 -47.247052 2.826456 0.449825 2.890022 46.276287 2.953588 47.679507 nan 3.871785 0.000023 719.172508 0.012638
281.500741 2013 538.329186 10.581501 1430.213666 152.554193 0.121701 0.009465 -46.623247 1.018815 -5.138559 2.049871 43.372696 3.080926 64.482244 nan 3.871789 0.000023 719.170659 0.013010
288.500741 2013 650.278633 13.456347 2045.398994 193.301357 0.139558 0.009013 -41.052756 0.706197 -5.228802 1.497359 35.882806 2.288520 63.505029 nan 3.871789 0.000024 719.170410 0.013428
295.500741 2013 221.253848 3.113824 563.479139 17.875921 0.118954 0.002244 -38.994314 0.547283 -5.391118 0.856986 33.391403 1.166689 57.620235 nan 3.871790 0.000025 719.170037 0.013918
302.500741 2013 246.064360 5.068404 738.837719 66.789991 0.087838 0.020119 -36.870937 0.784410 -5.905656 1.097797 31.649730 1.411183 49.364731 nan 3.871793 0.000026 719.168494 0.014337
309.500741 2013 258.290715 8.830161 826.228537 135.600263 0.045599 0.015182 -36.649592 3.596720 -5.091414 3.681986 34.546462 3.767253 20.569166 nan 3.871794 0.000027 719.167787 0.014771
316.500741 2013 674.188411 13.700983 2087.008445 176.533363 0.166637 0.020328 -34.965297 0.827957 -8.247948 2.357907 30.007488 3.887857 42.877389 nan 3.871791 0.000027 719.169865 0.015198
323.500741 2013 152.668778 3.062454 431.396940 44.105945 -0.065902 0.080939 -31.592260 0.553559 -1.317023 0.678360 29.626972 0.803161 53.281566 nan 3.871792 0.000028 719.169055 0.015729
330.500741 2013 110.240939 2.042799 390.830730 22.032448 0.046717 0.048559 -29.352869 2.049276 2.183255 1.359275 30.794041 0.669274 46.254138 nan 3.871793 0.000029 719.168848 0.016157
344.503102 2013 298.940435 6.422184 945.436566 83.011997 0.115588 0.017635 -24.042917 3.101796 7.701674 2.760749 34.053828 2.419703 29.024620 nan 3.871790 0.000031 719.170728 0.017165
351.503102 2013 192.748537 5.392991 772.044887 93.553842 -0.775815 0.168119 -24.634916 2.684866 13.622151 2.685952 36.855643 2.687037 16.522562 nan 3.871788 0.000032 719.172002 0.017683
358.503102 2013 61.975525 1.616321 317.759200 20.658929 -0.596142 0.142235 -26.911826 2.947137 6.807470 2.724155 39.239708 2.501172 14.021945 nan 3.871789 0.000032 719.171323 0.018091
7.503102 2014 343.997208 3.555689 584.349942 24.797835 0.046787 0.010262 -27.997831 4.392223 12.401412 4.099327 45.102873 3.806431 16.183871 nan 3.873258 0.000034 718.353483 0.018827
14.503102 2014 95.667866 1.823412 354.414039 18.965099 -0.146974 0.050020 -41.326810 4.161846 11.277929 3.860788 50.386359 3.559730 25.473597 nan 3.871786 0.000035 719.173189 0.019392
35.503102 2014 31.858852 1.155401 233.044238 24.339150 -1.746790 0.234506 -33.704601 3.236318 15.624963 3.145769 49.601992 3.055219 3.550352 nan 3.872769 0.000039 718.626259 0.021514
42.503102 2014 477.693691 7.966303 1329.334680 78.317492 0.172377 0.026210 -36.608745 4.095538 13.490740 2.942290 52.728785 1.789042 64.188708 nan 3.871794 0.000037 719.169096 0.020745
49.503102 2014 820.181905 21.032468 4386.144730 473.796556 0.093640 0.021519 -38.240126 2.660337 10.585472 1.884579 52.724601 1.108821 63.388171 nan 3.871799 0.000038 719.166107 0.020971
56.508658 2014 500.731505 13.743631 2621.324475 223.415798 0.124377 0.004222 -35.580502 1.758119 6.602983 1.744881 52.416278 1.731643 68.638448 nan 3.871819 0.000029 719.154227 0.016398
63.503102 2014 245.709974 4.136433 627.311890 29.687067 0.140573 0.002770 -42.822391 1.107382 4.149636 1.197067 54.887634 1.286752 77.063324 nan 3.871805 0.000039 719.163151 0.021499
70.503102 2014 94.552527 2.579980 382.647196 52.049017 -1.124816 0.204472 -39.598130 3.126625 -16.171721 4.244389 52.039417 5.362154 24.264532 nan 3.871741 0.000039 719.198799 0.021487
84.503102 2014 81.034237 1.848844 342.728016 19.690298 -0.021014 0.015339 -41.068403 4.015321 0.628315 3.994269 45.838313 3.973216 13.277771 nan 3.871721 0.000039 719.209620 0.021951
91.503102 2014 63.740819 1.916643 282.149378 25.355521 -0.272945 0.073378 -39.433928 3.951656 6.627427 3.934986 45.840481 3.918315 14.469971 nan 3.871723 0.000040 719.208941 0.022114
98.503102 2014 188.573403 8.851246 735.132862 173.240852 -0.040444 0.031745 -39.060462 3.856943 -2.582528 3.918539 38.019568 3.980136 24.000042 nan 3.871725 0.000040 719.207599 0.022204
105.503102 2014 510.178437 11.807683 1429.446151 174.574885 0.122092 0.002441 -39.101629 0.702975 -4.069917 0.946705 35.010582 1.190434 59.499294 nan 3.871729 0.000040 719.205465 0.022246
112.503102 2014 436.942398 8.448759 1247.845209 88.792198 0.133463 0.002579 -40.997855 0.679992 -3.857204 0.985663 35.728623 1.291334 61.291744 nan 3.871730 0.000040 719.204920 0.022303
119.503102 2014 472.216375 11.529186 1599.262149 167.797515 0.113500 0.018543 -37.163216 0.866828 -3.101095 0.956453 32.798072 1.046079 56.978872 nan 3.871729 0.000040 719.205637 0.022344
126.503102 2014 539.644172 15.914269 2040.378495 435.245036 0.112721 0.006263 -34.303109 1.935456 -1.955784 1.863059 29.827893 1.790663 47.250805 nan 3.871729 0.000040 719.205608 0.022365
133.503102 2014 267.611584 4.760169 868.001471 49.834639 0.125745 0.001719 -31.450230 0.693212 -0.875039 0.665222 28.347032 0.637232 50.557612 nan 3.871730 0.000040 719.205239 0.022379
140.503102 2014 163.246831 6.290090 914.436580 221.815060 -2.913222 0.412892 -31.547644 1.734314 -10.667119 2.736052 31.912805 3.737791 14.724307 nan 3.871728 0.000040 719.206078 0.022302
154.503102 2014 63.632498 1.789843 266.152398 26.011907 -1.277577 0.203925 -26.756427 2.570709 12.639696 2.443656 34.582307 2.316602 7.667581 nan 3.871723 0.000040 719.209095 0.022290
168.503102 2014 177.236762 4.657055 848.804459 80.979380 -0.732954 0.157032 -26.758923 2.859084 15.379905 2.574114 40.283136 2.289144 23.723606 nan 3.871720 0.000040 719.210702 0.022360
175.503102 2014 61.984908 1.387591 232.467988 15.407533 -1.038060 0.182177 -38.458115 2.856009 6.616286 2.516987 41.803074 2.177965 17.330304 nan 3.871716 0.000040 719.212904 0.022414
182.503102 2014 49.255775 1.341259 247.611106 18.158906 -1.844155 0.245673 -40.780779 4.429439 0.447255 3.366211 47.323275 2.302984 29.484447 nan 3.871716 0.000040 719.212933 0.022446
189.503102 2014 33.393931 1.080533 171.456512 13.200279 -1.731426 0.218653 -39.049695 3.833251 -5.491864 3.403009 49.749257 2.972766 18.715954 nan 3.871717 0.000040 719.212030 0.022514
203.503102 2014 7.949492 0.385299 76.069786 4.759335 0.227194 0.007435 -14.262847 0.953516 2.239059 0.873500 45.450760 0.793485 12.621443 nan 3.871716 0.000041 719.213010 0.022771
210.503102 2014 44.315776 1.696243 206.641331 25.957983 -1.740957 0.217191 -48.365992 4.188508 15.043726 3.419778 55.046835 2.651048 36.403191 nan 3.871719 0.000041 719.211155 0.022850
231.503102 2014 146.081012 3.575548 791.845433 46.096700 -0.943561 0.179950 -39.778435 4.073828 18.739528 3.838933 53.905476 3.604039 24.775590 nan 3.871726 0.000042 719.207163 0.023382
245.503102 2014 759.186277 13.279519 2194.918801 108.829776 0.130314 0.002748 -41.117026 1.220933 5.556690 1.261631 51.183301 1.302330 73.861895 nan 3.871739 0.000043 719.200304 0.023848
259.503102 2014 464.854492 10.954721 1970.279145 189.383680 -0.610637 0.203590 -40.402315 1.063970 -8.545539 3.046848 44.169482 5.029726 52.016580 nan 3.871743 0.000044 719.198312 0.024507
266.503102 2014 673.569900 13.816487 2188.820442 153.152018 0.103030 0.017940 -43.322310 2.048501 -4.102001 3.161390 45.987507 4.274279 59.135518 nan 3.871749 0.000045 719.194932 0.024865
273.503102 2014 687.408338 11.339258 2115.939048 54.563290 0.127237 0.002534 -40.916284 0.631555 -1.409982 0.962314 44.690351 1.293073 68.103799 nan 3.871753 0.000045 719.192617 0.025264
280.503102 2014 412.409481 7.320863 1237.658181 69.187843 0.121526 0.002770 -38.937775 0.489903 -2.735865 0.871731 40.142278 1.253560 63.301045 nan 3.871754 0.000046 719.192282 0.025546
287.503102 2014 613.267605 15.264567 1774.569322 270.441220 0.129038 0.002749 -40.030594 0.501341 -2.789092 0.835541 42.235912 1.169742 63.850339 nan 3.871753 0.000047 719.193004 0.025914
294.503102 2014 989.138423 18.455226 2897.055262 162.294117 0.139139 0.009655 -38.709079 0.381762 -4.658535 1.379080 38.950301 2.376397 58.996597 nan 3.871753 0.000047 719.193153 0.026258
301.503102 2014 624.761073 10.592847 1873.213152 64.184569 0.125025 0.002204 -34.781372 0.449609 -2.682831 0.707513 34.633734 0.965417 56.664551 nan 3.871756 0.000048 719.191434 0.026909
308.503102 2014 731.196263 16.803787 2159.616204 279.416646 0.147916 0.016546 -32.108081 0.635328 -5.532891 2.114340 30.808678 3.593353 44.405514 nan 3.871750 0.000049 719.194673 0.027206
315.503102 2014 604.414298 14.056350 1775.901869 213.999259 0.124277 0.002841 -32.178155 0.727096 -0.391981 0.812473 32.220970 0.897851 50.968792 nan 3.871748 0.000050 719.196009 0.027667
322.503102 2014 784.841788 13.261556 2348.806529 84.741534 0.129940 0.018557 -28.798029 2.829458 1.870474 2.881454 33.296176 2.933449 42.520145 nan 3.871746 0.000050 719.197452 0.028062
329.503102 2014 304.200780 5.343103 904.197792 54.989025 0.123208 0.002080 -27.355896 0.888947 3.552771 0.799262 33.490060 0.709577 47.304561 nan 3.871745 0.000051 719.198063 0.028522
336.503102 2014 344.445810 6.277863 1017.038973 80.130386 0.142420 0.014891 -25.669433 2.427978 8.213532 1.721353 37.417109 1.014729 42.202854 nan 3.871741 0.000052 719.200188 0.029075
343.503102 2014 1171.485380 19.459798 3323.319048 112.169671 0.160506 0.016288 -32.622634 2.643541 10.780955 1.850233 40.637536 1.056926 44.731050 nan 3.871737 0.000053 719.202971 0.029509
350.522547 2014 779.754182 9.014161 1928.421545 73.078544 0.128324 0.002106 -24.826186 1.503256 10.031191 1.449088 41.686959 1.394921 49.791965 nan 3.873397 0.000052 718.278409 0.028999
357.503102 2014 692.623511 13.812614 2104.948843 159.336968 0.121320 0.003810 -28.707579 1.749754 12.325747 1.354504 45.445590 0.959253 48.984714 nan 3.871736 0.000055 719.203485 0.030732
6.503102 2015 1180.461587 26.367506 4659.509735 582.497733 0.122246 0.003883 -34.451264 1.689701 14.955830 1.353508 51.496693 1.017315 54.252820 nan 3.871732 0.000057 719.206320 0.031608
13.503102 2015 269.434691 4.506914 656.613323 38.858940 0.132176 0.002411 -33.816555 1.587608 14.555478 1.238378 54.937341 0.889148 61.713468 nan 3.871735 0.000057 719.204709 0.032010
20.503102 2015 143.812072 2.728365 496.883676 42.449891 -0.185839 0.104308 -41.796584 4.082496 8.695551 4.651151 52.148675 5.219805 45.092952 nan 3.871736 0.000058 719.203889 0.032185
27.503102 2015 305.817424 5.513140 998.937747 48.507426 0.106863 0.012668 -32.618711 2.378648 14.268893 1.594519 52.670331 0.810389 62.723523 nan 3.871739 0.000058 719.202698 0.032556
34.503102 2015 794.092927 13.242446 2244.129200 87.212065 0.134268 0.003540 -37.978840 1.569076 12.309385 1.243215 55.346694 0.917354 71.563466 nan 3.871740 0.000059 719.202041 0.032982
41.503102 2015 278.069081 5.244849 729.680096 62.287150 0.119468 0.003381 -35.224051 1.422982 11.097574 1.363484 56.100196 1.303986 66.508374 nan 3.871745 0.000059 719.199336 0.033138
48.503102 2015 442.199073 11.037497 1800.280712 198.985495 0.099539 0.006352 -33.068005 3.207285 10.197424 2.608678 55.380203 2.010071 57.001987 nan 3.871752 0.000060 719.195470 0.033492
55.503102 2015 526.669435 12.255668 1500.156527 179.423820 0.123155 0.003669 -37.575761 1.439924 6.790813 1.582439 58.174542 1.724954 70.422337 nan 3.871756 0.000060 719.193499 0.033399
62.503102 2015 1058.765045 20.875478 3506.317994 282.923626 0.109794 0.011593 -38.922178 3.560111 7.338370 2.547896 56.263841 1.535681 67.152337 nan 3.871760 0.000060 719.190989 0.033686
69.503102 2015 554.873881 9.501324 1506.471691 87.529361 0.129450 0.002785 -40.846994 0.675129 1.937321 1.139710 53.943805 1.604291 73.305539 nan 3.871764 0.000061 719.189025 0.033945
76.503102 2015 2113.431812 55.644312 12766.379286 851.184707 0.124181 0.005115 -48.501577 1.083961 -1.679772 2.254302 51.064621 3.424643 68.322759 nan 3.871769 0.000061 719.186575 0.034130
90.503102 2015 800.882052 14.356822 2642.272161 137.548521 0.119417 0.001652 -36.198184 0.360696 -1.957054 0.773275 40.109254 1.185854 63.311059 nan 3.871775 0.000062 719.182969 0.034457
97.503102 2015 582.711211 12.734727 2105.246774 267.100021 0.123121 0.003898 -39.880536 0.986936 -2.834506 1.177578 38.914648 1.368220 62.107881 nan 3.871776 0.000062 719.182703 0.034598
104.503102 2015 1553.391272 36.753184 5763.130524 696.274800 0.112274 0.010577 -37.813476 0.598376 -3.087616 1.262176 36.274192 1.925976 57.834450 nan 3.871776 0.000062 719.182533 0.034665
111.503102 2015 1461.289182 26.784901 4713.735730 334.421433 0.092257 0.016000 -40.072456 0.511493 -8.675664 2.566004 35.727498 4.620514 50.195929 nan 3.871777 0.000062 719.182217 0.034689
118.503102 2015 521.324473 9.345982 1701.454268 79.424637 0.117307 0.003059 -37.349267 0.897783 -0.817277 0.851264 33.614605 0.804745 52.141892 nan 3.871774 0.000062 719.183690 0.034722
125.503102 2015 466.562814 9.154111 1341.654840 128.043965 0.127910 0.002130 -33.861346 0.726027 0.323268 0.695198 31.826565 0.664369 53.487099 nan 3.871770 0.000062 719.185762 0.034702
132.503102 2015 1143.229392 24.464719 4223.253375 359.440643 0.125185 0.010955 -37.177966 1.916503 1.630962 2.280761 34.973525 2.645019 45.209376 nan 3.871767 0.000062 719.187519 0.034696
139.503102 2015 674.530104 12.548248 2065.960348 172.700154 0.132879 0.002073 -28.416072 0.799930 4.074320 0.753972 35.521280 0.708013 51.892572 nan 3.871764 0.000062 719.189067 0.034689
146.503102 2015 148.175591 2.326323 370.486413 16.742589 0.100447 0.004241 -23.115809 1.248804 7.132540 1.150520 36.337599 1.052236 40.101916 nan 3.871760 0.000062 719.191700 0.034726
153.503102 2015 117.617555 1.334912 223.329723 7.329702 0.070090 0.009882 -22.701633 2.320774 9.866089 2.093942 36.875759 1.867110 27.510720 nan 3.872653 0.000065 718.694415 0.036074
160.503102 2015 857.287310 16.434934 2812.957009 125.679142 0.077793 0.030391 -24.858179 2.440896 9.994398 2.318176 43.706385 2.195457 43.849875 nan 3.871752 0.000062 719.196106 0.034758
174.502084 2015 1907.868313 45.710394 10291.895589 1030.771312 0.119372 0.014125 -34.888201 2.343226 12.737082 1.829431 51.685301 1.315637 53.909903 nan 3.871748 0.000063 719.198442 0.034897
181.502084 2015 1136.816401 19.889553 3917.129481 154.638155 0.137064 0.002638 -25.119944 1.518292 14.090879 1.308457 53.552405 1.098623 59.890682 nan 3.871746 0.000063 719.199368 0.034956
188.502084 2015 754.138022 16.043547 2030.663148 260.176654 0.127855 0.003517 -23.830891 1.519834 15.505820 1.328075 55.834421 1.136317 59.257380 nan 3.871747 0.000063 719.198611 0.035026
195.502084 2015 1106.792968 23.016939 3137.007969 419.923705 0.136807 0.003217 -28.741689 1.625800 15.129138 1.339108 59.014307 1.052416 66.216464 nan 3.871749 0.000063 719.197570 0.035120
202.502084 2015 797.661926 19.699287 2173.665932 299.718832 0.124562 0.003173 -29.988000 1.761702 15.537515 1.407797 57.673998 1.053892 64.628438 nan 3.871751 0.000063 719.196826 0.035240
209.500695 2015 903.779589 8.058926 1398.100643 79.654738 0.136993 0.004686 -35.011457 2.538890 13.702054 2.033820 58.339807 1.528751 72.488280 nan 3.874485 0.000060 717.674501 0.033461
216.502084 2015 491.974979 10.618506 1280.478912 133.901358 0.139771 0.003660 -35.110378 1.826389 12.980605 1.450974 59.218077 1.075560 76.532694 nan 3.871760 0.000064 719.191757 0.035391
223.502084 2015 597.073754 11.525916 1907.142787 126.361327 0.140361 0.010443 -40.214643 2.814037 12.830721 2.032376 56.730349 1.250714 72.206188 nan 3.871766 0.000064 719.188484 0.035553
230.502084 2015 2845.651385 59.290163 10638.256236 985.666535 0.135212 0.003779 -39.787549 1.442567 10.003894 1.312514 57.355451 1.182462 77.297880 nan 3.871771 0.000064 719.185801 0.035753
237.502084 2015 1931.982339 47.316310 8577.952138 990.701371 0.111927 0.010777 -42.300928 2.288222 7.947307 1.974927 55.347988 1.661632 68.670402 nan 3.871776 0.000065 719.183246 0.035953
244.502084 2015 1416.284627 28.519943 5105.611257 467.009662 0.101902 0.015655 -41.079032 4.138060 9.343732 2.760701 54.725403 1.383342 69.131303 nan 3.871782 0.000065 719.179949 0.036179
251.502084 2015 2647.141109 64.724431 12290.714120 1405.703266 0.135082 0.014349 -57.396516 1.682034 -1.739049 3.521675 50.291867 5.361316 63.073222 nan 3.871787 0.000066 719.176941 0.036505
258.502084 2015 1769.934577 31.272817 5734.017706 357.713772 0.144206 0.016154 -43.409482 3.877391 2.565606 3.409374 51.038243 2.941357 68.509666 nan 3.871791 0.000066 719.175303 0.037038
265.502084 2015 1287.219817 25.803371 4463.499790 472.982826 0.145275 0.009863 -46.583186 1.009579 -1.235814 1.970910 47.868927 2.932241 72.578533 nan 3.871792 0.000067 719.174313 0.037164
272.502084 2015 452.233152 7.198341 1314.352825 56.113313 0.133894 0.009400 nan nan nan nan nan nan nan nan nan nan nan nan
279.502084 2015 2692.712853 61.567542 9525.409780 1068.309108 0.116789 0.015927 -40.011031 2.930216 -0.073362 2.713111 42.626461 2.496005 59.467941 nan 3.871796 0.000068 719.172633 0.037923
286.502084 2015 3180.045319 60.357900 11516.261651 577.795994 0.169604 0.019036 -37.869893 0.547276 -7.005748 2.768049 38.950477 4.988821 52.993122 nan 3.871794 0.000069 719.173828 0.038289
293.502084 2015 1227.354799 25.043225 4357.528711 420.197369 0.131026 0.013247 -38.459073 0.821561 -3.919429 2.166970 36.427338 3.512378 56.450552 nan 3.871791 0.000069 719.175498 0.038709
300.502084 2015 355.369950 6.520172 1200.697449 79.317829 0.130292 0.014540 -33.191860 1.048705 -3.039676 2.121302 33.996851 3.193900 46.107459 nan 3.871789 0.000070 719.176968 0.039018
307.502084 2015 1659.605581 38.737520 7077.155138 676.528736 0.156190 0.016558 -36.008732 3.885663 4.548467 2.489702 36.772478 1.093741 46.733344 nan 3.871785 0.000071 719.179138 0.039466
314.502084 2015 3065.467434 57.608485 10446.476617 424.338361 0.123884 0.021876 -36.003893 4.117243 4.256977 3.791360 36.897753 3.465477 39.074305 nan 3.871780 0.000072 719.182412 0.039927
321.502084 2015 1602.112824 31.444826 5836.942679 320.490493 0.155284 0.016782 -27.336384 3.201367 8.029332 2.005740 36.835990 0.810114 43.677023 nan 3.871774 0.000073 719.185539 0.040421
328.502084 2015 555.677897 11.377574 2379.195946 65.236272 0.103974 0.003333 -23.732828 1.185932 7.428216 1.003346 34.043315 0.820759 41.929313 nan 3.871771 0.000073 719.187781 0.040903
335.502084 2015 508.315349 8.851454 1510.978566 69.478727 0.123636 0.004876 -30.093425 1.463586 8.908611 1.336815 40.752634 1.210043 48.622490 nan 3.871767 0.000074 719.190055 0.041438
342.502084 2015 884.616546 13.559028 2381.829531 68.208710 0.158698 0.012527 -33.168083 2.216871 12.075579 1.668764 46.106491 1.120657 52.366214 nan 3.871763 0.000075 719.192553 0.041847
349.502084 2015 677.256922 12.565408 1739.204123 141.218279 0.147465 0.009135 -37.007128 1.963844 12.896057 1.539228 48.612805 1.114612 54.716134 nan 3.871760 0.000076 719.194397 0.042362
356.502084 2015 1942.636157 43.165982 8401.662031 697.353052 0.132024 0.009734 -29.709626 1.944853 15.678889 1.496170 50.270477 1.047487 52.452957 nan 3.871759 0.000076 719.195109 0.042622
5.502084 2016 1489.084222 27.581008 4866.353101 353.650682 0.134501 0.007919 -31.315099 2.315322 16.030635 1.593117 55.670678 0.870912 64.103637 nan 3.871762 0.000079 719.193901 0.043771
12.502084 2016 624.316874 9.433704 1609.588443 69.882562 0.146807 0.009641 -32.946777 2.008524 16.190204 1.383273 57.747659 0.758021 67.131469 nan 3.871764 0.000079 719.192648 0.044194
19.502084 2016 866.920402 22.486766 3544.270468 569.806973 0.116262 0.005323 -31.011444 2.030298 16.569649 1.688692 56.479940 1.347086 62.024597 nan 3.871769 0.000080 719.189993 0.044566
26.502084 2016 669.584816 11.276314 1732.767004 104.238673 0.129032 0.004611 -35.747971 1.655795 13.777374 1.446446 58.597537 1.237098 70.517557 nan 3.871776 0.000081 719.186653 0.044958
33.502084 2016 251.844058 4.442253 829.621469 39.346463 0.111667 0.005725 -33.479267 3.024979 14.295665 2.339893 60.603462 1.654808 64.047368 nan 3.871781 0.000081 719.183729 0.045298
40.502084 2016 515.896459 11.170044 1488.904166 129.967557 0.116278 0.006564 -33.181045 2.444310 10.766307 2.666325 61.492869 2.888340 67.807421 nan 3.871787 0.000082 719.180366 0.045674
47.502084 2016 1560.088707 36.171732 7331.924585 449.872388 0.115350 0.012209 -41.297800 2.699408 11.771996 2.148163 62.513350 1.596919 74.500792 nan 3.871795 0.000082 719.176310 0.045933
54.502084 2016 1417.431152 27.137161 4652.995314 244.878038 0.116690 0.010356 -39.034620 2.299654 6.783098 1.932672 57.936620 1.565690 72.561007 nan 3.871802 0.000083 719.172686 0.046098
61.502084 2016 589.110321 12.019395 2174.410099 105.117968 0.105268 0.002665 -37.545198 0.973523 4.291751 1.196900 48.517013 1.420276 62.957269 nan 3.871807 0.000083 719.169681 0.046493
75.502084 2016 1190.266485 22.318472 3783.530536 215.372094 0.138649 0.008718 -43.179687 2.763215 1.405466 2.162446 50.599129 1.561678 70.398269 nan 3.871816 0.000084 719.164937 0.046921
82.502084 2016 900.517198 17.401104 2796.641372 187.176841 0.127803 0.001689 -40.216986 0.429036 -0.608370 0.759681 41.892407 1.090326 70.215333 nan 3.871818 0.000084 719.163717 0.047016
89.502084 2016 376.781746 7.033020 900.017619 74.149288 0.136550 0.003039 nan nan nan nan nan nan nan nan nan nan nan nan
96.502084 2016 922.682684 18.246462 2547.785086 244.584031 0.129450 0.002079 -40.446239 0.721834 -0.947023 0.862791 39.499363 1.003747 65.569975 nan 3.871818 0.000085 719.163819 0.047265
103.502084 2016 1088.318074 24.529849 4528.171184 298.847409 0.129861 0.002393 -39.592272 0.686830 -0.406733 0.798848 39.966695 0.910867 62.652933 nan 3.871815 0.000085 719.165653 0.047247
110.502084 2016 961.910896 18.223756 3018.990889 195.501292 0.129833 0.002064 -39.454204 0.864782 0.311473 0.783009 37.393370 0.701236 59.763087 nan 3.871812 0.000085 719.167283 0.047309
117.502084 2016 356.655627 4.710449 770.634398 22.700941 0.155142 0.013388 -33.282421 3.133240 3.854468 2.014044 35.757717 0.894847 54.878478 nan 3.871807 0.000085 719.170363 0.047309
124.502084 2016 1306.598933 24.763733 3950.069536 162.676121 0.135469 0.002206 -32.189931 0.855680 3.377385 0.679196 37.061147 0.502713 56.617349 nan 3.871801 0.000085 719.173681 0.047247
131.502084 2016 3009.266002 59.539900 11335.875929 497.734217 0.125264 0.009336 -38.339622 1.297672 1.896301 2.229686 40.550853 3.161700 52.061602 nan 3.871796 0.000085 719.176435 0.047287
138.502084 2016 1455.847277 26.930343 5184.283265 202.807754 0.132485 0.002149 -26.169578 1.003703 6.877788 0.857357 40.567666 0.711010 53.175613 nan 3.871791 0.000085 719.179200 0.047335
145.502084 2016 650.386688 11.214644 2084.112355 91.430449 0.122941 0.008710 -27.948326 1.898304 9.793454 1.356340 43.027972 0.814376 50.882172 nan 3.871785 0.000085 719.182417 0.047350
152.502084 2016 479.330654 6.925278 1047.725626 45.188838 0.139380 0.002056 -26.225342 1.276829 10.769373 1.147939 46.037677 1.019049 55.852277 nan 3.871781 0.000085 719.184803 0.047403
159.502084 2016 948.796597 21.839909 2753.942800 280.435422 0.134234 0.003172 -23.540590 1.461493 12.928824 1.274205 49.574017 1.086918 55.238842 nan 3.871779 0.000085 719.185742 0.047503
166.502084 2016 555.744959 9.351618 1367.279798 83.993163 0.131822 0.004735 -38.492572 1.627429 12.220659 2.328338 53.739716 3.029248 56.396679 nan 3.871778 0.000085 719.186303 0.047590
173.502084 2016 307.039502 4.678507 760.933153 47.675893 0.136344 0.002790 -26.788263 1.564200 15.573842 1.368250 56.857505 1.172299 61.229373 nan 3.871778 0.000085 719.186546 0.047619
180.502084 2016 277.970292 4.563641 859.744788 39.886391 0.139945 0.002899 -26.352424 1.507126 15.765774 1.315284 58.424451 1.123442 65.643894 nan 3.871780 0.000086 719.185489 0.047659
187.502084 2016 357.409249 9.613752 1219.719093 156.620071 0.125333 0.006601 -32.062218 2.591487 17.226819 2.432367 61.317846 2.273247 61.638240 nan 3.871785 0.000086 719.182828 0.047759
194.502084 2016 818.719312 12.617598 2269.608072 79.797294 0.142364 0.003355 -37.675720 1.674536 15.516629 1.470430 65.916806 1.266323 73.814687 nan 3.871790 0.000086 719.179839 0.047825
201.502084 2016 410.729658 6.563367 1146.973458 45.409250 0.128832 0.004827 -31.139657 1.948896 15.692896 1.685293 58.987219 1.421690 70.391184 nan 3.871796 0.000086 719.176838 0.047914
208.502084 2016 790.485421 14.917014 2453.788644 152.722977 0.143832 0.009999 -37.911430 2.626853 14.924411 1.978287 61.329840 1.329721 74.426594 nan 3.871703 0.000087 719.228533 0.048294
215.502084 2016 1015.880312 20.752996 3096.979989 259.606374 0.143939 0.009746 -42.059645 2.638696 13.507453 1.904025 60.913704 1.169354 76.568513 nan 3.871712 0.000087 719.223741 0.048615
222.502084 2016 1314.489800 20.357911 3486.099329 82.281804 0.139791 0.013280 -40.883860 3.524525 12.827832 2.373807 59.918257 1.223088 77.791306 nan 3.871719 0.000087 719.220020 0.048665
229.502084 2016 623.932297 10.202387 1648.306192 90.237910 0.140359 0.009738 -39.605938 2.659195 10.050449 2.047396 59.818870 1.435597 76.629367 nan 3.871725 0.000088 719.216791 0.048908
236.502084 2016 728.535866 15.274183 2110.264534 203.331507 0.125987 0.004228 -43.652465 1.484842 6.588771 1.566822 55.749942 1.648803 75.875261 nan 3.871730 0.000088 719.213686 0.049044
243.502084 2016 1297.796437 34.111601 4907.937487 698.427918 0.126067 0.014504 -41.400587 3.912187 6.352031 3.459372 57.135299 3.006556 70.624029 nan 3.871737 0.000089 719.210068 0.049417
257.502084 2016 1241.702245 24.686966 4379.446161 229.795383 0.124613 0.002678 -40.144538 0.650740 1.030325 1.009421 50.316768 1.368103 72.418670 nan 3.871743 0.000090 719.207247 0.050130
264.502084 2016 499.642513 8.350685 1265.665606 81.743045 0.148196 0.019940 -45.669537 1.150473 -6.009315 3.323187 48.624546 5.495900 61.514699 nan 3.871743 0.000090 719.207191 0.050255
271.502084 2016 2650.216061 58.167737 10004.228047 750.393346 0.161711 0.020658 -42.566314 4.814805 -1.543978 4.901211 50.019084 4.987617 53.353508 nan 3.871744 0.000091 719.206987 0.050782
278.502084 2016 2790.263072 52.309239 9267.599226 348.854574 0.133926 0.020324 -51.477534 3.524289 -6.893959 4.552998 51.619058 5.581707 53.709178 nan 3.871741 0.000092 719.208692 0.051087
285.502084 2016 1599.512718 34.811392 6459.398787 675.740026 0.136428 0.010142 -39.793561 2.855540 0.695629 1.994677 40.792232 1.133814 60.108701 nan 3.871736 0.000092 719.211701 0.051495
292.502084 2016 1942.701423 30.826766 5236.081125 193.964344 0.188530 0.020344 -40.983899 4.562453 0.838975 4.590152 41.839673 4.617851 52.824548 nan 3.871731 0.000093 719.214406 0.051894
299.502084 2016 2836.302347 61.028353 9706.814644 918.685170 0.123247 0.024376 -37.494007 4.611612 8.215911 2.737352 40.280601 0.863092 44.775045 nan 3.871726 0.000094 719.217462 0.052278
306.502084 2016 2460.196563 47.063628 8517.305009 449.762783 0.163015 0.016403 -35.404964 3.703986 7.388532 2.212956 38.246493 0.721926 50.190490 nan 3.871720 0.000095 719.221328 0.052787
313.502084 2016 943.245750 17.659412 3251.666872 158.745963 0.132078 0.009750 -31.911933 2.027919 6.350672 1.427316 37.405486 0.826713 50.265062 nan 3.871713 0.000096 719.225514 0.053282
327.502084 2016 683.380255 15.489208 2213.107855 220.366016 0.144473 0.013200 -32.409538 2.071600 11.652434 1.544540 43.437965 1.017480 49.230402 nan 3.871704 0.000098 719.231038 0.054372
334.502084 2016 684.849029 10.314745 1943.623192 51.577956 0.157698 0.012986 -30.401673 2.266337 13.301395 1.645492 46.777709 1.024647 53.863744 nan 3.871700 0.000099 719.233541 0.054909
341.502084 2016 593.829448 10.256119 1795.706087 91.426926 0.114247 0.019046 -33.027438 3.076565 17.575001 2.017067 50.418983 0.957570 47.295584 nan 3.871698 0.000100 719.234780 0.055766
348.502084 2016 657.877218 9.680794 1809.402895 53.632216 0.158198 0.013231 -27.559706 2.067032 16.272149 1.557393 53.226647 1.047754 58.388010 nan 3.871699 0.000101 719.234540 0.056324
355.502084 2016 925.680732 19.843013 3438.600790 291.819807 0.133771 0.013107 -35.345924 2.230231 17.283968 1.556284 54.494291 0.882338 59.124760 nan 3.871699 0.000101 719.234513 0.056392
362.502084 2016 1225.177763 19.456822 3363.725753 93.432977 0.141641 0.003333 -36.088751 1.723093 15.932807 1.309921 58.238940 0.896749 68.359069 nan 3.871702 0.000102 719.233221 0.056828
